Territorio;Anual;Medida;Sexo;Edad;Valor;
Andalucía;2010;Demandantes;Hombres;De 16 a 29 años;117263,58333197;
Andalucía;2010;Demandantes;Hombres;De 30 a 44 años;180485,08333215;
Andalucía;2010;Demandantes;Hombres;De 45 a 64 años;142937,58333255;
Andalucía;2010;Demandantes;Hombres;TOTAL;440686,24999667;
Andalucía;2010;Demandantes;Mujeres;De 16 a 29 años;102757,41666563;
Andalucía;2010;Demandantes;Mujeres;De 30 a 44 años;187997,49999889;
Andalucía;2010;Demandantes;Mujeres;De 45 a 64 años;154019,99999905;
Andalucía;2010;Demandantes;Mujeres;TOTAL;444774,91666357;
Andalucía;2010;Demandantes;Ambos sexos;De 16 a 29 años;220020,9999976;
Andalucía;2010;Demandantes;Ambos sexos;De 30 a 44 años;368482,58333104;
Andalucía;2010;Demandantes;Ambos sexos;De 45 a 64 años;296957,5833316;
Andalucía;2010;Demandantes;Ambos sexos;TOTAL;885461,16666024;
Andalucía;2011;Demandantes;Hombres;De 16 a 29 años;118848,33333254;
Andalucía;2011;Demandantes;Hombres;De 30 a 44 años;184135,33333209;
Andalucía;2011;Demandantes;Hombres;De 45 a 64 años;159981,08333284;
Andalucía;2011;Demandantes;Hombres;TOTAL;462964,74999747;
Andalucía;2011;Demandantes;Mujeres;De 16 a 29 años;111992,08333254;
Andalucía;2011;Demandantes;Mujeres;De 30 a 44 años;196622,74999822;
Andalucía;2011;Demandantes;Mujeres;De 45 a 64 años;168246,08333271;
Andalucía;2011;Demandantes;Mujeres;TOTAL;476860,91666347;
Andalucía;2011;Demandantes;Ambos sexos;De 16 a 29 años;230840,41666508;
Andalucía;2011;Demandantes;Ambos sexos;De 30 a 44 años;380758,08333031;
Andalucía;2011;Demandantes;Ambos sexos;De 45 a 64 años;328227,16666555;
Andalucía;2011;Demandantes;Ambos sexos;TOTAL;939825,66666094;
Andalucía;2012;Demandantes;Hombres;De 16 a 29 años;127031,49999901;
Andalucía;2012;Demandantes;Hombres;De 30 a 44 años;203320,91666602;
Andalucía;2012;Demandantes;Hombres;De 45 a 64 años;188564,99999943;
Andalucía;2012;Demandantes;Hombres;TOTAL;518917,41666446;
Andalucía;2012;Demandantes;Mujeres;De 16 a 29 años;125405,41666596;
Andalucía;2012;Demandantes;Mujeres;De 30 a 44 años;216212,16666578;
Andalucía;2012;Demandantes;Mujeres;De 45 a 64 años;190103,16666645;
Andalucía;2012;Demandantes;Mujeres;TOTAL;531720,74999819;
Andalucía;2012;Demandantes;Ambos sexos;De 16 a 29 años;252436,91666497;
Andalucía;2012;Demandantes;Ambos sexos;De 30 a 44 años;419533,0833318;
Andalucía;2012;Demandantes;Ambos sexos;De 45 a 64 años;378668,16666588;
Andalucía;2012;Demandantes;Ambos sexos;TOTAL;1050638,16666265;
Almería;2010;Demandantes;Hombres;De 16 a 29 años;9927,66666665;
Almería;2010;Demandantes;Hombres;De 30 a 44 años;16958,66666661;
Almería;2010;Demandantes;Hombres;De 45 a 64 años;11980,41666651;
Almería;2010;Demandantes;Hombres;TOTAL;38866,74999977;
Almería;2010;Demandantes;Mujeres;De 16 a 29 años;8311,3333332;
Almería;2010;Demandantes;Mujeres;De 30 a 44 años;14425,41666662;
Almería;2010;Demandantes;Mujeres;De 45 a 64 años;9220,99999981;
Almería;2010;Demandantes;Mujeres;TOTAL;31957,74999963;
Almería;2010;Demandantes;Ambos sexos;De 16 a 29 años;18238,99999985;
Almería;2010;Demandantes;Ambos sexos;De 30 a 44 años;31384,08333323;
Almería;2010;Demandantes;Ambos sexos;De 45 a 64 años;21201,41666632;
Almería;2010;Demandantes;Ambos sexos;TOTAL;70824,4999994;
Almería;2011;Demandantes;Hombres;De 16 a 29 años;9153,08333329;
Almería;2011;Demandantes;Hombres;De 30 a 44 años;16599,41666634;
Almería;2011;Demandantes;Hombres;De 45 a 64 años;13367,24999986;
Almería;2011;Demandantes;Hombres;TOTAL;39119,74999949;
Almería;2011;Demandantes;Mujeres;De 16 a 29 años;8526,24999993;
Almería;2011;Demandantes;Mujeres;De 30 a 44 años;15128,99999977;
Almería;2011;Demandantes;Mujeres;De 45 a 64 años;10596,83333324;
Almería;2011;Demandantes;Mujeres;TOTAL;34252,08333294;
Almería;2011;Demandantes;Ambos sexos;De 16 a 29 años;17679,33333322;
Almería;2011;Demandantes;Ambos sexos;De 30 a 44 años;31728,41666611;
Almería;2011;Demandantes;Ambos sexos;De 45 a 64 años;23964,0833331;
Almería;2011;Demandantes;Ambos sexos;TOTAL;73371,83333243;
Almería;2012;Demandantes;Hombres;De 16 a 29 años;9069,58333319;
Almería;2012;Demandantes;Hombres;De 30 a 44 años;17062,99999996;
Almería;2012;Demandantes;Hombres;De 45 a 64 años;15364,58333316;
Almería;2012;Demandantes;Hombres;TOTAL;41497,16666631;
Almería;2012;Demandantes;Mujeres;De 16 a 29 años;9305,49999992;
Almería;2012;Demandantes;Mujeres;De 30 a 44 años;16609,49999982;
Almería;2012;Demandantes;Mujeres;De 45 a 64 años;12497,1666666;
Almería;2012;Demandantes;Mujeres;TOTAL;38412,16666634;
Almería;2012;Demandantes;Ambos sexos;De 16 a 29 años;18375,08333311;
Almería;2012;Demandantes;Ambos sexos;De 30 a 44 años;33672,49999978;
Almería;2012;Demandantes;Ambos sexos;De 45 a 64 años;27861,74999976;
Almería;2012;Demandantes;Ambos sexos;TOTAL;79909,33333265;
Abla;2010;Demandantes;Hombres;De 16 a 29 años;14,16666665;
Abla;2010;Demandantes;Hombres;De 30 a 44 años;18,58333332;
Abla;2010;Demandantes;Hombres;De 45 a 64 años;24,83333332;
Abla;2010;Demandantes;Hombres;TOTAL;57,58333329;
Abla;2010;Demandantes;Mujeres;De 16 a 29 años;9,99999999;
Abla;2010;Demandantes;Mujeres;De 30 a 44 años;15,83333333;
Abla;2010;Demandantes;Mujeres;De 45 a 64 años;10,83333333;
Abla;2010;Demandantes;Mujeres;TOTAL;36,66666665;
Abla;2010;Demandantes;Ambos sexos;De 16 a 29 años;24,16666664;
Abla;2010;Demandantes;Ambos sexos;De 30 a 44 años;34,41666665;
Abla;2010;Demandantes;Ambos sexos;De 45 a 64 años;35,66666665;
Abla;2010;Demandantes;Ambos sexos;TOTAL;94,24999994;
Abla;2011;Demandantes;Hombres;De 16 a 29 años;22,58333333;
Abla;2011;Demandantes;Hombres;De 30 a 44 años;19,16666666;
Abla;2011;Demandantes;Hombres;De 45 a 64 años;26,16666666;
Abla;2011;Demandantes;Hombres;TOTAL;67,91666665;
Abla;2011;Demandantes;Mujeres;De 16 a 29 años;9,75000001;
Abla;2011;Demandantes;Mujeres;De 30 a 44 años;12,91666665;
Abla;2011;Demandantes;Mujeres;De 45 a 64 años;9,08333334;
Abla;2011;Demandantes;Mujeres;TOTAL;31,75;
Abla;2011;Demandantes;Ambos sexos;De 16 a 29 años;32,33333334;
Abla;2011;Demandantes;Ambos sexos;De 30 a 44 años;32,08333331;
Abla;2011;Demandantes;Ambos sexos;De 45 a 64 años;35,25;
Abla;2011;Demandantes;Ambos sexos;TOTAL;99,66666665;
Abla;2012;Demandantes;Hombres;De 16 a 29 años;15,83333334;
Abla;2012;Demandantes;Hombres;De 30 a 44 años;22,50000001;
Abla;2012;Demandantes;Hombres;De 45 a 64 años;32,41666666;
Abla;2012;Demandantes;Hombres;TOTAL;70,75000001;
Abla;2012;Demandantes;Mujeres;De 16 a 29 años;13,00000001;
Abla;2012;Demandantes;Mujeres;De 30 a 44 años;19,16666665;
Abla;2012;Demandantes;Mujeres;De 45 a 64 años;10,66666666;
Abla;2012;Demandantes;Mujeres;TOTAL;42,83333332;
Abla;2012;Demandantes;Ambos sexos;De 16 a 29 años;28,83333335;
Abla;2012;Demandantes;Ambos sexos;De 30 a 44 años;41,66666666;
Abla;2012;Demandantes;Ambos sexos;De 45 a 64 años;43,08333332;
Abla;2012;Demandantes;Ambos sexos;TOTAL;113,58333333;
Abrucena;2010;Demandantes;Hombres;De 16 a 29 años;8,25;
Abrucena;2010;Demandantes;Hombres;De 30 a 44 años;21,91666667;
Abrucena;2010;Demandantes;Hombres;De 45 a 64 años;22,66666667;
Abrucena;2010;Demandantes;Hombres;TOTAL;52,83333334;
Abrucena;2010;Demandantes;Mujeres;De 16 a 29 años;10,00000001;
Abrucena;2010;Demandantes;Mujeres;De 30 a 44 años;8,58333333;
Abrucena;2010;Demandantes;Mujeres;De 45 a 64 años;6,49999999;
Abrucena;2010;Demandantes;Mujeres;TOTAL;25,08333333;
Abrucena;2010;Demandantes;Ambos sexos;De 16 a 29 años;18,25000001;
Abrucena;2010;Demandantes;Ambos sexos;De 30 a 44 años;30,5;
Abrucena;2010;Demandantes;Ambos sexos;De 45 a 64 años;29,16666666;
Abrucena;2010;Demandantes;Ambos sexos;TOTAL;77,91666667;
Abrucena;2011;Demandantes;Hombres;De 16 a 29 años;7,91666667;
Abrucena;2011;Demandantes;Hombres;De 30 a 44 años;16,5;
Abrucena;2011;Demandantes;Hombres;De 45 a 64 años;22,33333333;
Abrucena;2011;Demandantes;Hombres;TOTAL;46,75;
Abrucena;2011;Demandantes;Mujeres;De 16 a 29 años;6,41666665;
Abrucena;2011;Demandantes;Mujeres;De 30 a 44 años;11,83333334;
Abrucena;2011;Demandantes;Mujeres;De 45 a 64 años;8,16666666;
Abrucena;2011;Demandantes;Mujeres;TOTAL;26,41666665;
Abrucena;2011;Demandantes;Ambos sexos;De 16 a 29 años;14,33333332;
Abrucena;2011;Demandantes;Ambos sexos;De 30 a 44 años;28,33333334;
Abrucena;2011;Demandantes;Ambos sexos;De 45 a 64 años;30,49999999;
Abrucena;2011;Demandantes;Ambos sexos;TOTAL;73,16666665;
Abrucena;2012;Demandantes;Hombres;De 16 a 29 años;10,25;
Abrucena;2012;Demandantes;Hombres;De 30 a 44 años;17,41666667;
Abrucena;2012;Demandantes;Hombres;De 45 a 64 años;25,08333333;
Abrucena;2012;Demandantes;Hombres;TOTAL;52,75;
Abrucena;2012;Demandantes;Mujeres;De 16 a 29 años;8,16666665;
Abrucena;2012;Demandantes;Mujeres;De 30 a 44 años;14,66666666;
Abrucena;2012;Demandantes;Mujeres;De 45 a 64 años;9,25;
Abrucena;2012;Demandantes;Mujeres;TOTAL;32,08333331;
Abrucena;2012;Demandantes;Ambos sexos;De 16 a 29 años;18,41666665;
Abrucena;2012;Demandantes;Ambos sexos;De 30 a 44 años;32,08333333;
Abrucena;2012;Demandantes;Ambos sexos;De 45 a 64 años;34,33333333;
Abrucena;2012;Demandantes;Ambos sexos;TOTAL;84,83333331;
Adra;2010;Demandantes;Hombres;De 16 a 29 años;485,50000001;
Adra;2010;Demandantes;Hombres;De 30 a 44 años;690,41666666;
Adra;2010;Demandantes;Hombres;De 45 a 64 años;457,50000001;
Adra;2010;Demandantes;Hombres;TOTAL;1633,41666668;
Adra;2010;Demandantes;Mujeres;De 16 a 29 años;340,58333333;
Adra;2010;Demandantes;Mujeres;De 30 a 44 años;533,99999999;
Adra;2010;Demandantes;Mujeres;De 45 a 64 años;443,33333334;
Adra;2010;Demandantes;Mujeres;TOTAL;1317,91666666;
Adra;2010;Demandantes;Ambos sexos;De 16 a 29 años;826,08333334;
Adra;2010;Demandantes;Ambos sexos;De 30 a 44 años;1224,41666665;
Adra;2010;Demandantes;Ambos sexos;De 45 a 64 años;900,83333335;
Adra;2010;Demandantes;Ambos sexos;TOTAL;2951,33333334;
Adra;2011;Demandantes;Hombres;De 16 a 29 años;425,41666665;
Adra;2011;Demandantes;Hombres;De 30 a 44 años;672,58333333;
Adra;2011;Demandantes;Hombres;De 45 a 64 años;520,99999999;
Adra;2011;Demandantes;Hombres;TOTAL;1618,99999997;
Adra;2011;Demandantes;Mujeres;De 16 a 29 años;342,75000003;
Adra;2011;Demandantes;Mujeres;De 30 a 44 años;579,25;
Adra;2011;Demandantes;Mujeres;De 45 a 64 años;495,58333332;
Adra;2011;Demandantes;Mujeres;TOTAL;1417,58333335;
Adra;2011;Demandantes;Ambos sexos;De 16 a 29 años;768,16666668;
Adra;2011;Demandantes;Ambos sexos;De 30 a 44 años;1251,83333333;
Adra;2011;Demandantes;Ambos sexos;De 45 a 64 años;1016,58333331;
Adra;2011;Demandantes;Ambos sexos;TOTAL;3036,58333332;
Adra;2012;Demandantes;Hombres;De 16 a 29 años;372,75000001;
Adra;2012;Demandantes;Hombres;De 30 a 44 años;608,99999998;
Adra;2012;Demandantes;Hombres;De 45 a 64 años;572,16666666;
Adra;2012;Demandantes;Hombres;TOTAL;1553,91666665;
Adra;2012;Demandantes;Mujeres;De 16 a 29 años;370,08333335;
Adra;2012;Demandantes;Mujeres;De 30 a 44 años;646,00000001;
Adra;2012;Demandantes;Mujeres;De 45 a 64 años;562,33333332;
Adra;2012;Demandantes;Mujeres;TOTAL;1578,41666668;
Adra;2012;Demandantes;Ambos sexos;De 16 a 29 años;742,83333336;
Adra;2012;Demandantes;Ambos sexos;De 30 a 44 años;1254,99999999;
Adra;2012;Demandantes;Ambos sexos;De 45 a 64 años;1134,49999998;
Adra;2012;Demandantes;Ambos sexos;TOTAL;3132,33333333;
Albanchez;2010;Demandantes;Hombres;De 16 a 29 años;2,91666667;
Albanchez;2010;Demandantes;Hombres;De 30 a 44 años;8,58333334;
Albanchez;2010;Demandantes;Hombres;De 45 a 64 años;3,16666667;
Albanchez;2010;Demandantes;Hombres;TOTAL;14,66666668;
Albanchez;2010;Demandantes;Mujeres;De 16 a 29 años;1,08333334;
Albanchez;2010;Demandantes;Mujeres;De 30 a 44 años;4,16666667;
Albanchez;2010;Demandantes;Mujeres;De 45 a 64 años;2,58333334;
Albanchez;2010;Demandantes;Mujeres;TOTAL;7,83333335;
Albanchez;2010;Demandantes;Ambos sexos;De 16 a 29 años;4,00000001;
Albanchez;2010;Demandantes;Ambos sexos;De 30 a 44 años;12,75000001;
Albanchez;2010;Demandantes;Ambos sexos;De 45 a 64 años;5,75000001;
Albanchez;2010;Demandantes;Ambos sexos;TOTAL;22,50000003;
Albanchez;2011;Demandantes;Hombres;De 16 a 29 años;5,16666667;
Albanchez;2011;Demandantes;Hombres;De 30 a 44 años;11,08333333;
Albanchez;2011;Demandantes;Hombres;De 45 a 64 años;5,49999999;
Albanchez;2011;Demandantes;Hombres;TOTAL;21,74999999;
Albanchez;2011;Demandantes;Mujeres;De 16 a 29 años;3,25000001;
Albanchez;2011;Demandantes;Mujeres;De 30 a 44 años;8,16666666;
Albanchez;2011;Demandantes;Mujeres;De 45 a 64 años;2,5;
Albanchez;2011;Demandantes;Mujeres;TOTAL;13,91666667;
Albanchez;2011;Demandantes;Ambos sexos;De 16 a 29 años;8,41666668;
Albanchez;2011;Demandantes;Ambos sexos;De 30 a 44 años;19,24999999;
Albanchez;2011;Demandantes;Ambos sexos;De 45 a 64 años;7,99999999;
Albanchez;2011;Demandantes;Ambos sexos;TOTAL;35,66666666;
Albanchez;2012;Demandantes;Hombres;De 16 a 29 años;6,16666666;
Albanchez;2012;Demandantes;Hombres;De 30 a 44 años;9,25;
Albanchez;2012;Demandantes;Hombres;De 45 a 64 años;6,5;
Albanchez;2012;Demandantes;Hombres;TOTAL;21,91666666;
Albanchez;2012;Demandantes;Mujeres;De 16 a 29 años;5,41666668;
Albanchez;2012;Demandantes;Mujeres;De 30 a 44 años;12,91666666;
Albanchez;2012;Demandantes;Mujeres;De 45 a 64 años;2,5;
Albanchez;2012;Demandantes;Mujeres;TOTAL;20,83333334;
Albanchez;2012;Demandantes;Ambos sexos;De 16 a 29 años;11,58333334;
Albanchez;2012;Demandantes;Ambos sexos;De 30 a 44 años;22,16666666;
Albanchez;2012;Demandantes;Ambos sexos;De 45 a 64 años;9;
Albanchez;2012;Demandantes;Ambos sexos;TOTAL;42,75;
Alboloduy;2010;Demandantes;Hombres;De 16 a 29 años;4,41666667;
Alboloduy;2010;Demandantes;Hombres;De 30 a 44 años;8,58333334;
Alboloduy;2010;Demandantes;Hombres;De 45 a 64 años;7,33333332;
Alboloduy;2010;Demandantes;Hombres;TOTAL;20,33333333;
Alboloduy;2010;Demandantes;Mujeres;De 16 a 29 años;4,25;
Alboloduy;2010;Demandantes;Mujeres;De 30 a 44 años;10,50000001;
Alboloduy;2010;Demandantes;Mujeres;De 45 a 64 años;1,75;
Alboloduy;2010;Demandantes;Mujeres;TOTAL;16,50000001;
Alboloduy;2010;Demandantes;Ambos sexos;De 16 a 29 años;8,66666667;
Alboloduy;2010;Demandantes;Ambos sexos;De 30 a 44 años;19,08333335;
Alboloduy;2010;Demandantes;Ambos sexos;De 45 a 64 años;9,08333332;
Alboloduy;2010;Demandantes;Ambos sexos;TOTAL;36,83333334;
Alboloduy;2011;Demandantes;Hombres;De 16 a 29 años;4,08333334;
Alboloduy;2011;Demandantes;Hombres;De 30 a 44 años;10,41666668;
Alboloduy;2011;Demandantes;Hombres;De 45 a 64 años;7,75;
Alboloduy;2011;Demandantes;Hombres;TOTAL;22,25000002;
Alboloduy;2011;Demandantes;Mujeres;De 16 a 29 años;5,33333334;
Alboloduy;2011;Demandantes;Mujeres;De 30 a 44 años;11,16666667;
Alboloduy;2011;Demandantes;Mujeres;De 45 a 64 años;2,08333333;
Alboloduy;2011;Demandantes;Mujeres;TOTAL;18,58333334;
Alboloduy;2011;Demandantes;Ambos sexos;De 16 a 29 años;9,41666668;
Alboloduy;2011;Demandantes;Ambos sexos;De 30 a 44 años;21,58333335;
Alboloduy;2011;Demandantes;Ambos sexos;De 45 a 64 años;9,83333333;
Alboloduy;2011;Demandantes;Ambos sexos;TOTAL;40,83333336;
Alboloduy;2012;Demandantes;Hombres;De 16 a 29 años;7,08333334;
Alboloduy;2012;Demandantes;Hombres;De 30 a 44 años;11,41666666;
Alboloduy;2012;Demandantes;Hombres;De 45 a 64 años;12,83333334;
Alboloduy;2012;Demandantes;Hombres;TOTAL;31,33333334;
Alboloduy;2012;Demandantes;Mujeres;De 16 a 29 años;4,75;
Alboloduy;2012;Demandantes;Mujeres;De 30 a 44 años;14;
Alboloduy;2012;Demandantes;Mujeres;De 45 a 64 años;3,58333332;
Alboloduy;2012;Demandantes;Mujeres;TOTAL;22,33333332;
Alboloduy;2012;Demandantes;Ambos sexos;De 16 a 29 años;11,83333334;
Alboloduy;2012;Demandantes;Ambos sexos;De 30 a 44 años;25,41666666;
Alboloduy;2012;Demandantes;Ambos sexos;De 45 a 64 años;16,41666666;
Alboloduy;2012;Demandantes;Ambos sexos;TOTAL;53,66666666;
Albox;2010;Demandantes;Hombres;De 16 a 29 años;135,08333333;
Albox;2010;Demandantes;Hombres;De 30 a 44 años;245,24999999;
Albox;2010;Demandantes;Hombres;De 45 a 64 años;195;
Albox;2010;Demandantes;Hombres;TOTAL;575,33333332;
Albox;2010;Demandantes;Mujeres;De 16 a 29 años;93,58333336;
Albox;2010;Demandantes;Mujeres;De 30 a 44 años;153,33333333;
Albox;2010;Demandantes;Mujeres;De 45 a 64 años;78,08333332;
Albox;2010;Demandantes;Mujeres;TOTAL;325,00000001;
Albox;2010;Demandantes;Ambos sexos;De 16 a 29 años;228,66666669;
Albox;2010;Demandantes;Ambos sexos;De 30 a 44 años;398,58333332;
Albox;2010;Demandantes;Ambos sexos;De 45 a 64 años;273,08333332;
Albox;2010;Demandantes;Ambos sexos;TOTAL;900,33333333;
Albox;2011;Demandantes;Hombres;De 16 a 29 años;135,41666666;
Albox;2011;Demandantes;Hombres;De 30 a 44 años;234,5833333;
Albox;2011;Demandantes;Hombres;De 45 a 64 años;186,83333332;
Albox;2011;Demandantes;Hombres;TOTAL;556,83333328;
Albox;2011;Demandantes;Mujeres;De 16 a 29 años;121,91666667;
Albox;2011;Demandantes;Mujeres;De 30 a 44 años;176,66666664;
Albox;2011;Demandantes;Mujeres;De 45 a 64 años;82,58333333;
Albox;2011;Demandantes;Mujeres;TOTAL;381,16666664;
Albox;2011;Demandantes;Ambos sexos;De 16 a 29 años;257,33333333;
Albox;2011;Demandantes;Ambos sexos;De 30 a 44 años;411,24999994;
Albox;2011;Demandantes;Ambos sexos;De 45 a 64 años;269,41666665;
Albox;2011;Demandantes;Ambos sexos;TOTAL;937,99999992;
Albox;2012;Demandantes;Hombres;De 16 a 29 años;120,99999998;
Albox;2012;Demandantes;Hombres;De 30 a 44 años;221,41666666;
Albox;2012;Demandantes;Hombres;De 45 a 64 años;205,41666667;
Albox;2012;Demandantes;Hombres;TOTAL;547,83333331;
Albox;2012;Demandantes;Mujeres;De 16 a 29 años;153,25000001;
Albox;2012;Demandantes;Mujeres;De 30 a 44 años;195,16666666;
Albox;2012;Demandantes;Mujeres;De 45 a 64 años;106,25;
Albox;2012;Demandantes;Mujeres;TOTAL;454,66666667;
Albox;2012;Demandantes;Ambos sexos;De 16 a 29 años;274,24999999;
Albox;2012;Demandantes;Ambos sexos;De 30 a 44 años;416,58333332;
Albox;2012;Demandantes;Ambos sexos;De 45 a 64 años;311,66666667;
Albox;2012;Demandantes;Ambos sexos;TOTAL;1002,49999998;
Alcolea;2010;Demandantes;Hombres;De 16 a 29 años;6,16666667;
Alcolea;2010;Demandantes;Hombres;De 30 a 44 años;9,25;
Alcolea;2010;Demandantes;Hombres;De 45 a 64 años;17,25000001;
Alcolea;2010;Demandantes;Hombres;TOTAL;32,66666668;
Alcolea;2010;Demandantes;Mujeres;De 16 a 29 años;7,75000001;
Alcolea;2010;Demandantes;Mujeres;De 30 a 44 años;14,33333333;
Alcolea;2010;Demandantes;Mujeres;De 45 a 64 años;2,16666667;
Alcolea;2010;Demandantes;Mujeres;TOTAL;24,25000001;
Alcolea;2010;Demandantes;Ambos sexos;De 16 a 29 años;13,91666668;
Alcolea;2010;Demandantes;Ambos sexos;De 30 a 44 años;23,58333333;
Alcolea;2010;Demandantes;Ambos sexos;De 45 a 64 años;19,41666668;
Alcolea;2010;Demandantes;Ambos sexos;TOTAL;56,91666669;
Alcolea;2011;Demandantes;Hombres;De 16 a 29 años;7,41666668;
Alcolea;2011;Demandantes;Hombres;De 30 a 44 años;13,41666667;
Alcolea;2011;Demandantes;Hombres;De 45 a 64 años;19,41666667;
Alcolea;2011;Demandantes;Hombres;TOTAL;40,25000002;
Alcolea;2011;Demandantes;Mujeres;De 16 a 29 años;9,16666666;
Alcolea;2011;Demandantes;Mujeres;De 30 a 44 años;13,66666668;
Alcolea;2011;Demandantes;Mujeres;De 45 a 64 años;4,25;
Alcolea;2011;Demandantes;Mujeres;TOTAL;27,08333334;
Alcolea;2011;Demandantes;Ambos sexos;De 16 a 29 años;16,58333334;
Alcolea;2011;Demandantes;Ambos sexos;De 30 a 44 años;27,08333335;
Alcolea;2011;Demandantes;Ambos sexos;De 45 a 64 años;23,66666667;
Alcolea;2011;Demandantes;Ambos sexos;TOTAL;67,33333336;
Alcolea;2012;Demandantes;Hombres;De 16 a 29 años;12,08333332;
Alcolea;2012;Demandantes;Hombres;De 30 a 44 años;13,16666666;
Alcolea;2012;Demandantes;Hombres;De 45 a 64 años;27,58333334;
Alcolea;2012;Demandantes;Hombres;TOTAL;52,83333332;
Alcolea;2012;Demandantes;Mujeres;De 16 a 29 años;10,41666667;
Alcolea;2012;Demandantes;Mujeres;De 30 a 44 años;12,91666666;
Alcolea;2012;Demandantes;Mujeres;De 45 a 64 años;7,74999999;
Alcolea;2012;Demandantes;Mujeres;TOTAL;31,08333332;
Alcolea;2012;Demandantes;Ambos sexos;De 16 a 29 años;22,49999999;
Alcolea;2012;Demandantes;Ambos sexos;De 30 a 44 años;26,08333332;
Alcolea;2012;Demandantes;Ambos sexos;De 45 a 64 años;35,33333333;
Alcolea;2012;Demandantes;Ambos sexos;TOTAL;83,91666664;
Alcóntar;2010;Demandantes;Hombres;De 16 a 29 años;4,75000001;
Alcóntar;2010;Demandantes;Hombres;De 30 a 44 años;2,16666666;
Alcóntar;2010;Demandantes;Hombres;De 45 a 64 años;9,50000001;
Alcóntar;2010;Demandantes;Hombres;TOTAL;16,41666668;
Alcóntar;2010;Demandantes;Mujeres;De 16 a 29 años;3;
Alcóntar;2010;Demandantes;Mujeres;De 30 a 44 años;1,91666667;
Alcóntar;2010;Demandantes;Mujeres;De 45 a 64 años;3,25;
Alcóntar;2010;Demandantes;Mujeres;TOTAL;8,16666667;
Alcóntar;2010;Demandantes;Ambos sexos;De 16 a 29 años;7,75000001;
Alcóntar;2010;Demandantes;Ambos sexos;De 30 a 44 años;4,08333333;
Alcóntar;2010;Demandantes;Ambos sexos;De 45 a 64 años;12,75000001;
Alcóntar;2010;Demandantes;Ambos sexos;TOTAL;24,58333335;
Alcóntar;2011;Demandantes;Hombres;De 16 a 29 años;2,33333333;
Alcóntar;2011;Demandantes;Hombres;De 30 a 44 años;3,08333333;
Alcóntar;2011;Demandantes;Hombres;De 45 a 64 años;10,33333333;
Alcóntar;2011;Demandantes;Hombres;TOTAL;15,74999999;
Alcóntar;2011;Demandantes;Mujeres;De 16 a 29 años;2,08333332;
Alcóntar;2011;Demandantes;Mujeres;De 30 a 44 años;2,33333333;
Alcóntar;2011;Demandantes;Mujeres;De 45 a 64 años;4,16666666;
Alcóntar;2011;Demandantes;Mujeres;TOTAL;8,58333331;
Alcóntar;2011;Demandantes;Ambos sexos;De 16 a 29 años;4,41666665;
Alcóntar;2011;Demandantes;Ambos sexos;De 30 a 44 años;5,41666666;
Alcóntar;2011;Demandantes;Ambos sexos;De 45 a 64 años;14,49999999;
Alcóntar;2011;Demandantes;Ambos sexos;TOTAL;24,3333333;
Alcóntar;2012;Demandantes;Hombres;De 16 a 29 años;4,66666666;
Alcóntar;2012;Demandantes;Hombres;De 30 a 44 años;5,33333333;
Alcóntar;2012;Demandantes;Hombres;De 45 a 64 años;11,83333335;
Alcóntar;2012;Demandantes;Hombres;TOTAL;21,83333334;
Alcóntar;2012;Demandantes;Mujeres;De 16 a 29 años;2,25;
Alcóntar;2012;Demandantes;Mujeres;De 30 a 44 años;3,5;
Alcóntar;2012;Demandantes;Mujeres;De 45 a 64 años;2,83333333;
Alcóntar;2012;Demandantes;Mujeres;TOTAL;8,58333333;
Alcóntar;2012;Demandantes;Ambos sexos;De 16 a 29 años;6,91666666;
Alcóntar;2012;Demandantes;Ambos sexos;De 30 a 44 años;8,83333333;
Alcóntar;2012;Demandantes;Ambos sexos;De 45 a 64 años;14,66666668;
Alcóntar;2012;Demandantes;Ambos sexos;TOTAL;30,41666667;
Alcudia de Monteagud;2010;Demandantes;Hombres;De 16 a 29 años;1,83333333;
Alcudia de Monteagud;2010;Demandantes;Hombres;De 30 a 44 años;2;
Alcudia de Monteagud;2010;Demandantes;Hombres;De 45 a 64 años;2,16666667;
Alcudia de Monteagud;2010;Demandantes;Hombres;TOTAL;6;
Alcudia de Monteagud;2010;Demandantes;Mujeres;De 16 a 29 años;0,25;
Alcudia de Monteagud;2010;Demandantes;Mujeres;De 30 a 44 años;0,16666667;
Alcudia de Monteagud;2010;Demandantes;Mujeres;De 45 a 64 años;0,08333333;
Alcudia de Monteagud;2010;Demandantes;Mujeres;TOTAL;0,5;
Alcudia de Monteagud;2010;Demandantes;Ambos sexos;De 16 a 29 años;2,08333333;
Alcudia de Monteagud;2010;Demandantes;Ambos sexos;De 30 a 44 años;2,16666667;
Alcudia de Monteagud;2010;Demandantes;Ambos sexos;De 45 a 64 años;2,25;
Alcudia de Monteagud;2010;Demandantes;Ambos sexos;TOTAL;6,5;
Alcudia de Monteagud;2011;Demandantes;Hombres;De 16 a 29 años;1,66666667;
Alcudia de Monteagud;2011;Demandantes;Hombres;De 30 a 44 años;1,99999999;
Alcudia de Monteagud;2011;Demandantes;Hombres;De 45 a 64 años;1,91666666;
Alcudia de Monteagud;2011;Demandantes;Hombres;TOTAL;5,58333332;
Alcudia de Monteagud;2011;Demandantes;Mujeres;De 16 a 29 años;0,16666667;
Alcudia de Monteagud;2011;Demandantes;Mujeres;De 30 a 44 años;-;
Alcudia de Monteagud;2011;Demandantes;Mujeres;De 45 a 64 años;0,66666667;
Alcudia de Monteagud;2011;Demandantes;Mujeres;TOTAL;0,83333334;
Alcudia de Monteagud;2011;Demandantes;Ambos sexos;De 16 a 29 años;1,83333334;
Alcudia de Monteagud;2011;Demandantes;Ambos sexos;De 30 a 44 años;1,99999999;
Alcudia de Monteagud;2011;Demandantes;Ambos sexos;De 45 a 64 años;2,58333333;
Alcudia de Monteagud;2011;Demandantes;Ambos sexos;TOTAL;6,41666666;
Alcudia de Monteagud;2012;Demandantes;Hombres;De 16 a 29 años;2;
Alcudia de Monteagud;2012;Demandantes;Hombres;De 30 a 44 años;1,83333333;
Alcudia de Monteagud;2012;Demandantes;Hombres;De 45 a 64 años;1,41666667;
Alcudia de Monteagud;2012;Demandantes;Hombres;TOTAL;5,25;
Alcudia de Monteagud;2012;Demandantes;Mujeres;De 16 a 29 años;1,16666667;
Alcudia de Monteagud;2012;Demandantes;Mujeres;De 30 a 44 años;-;
Alcudia de Monteagud;2012;Demandantes;Mujeres;De 45 a 64 años;1;
Alcudia de Monteagud;2012;Demandantes;Mujeres;TOTAL;2,16666667;
Alcudia de Monteagud;2012;Demandantes;Ambos sexos;De 16 a 29 años;3,16666667;
Alcudia de Monteagud;2012;Demandantes;Ambos sexos;De 30 a 44 años;1,83333333;
Alcudia de Monteagud;2012;Demandantes;Ambos sexos;De 45 a 64 años;2,41666667;
Alcudia de Monteagud;2012;Demandantes;Ambos sexos;TOTAL;7,41666667;
Alhabia;2010;Demandantes;Hombres;De 16 a 29 años;12,75000001;
Alhabia;2010;Demandantes;Hombres;De 30 a 44 años;18,66666668;
Alhabia;2010;Demandantes;Hombres;De 45 a 64 años;17,58333332;
Alhabia;2010;Demandantes;Hombres;TOTAL;49,00000001;
Alhabia;2010;Demandantes;Mujeres;De 16 a 29 años;11,66666667;
Alhabia;2010;Demandantes;Mujeres;De 30 a 44 años;17,25;
Alhabia;2010;Demandantes;Mujeres;De 45 a 64 años;7,66666667;
Alhabia;2010;Demandantes;Mujeres;TOTAL;36,58333334;
Alhabia;2010;Demandantes;Ambos sexos;De 16 a 29 años;24,41666668;
Alhabia;2010;Demandantes;Ambos sexos;De 30 a 44 años;35,91666668;
Alhabia;2010;Demandantes;Ambos sexos;De 45 a 64 años;25,24999999;
Alhabia;2010;Demandantes;Ambos sexos;TOTAL;85,58333335;
Alhabia;2011;Demandantes;Hombres;De 16 a 29 años;13,91666665;
Alhabia;2011;Demandantes;Hombres;De 30 a 44 años;26,66666666;
Alhabia;2011;Demandantes;Hombres;De 45 a 64 años;18,74999999;
Alhabia;2011;Demandantes;Hombres;TOTAL;59,3333333;
Alhabia;2011;Demandantes;Mujeres;De 16 a 29 años;13,08333333;
Alhabia;2011;Demandantes;Mujeres;De 30 a 44 años;12,91666667;
Alhabia;2011;Demandantes;Mujeres;De 45 a 64 años;7,91666667;
Alhabia;2011;Demandantes;Mujeres;TOTAL;33,91666667;
Alhabia;2011;Demandantes;Ambos sexos;De 16 a 29 años;26,99999998;
Alhabia;2011;Demandantes;Ambos sexos;De 30 a 44 años;39,58333333;
Alhabia;2011;Demandantes;Ambos sexos;De 45 a 64 años;26,66666666;
Alhabia;2011;Demandantes;Ambos sexos;TOTAL;93,24999997;
Alhabia;2012;Demandantes;Hombres;De 16 a 29 años;15,5;
Alhabia;2012;Demandantes;Hombres;De 30 a 44 años;27,16666667;
Alhabia;2012;Demandantes;Hombres;De 45 a 64 años;26,41666666;
Alhabia;2012;Demandantes;Hombres;TOTAL;69,08333333;
Alhabia;2012;Demandantes;Mujeres;De 16 a 29 años;16,33333334;
Alhabia;2012;Demandantes;Mujeres;De 30 a 44 años;20,08333332;
Alhabia;2012;Demandantes;Mujeres;De 45 a 64 años;10,08333334;
Alhabia;2012;Demandantes;Mujeres;TOTAL;46,5;
Alhabia;2012;Demandantes;Ambos sexos;De 16 a 29 años;31,83333334;
Alhabia;2012;Demandantes;Ambos sexos;De 30 a 44 años;47,24999999;
Alhabia;2012;Demandantes;Ambos sexos;De 45 a 64 años;36,5;
Alhabia;2012;Demandantes;Ambos sexos;TOTAL;115,58333333;
Alhama de Almería;2010;Demandantes;Hombres;De 16 a 29 años;54,16666668;
Alhama de Almería;2010;Demandantes;Hombres;De 30 a 44 años;65,75;
Alhama de Almería;2010;Demandantes;Hombres;De 45 a 64 años;65,74999999;
Alhama de Almería;2010;Demandantes;Hombres;TOTAL;185,66666667;
Alhama de Almería;2010;Demandantes;Mujeres;De 16 a 29 años;37,33333332;
Alhama de Almería;2010;Demandantes;Mujeres;De 30 a 44 años;61,75;
Alhama de Almería;2010;Demandantes;Mujeres;De 45 a 64 años;46,75000002;
Alhama de Almería;2010;Demandantes;Mujeres;TOTAL;145,83333334;
Alhama de Almería;2010;Demandantes;Ambos sexos;De 16 a 29 años;91,5;
Alhama de Almería;2010;Demandantes;Ambos sexos;De 30 a 44 años;127,5;
Alhama de Almería;2010;Demandantes;Ambos sexos;De 45 a 64 años;112,50000001;
Alhama de Almería;2010;Demandantes;Ambos sexos;TOTAL;331,50000001;
Alhama de Almería;2011;Demandantes;Hombres;De 16 a 29 años;69,08333335;
Alhama de Almería;2011;Demandantes;Hombres;De 30 a 44 años;75,66666665;
Alhama de Almería;2011;Demandantes;Hombres;De 45 a 64 años;77,24999999;
Alhama de Almería;2011;Demandantes;Hombres;TOTAL;221,99999999;
Alhama de Almería;2011;Demandantes;Mujeres;De 16 a 29 años;41,75000001;
Alhama de Almería;2011;Demandantes;Mujeres;De 30 a 44 años;73,74999999;
Alhama de Almería;2011;Demandantes;Mujeres;De 45 a 64 años;54,33333333;
Alhama de Almería;2011;Demandantes;Mujeres;TOTAL;169,83333333;
Alhama de Almería;2011;Demandantes;Ambos sexos;De 16 a 29 años;110,83333336;
Alhama de Almería;2011;Demandantes;Ambos sexos;De 30 a 44 años;149,41666664;
Alhama de Almería;2011;Demandantes;Ambos sexos;De 45 a 64 años;131,58333332;
Alhama de Almería;2011;Demandantes;Ambos sexos;TOTAL;391,83333332;
Alhama de Almería;2012;Demandantes;Hombres;De 16 a 29 años;82,33333332;
Alhama de Almería;2012;Demandantes;Hombres;De 30 a 44 años;86,75000001;
Alhama de Almería;2012;Demandantes;Hombres;De 45 a 64 años;94;
Alhama de Almería;2012;Demandantes;Hombres;TOTAL;263,08333333;
Alhama de Almería;2012;Demandantes;Mujeres;De 16 a 29 años;66,16666666;
Alhama de Almería;2012;Demandantes;Mujeres;De 30 a 44 años;98,33333333;
Alhama de Almería;2012;Demandantes;Mujeres;De 45 a 64 años;64,41666666;
Alhama de Almería;2012;Demandantes;Mujeres;TOTAL;228,91666665;
Alhama de Almería;2012;Demandantes;Ambos sexos;De 16 a 29 años;148,49999998;
Alhama de Almería;2012;Demandantes;Ambos sexos;De 30 a 44 años;185,08333334;
Alhama de Almería;2012;Demandantes;Ambos sexos;De 45 a 64 años;158,41666666;
Alhama de Almería;2012;Demandantes;Ambos sexos;TOTAL;491,99999998;
Alicún;2010;Demandantes;Hombres;De 16 a 29 años;0,83333333;
Alicún;2010;Demandantes;Hombres;De 30 a 44 años;1,41666667;
Alicún;2010;Demandantes;Hombres;De 45 a 64 años;2,25;
Alicún;2010;Demandantes;Hombres;TOTAL;4,5;
Alicún;2010;Demandantes;Mujeres;De 16 a 29 años;1;
Alicún;2010;Demandantes;Mujeres;De 30 a 44 años;6,66666667;
Alicún;2010;Demandantes;Mujeres;De 45 a 64 años;1,83333334;
Alicún;2010;Demandantes;Mujeres;TOTAL;9,50000001;
Alicún;2010;Demandantes;Ambos sexos;De 16 a 29 años;1,83333333;
Alicún;2010;Demandantes;Ambos sexos;De 30 a 44 años;8,08333334;
Alicún;2010;Demandantes;Ambos sexos;De 45 a 64 años;4,08333334;
Alicún;2010;Demandantes;Ambos sexos;TOTAL;14,00000001;
Alicún;2011;Demandantes;Hombres;De 16 a 29 años;3,33333334;
Alicún;2011;Demandantes;Hombres;De 30 a 44 años;1,25;
Alicún;2011;Demandantes;Hombres;De 45 a 64 años;2,91666666;
Alicún;2011;Demandantes;Hombres;TOTAL;7,5;
Alicún;2011;Demandantes;Mujeres;De 16 a 29 años;1,66666667;
Alicún;2011;Demandantes;Mujeres;De 30 a 44 años;6,66666666;
Alicún;2011;Demandantes;Mujeres;De 45 a 64 años;2,16666666;
Alicún;2011;Demandantes;Mujeres;TOTAL;10,49999999;
Alicún;2011;Demandantes;Ambos sexos;De 16 a 29 años;5,00000001;
Alicún;2011;Demandantes;Ambos sexos;De 30 a 44 años;7,91666666;
Alicún;2011;Demandantes;Ambos sexos;De 45 a 64 años;5,08333332;
Alicún;2011;Demandantes;Ambos sexos;TOTAL;17,99999999;
Alicún;2012;Demandantes;Hombres;De 16 a 29 años;3,00000001;
Alicún;2012;Demandantes;Hombres;De 30 a 44 años;2,49999999;
Alicún;2012;Demandantes;Hombres;De 45 a 64 años;3,91666666;
Alicún;2012;Demandantes;Hombres;TOTAL;9,41666666;
Alicún;2012;Demandantes;Mujeres;De 16 a 29 años;1,83333334;
Alicún;2012;Demandantes;Mujeres;De 30 a 44 años;5,58333333;
Alicún;2012;Demandantes;Mujeres;De 45 a 64 años;3,33333333;
Alicún;2012;Demandantes;Mujeres;TOTAL;10,75;
Alicún;2012;Demandantes;Ambos sexos;De 16 a 29 años;4,83333335;
Alicún;2012;Demandantes;Ambos sexos;De 30 a 44 años;8,08333332;
Alicún;2012;Demandantes;Ambos sexos;De 45 a 64 años;7,24999999;
Alicún;2012;Demandantes;Ambos sexos;TOTAL;20,16666666;
Almería (capital);2010;Demandantes;Hombres;De 16 a 29 años;2969,41666666;
Almería (capital);2010;Demandantes;Hombres;De 30 a 44 años;4776,24999999;
Almería (capital);2010;Demandantes;Hombres;De 45 a 64 años;3732,99999998;
Almería (capital);2010;Demandantes;Hombres;TOTAL;11478,66666663;
Almería (capital);2010;Demandantes;Mujeres;De 16 a 29 años;2576,33333334;
Almería (capital);2010;Demandantes;Mujeres;De 30 a 44 años;4506,75;
Almería (capital);2010;Demandantes;Mujeres;De 45 a 64 años;3680,33333332;
Almería (capital);2010;Demandantes;Mujeres;TOTAL;10763,41666666;
Almería (capital);2010;Demandantes;Ambos sexos;De 16 a 29 años;5545,75;
Almería (capital);2010;Demandantes;Ambos sexos;De 30 a 44 años;9282,99999999;
Almería (capital);2010;Demandantes;Ambos sexos;De 45 a 64 años;7413,3333333;
Almería (capital);2010;Demandantes;Ambos sexos;TOTAL;22242,08333329;
Almería (capital);2011;Demandantes;Hombres;De 16 a 29 años;2818,66666666;
Almería (capital);2011;Demandantes;Hombres;De 30 a 44 años;4783,33333334;
Almería (capital);2011;Demandantes;Hombres;De 45 a 64 años;4198,58333331;
Almería (capital);2011;Demandantes;Hombres;TOTAL;11800,58333331;
Almería (capital);2011;Demandantes;Mujeres;De 16 a 29 años;2679,33333332;
Almería (capital);2011;Demandantes;Mujeres;De 30 a 44 años;4693,49999999;
Almería (capital);2011;Demandantes;Mujeres;De 45 a 64 años;4028,83333332;
Almería (capital);2011;Demandantes;Mujeres;TOTAL;11401,66666663;
Almería (capital);2011;Demandantes;Ambos sexos;De 16 a 29 años;5497,99999998;
Almería (capital);2011;Demandantes;Ambos sexos;De 30 a 44 años;9476,83333333;
Almería (capital);2011;Demandantes;Ambos sexos;De 45 a 64 años;8227,41666663;
Almería (capital);2011;Demandantes;Ambos sexos;TOTAL;23202,24999994;
Almería (capital);2012;Demandantes;Hombres;De 16 a 29 años;2933,24999999;
Almería (capital);2012;Demandantes;Hombres;De 30 a 44 años;5126,83333331;
Almería (capital);2012;Demandantes;Hombres;De 45 a 64 años;4813,83333331;
Almería (capital);2012;Demandantes;Hombres;TOTAL;12873,91666661;
Almería (capital);2012;Demandantes;Mujeres;De 16 a 29 años;2979,41666666;
Almería (capital);2012;Demandantes;Mujeres;De 30 a 44 años;5194,16666668;
Almería (capital);2012;Demandantes;Mujeres;De 45 a 64 años;4582,58333331;
Almería (capital);2012;Demandantes;Mujeres;TOTAL;12756,16666665;
Almería (capital);2012;Demandantes;Ambos sexos;De 16 a 29 años;5912,66666665;
Almería (capital);2012;Demandantes;Ambos sexos;De 30 a 44 años;10320,99999999;
Almería (capital);2012;Demandantes;Ambos sexos;De 45 a 64 años;9396,41666662;
Almería (capital);2012;Demandantes;Ambos sexos;TOTAL;25630,08333326;
Almócita;2010;Demandantes;Hombres;De 16 a 29 años;1,41666667;
Almócita;2010;Demandantes;Hombres;De 30 a 44 años;3,25;
Almócita;2010;Demandantes;Hombres;De 45 a 64 años;2,66666667;
Almócita;2010;Demandantes;Hombres;TOTAL;7,33333334;
Almócita;2010;Demandantes;Mujeres;De 16 a 29 años;0,91666666;
Almócita;2010;Demandantes;Mujeres;De 30 a 44 años;2,75;
Almócita;2010;Demandantes;Mujeres;De 45 a 64 años;0,58333333;
Almócita;2010;Demandantes;Mujeres;TOTAL;4,24999999;
Almócita;2010;Demandantes;Ambos sexos;De 16 a 29 años;2,33333333;
Almócita;2010;Demandantes;Ambos sexos;De 30 a 44 años;6;
Almócita;2010;Demandantes;Ambos sexos;De 45 a 64 años;3,25;
Almócita;2010;Demandantes;Ambos sexos;TOTAL;11,58333333;
Almócita;2011;Demandantes;Hombres;De 16 a 29 años;1,25;
Almócita;2011;Demandantes;Hombres;De 30 a 44 años;3,83333333;
Almócita;2011;Demandantes;Hombres;De 45 a 64 años;2,41666666;
Almócita;2011;Demandantes;Hombres;TOTAL;7,49999999;
Almócita;2011;Demandantes;Mujeres;De 16 a 29 años;1,33333333;
Almócita;2011;Demandantes;Mujeres;De 30 a 44 años;1,66666666;
Almócita;2011;Demandantes;Mujeres;De 45 a 64 años;1;
Almócita;2011;Demandantes;Mujeres;TOTAL;3,99999999;
Almócita;2011;Demandantes;Ambos sexos;De 16 a 29 años;2,58333333;
Almócita;2011;Demandantes;Ambos sexos;De 30 a 44 años;5,49999999;
Almócita;2011;Demandantes;Ambos sexos;De 45 a 64 años;3,41666666;
Almócita;2011;Demandantes;Ambos sexos;TOTAL;11,49999998;
Almócita;2012;Demandantes;Hombres;De 16 a 29 años;1,75;
Almócita;2012;Demandantes;Hombres;De 30 a 44 años;6;
Almócita;2012;Demandantes;Hombres;De 45 a 64 años;3,66666666;
Almócita;2012;Demandantes;Hombres;TOTAL;11,41666666;
Almócita;2012;Demandantes;Mujeres;De 16 a 29 años;1,08333333;
Almócita;2012;Demandantes;Mujeres;De 30 a 44 años;2,08333334;
Almócita;2012;Demandantes;Mujeres;De 45 a 64 años;2,16666667;
Almócita;2012;Demandantes;Mujeres;TOTAL;5,33333334;
Almócita;2012;Demandantes;Ambos sexos;De 16 a 29 años;2,83333333;
Almócita;2012;Demandantes;Ambos sexos;De 30 a 44 años;8,08333334;
Almócita;2012;Demandantes;Ambos sexos;De 45 a 64 años;5,83333333;
Almócita;2012;Demandantes;Ambos sexos;TOTAL;16,75;
Alsodux;2010;Demandantes;Hombres;De 16 a 29 años;1,08333334;
Alsodux;2010;Demandantes;Hombres;De 30 a 44 años;1,25;
Alsodux;2010;Demandantes;Hombres;De 45 a 64 años;-;
Alsodux;2010;Demandantes;Hombres;TOTAL;2,33333334;
Alsodux;2010;Demandantes;Mujeres;De 16 a 29 años;0,83333333;
Alsodux;2010;Demandantes;Mujeres;De 30 a 44 años;0,25;
Alsodux;2010;Demandantes;Mujeres;De 45 a 64 años;-;
Alsodux;2010;Demandantes;Mujeres;TOTAL;1,08333333;
Alsodux;2010;Demandantes;Ambos sexos;De 16 a 29 años;1,91666667;
Alsodux;2010;Demandantes;Ambos sexos;De 30 a 44 años;1,5;
Alsodux;2010;Demandantes;Ambos sexos;De 45 a 64 años;-;
Alsodux;2010;Demandantes;Ambos sexos;TOTAL;3,41666667;
Alsodux;2011;Demandantes;Hombres;De 16 a 29 años;1,16666666;
Alsodux;2011;Demandantes;Hombres;De 30 a 44 años;1,16666667;
Alsodux;2011;Demandantes;Hombres;De 45 a 64 años;0,58333333;
Alsodux;2011;Demandantes;Hombres;TOTAL;2,91666666;
Alsodux;2011;Demandantes;Mujeres;De 16 a 29 años;1;
Alsodux;2011;Demandantes;Mujeres;De 30 a 44 años;-;
Alsodux;2011;Demandantes;Mujeres;De 45 a 64 años;-;
Alsodux;2011;Demandantes;Mujeres;TOTAL;1;
Alsodux;2011;Demandantes;Ambos sexos;De 16 a 29 años;2,16666666;
Alsodux;2011;Demandantes;Ambos sexos;De 30 a 44 años;1,16666667;
Alsodux;2011;Demandantes;Ambos sexos;De 45 a 64 años;0,58333333;
Alsodux;2011;Demandantes;Ambos sexos;TOTAL;3,91666666;
Alsodux;2012;Demandantes;Hombres;De 16 a 29 años;0,66666667;
Alsodux;2012;Demandantes;Hombres;De 30 a 44 años;2,25;
Alsodux;2012;Demandantes;Hombres;De 45 a 64 años;0,5;
Alsodux;2012;Demandantes;Hombres;TOTAL;3,41666667;
Alsodux;2012;Demandantes;Mujeres;De 16 a 29 años;1,58333333;
Alsodux;2012;Demandantes;Mujeres;De 30 a 44 años;-;
Alsodux;2012;Demandantes;Mujeres;De 45 a 64 años;-;
Alsodux;2012;Demandantes;Mujeres;TOTAL;1,58333333;
Alsodux;2012;Demandantes;Ambos sexos;De 16 a 29 años;2,25;
Alsodux;2012;Demandantes;Ambos sexos;De 30 a 44 años;2,25;
Alsodux;2012;Demandantes;Ambos sexos;De 45 a 64 años;0,5;
Alsodux;2012;Demandantes;Ambos sexos;TOTAL;5;
Antas;2010;Demandantes;Hombres;De 16 a 29 años;23,91666665;
Antas;2010;Demandantes;Hombres;De 30 a 44 años;48,66666666;
Antas;2010;Demandantes;Hombres;De 45 a 64 años;27,66666667;
Antas;2010;Demandantes;Hombres;TOTAL;100,24999998;
Antas;2010;Demandantes;Mujeres;De 16 a 29 años;31,66666667;
Antas;2010;Demandantes;Mujeres;De 30 a 44 años;47,33333334;
Antas;2010;Demandantes;Mujeres;De 45 a 64 años;24,99999999;
Antas;2010;Demandantes;Mujeres;TOTAL;104;
Antas;2010;Demandantes;Ambos sexos;De 16 a 29 años;55,58333332;
Antas;2010;Demandantes;Ambos sexos;De 30 a 44 años;96;
Antas;2010;Demandantes;Ambos sexos;De 45 a 64 años;52,66666666;
Antas;2010;Demandantes;Ambos sexos;TOTAL;204,24999998;
Antas;2011;Demandantes;Hombres;De 16 a 29 años;22,33333334;
Antas;2011;Demandantes;Hombres;De 30 a 44 años;43,08333331;
Antas;2011;Demandantes;Hombres;De 45 a 64 años;35,41666666;
Antas;2011;Demandantes;Hombres;TOTAL;100,83333331;
Antas;2011;Demandantes;Mujeres;De 16 a 29 años;26,50000002;
Antas;2011;Demandantes;Mujeres;De 30 a 44 años;44,58333334;
Antas;2011;Demandantes;Mujeres;De 45 a 64 años;31,58333333;
Antas;2011;Demandantes;Mujeres;TOTAL;102,66666669;
Antas;2011;Demandantes;Ambos sexos;De 16 a 29 años;48,83333336;
Antas;2011;Demandantes;Ambos sexos;De 30 a 44 años;87,66666665;
Antas;2011;Demandantes;Ambos sexos;De 45 a 64 años;66,99999999;
Antas;2011;Demandantes;Ambos sexos;TOTAL;203,5;
Antas;2012;Demandantes;Hombres;De 16 a 29 años;21,83333332;
Antas;2012;Demandantes;Hombres;De 30 a 44 años;43,66666665;
Antas;2012;Demandantes;Hombres;De 45 a 64 años;37,66666666;
Antas;2012;Demandantes;Hombres;TOTAL;103,16666663;
Antas;2012;Demandantes;Mujeres;De 16 a 29 años;23,25;
Antas;2012;Demandantes;Mujeres;De 30 a 44 años;54,75000001;
Antas;2012;Demandantes;Mujeres;De 45 a 64 años;40,33333333;
Antas;2012;Demandantes;Mujeres;TOTAL;118,33333334;
Antas;2012;Demandantes;Ambos sexos;De 16 a 29 años;45,08333332;
Antas;2012;Demandantes;Ambos sexos;De 30 a 44 años;98,41666666;
Antas;2012;Demandantes;Ambos sexos;De 45 a 64 años;77,99999999;
Antas;2012;Demandantes;Ambos sexos;TOTAL;221,49999997;
Arboleas;2010;Demandantes;Hombres;De 16 a 29 años;29,66666666;
Arboleas;2010;Demandantes;Hombres;De 30 a 44 años;34,83333334;
Arboleas;2010;Demandantes;Hombres;De 45 a 64 años;34,08333335;
Arboleas;2010;Demandantes;Hombres;TOTAL;98,58333335;
Arboleas;2010;Demandantes;Mujeres;De 16 a 29 años;18,66666666;
Arboleas;2010;Demandantes;Mujeres;De 30 a 44 años;32,99999998;
Arboleas;2010;Demandantes;Mujeres;De 45 a 64 años;10,91666667;
Arboleas;2010;Demandantes;Mujeres;TOTAL;62,58333331;
Arboleas;2010;Demandantes;Ambos sexos;De 16 a 29 años;48,33333332;
Arboleas;2010;Demandantes;Ambos sexos;De 30 a 44 años;67,83333332;
Arboleas;2010;Demandantes;Ambos sexos;De 45 a 64 años;45,00000002;
Arboleas;2010;Demandantes;Ambos sexos;TOTAL;161,16666666;
Arboleas;2011;Demandantes;Hombres;De 16 a 29 años;27,25000001;
Arboleas;2011;Demandantes;Hombres;De 30 a 44 años;38,58333333;
Arboleas;2011;Demandantes;Hombres;De 45 a 64 años;39,24999998;
Arboleas;2011;Demandantes;Hombres;TOTAL;105,08333332;
Arboleas;2011;Demandantes;Mujeres;De 16 a 29 años;15,91666665;
Arboleas;2011;Demandantes;Mujeres;De 30 a 44 años;28,08333333;
Arboleas;2011;Demandantes;Mujeres;De 45 a 64 años;15,41666668;
Arboleas;2011;Demandantes;Mujeres;TOTAL;59,41666666;
Arboleas;2011;Demandantes;Ambos sexos;De 16 a 29 años;43,16666666;
Arboleas;2011;Demandantes;Ambos sexos;De 30 a 44 años;66,66666666;
Arboleas;2011;Demandantes;Ambos sexos;De 45 a 64 años;54,66666666;
Arboleas;2011;Demandantes;Ambos sexos;TOTAL;164,49999998;
Arboleas;2012;Demandantes;Hombres;De 16 a 29 años;35,00000001;
Arboleas;2012;Demandantes;Hombres;De 30 a 44 años;46,83333335;
Arboleas;2012;Demandantes;Hombres;De 45 a 64 años;40;
Arboleas;2012;Demandantes;Hombres;TOTAL;121,83333336;
Arboleas;2012;Demandantes;Mujeres;De 16 a 29 años;27,83333332;
Arboleas;2012;Demandantes;Mujeres;De 30 a 44 años;37;
Arboleas;2012;Demandantes;Mujeres;De 45 a 64 años;16,25;
Arboleas;2012;Demandantes;Mujeres;TOTAL;81,08333332;
Arboleas;2012;Demandantes;Ambos sexos;De 16 a 29 años;62,83333333;
Arboleas;2012;Demandantes;Ambos sexos;De 30 a 44 años;83,83333335;
Arboleas;2012;Demandantes;Ambos sexos;De 45 a 64 años;56,25;
Arboleas;2012;Demandantes;Ambos sexos;TOTAL;202,91666668;
Armuña de Almanzora;2010;Demandantes;Hombres;De 16 a 29 años;3,74999999;
Armuña de Almanzora;2010;Demandantes;Hombres;De 30 a 44 años;3,91666666;
Armuña de Almanzora;2010;Demandantes;Hombres;De 45 a 64 años;5,83333334;
Armuña de Almanzora;2010;Demandantes;Hombres;TOTAL;13,49999999;
Armuña de Almanzora;2010;Demandantes;Mujeres;De 16 a 29 años;1,16666667;
Armuña de Almanzora;2010;Demandantes;Mujeres;De 30 a 44 años;2,91666666;
Armuña de Almanzora;2010;Demandantes;Mujeres;De 45 a 64 años;2,08333333;
Armuña de Almanzora;2010;Demandantes;Mujeres;TOTAL;6,16666666;
Armuña de Almanzora;2010;Demandantes;Ambos sexos;De 16 a 29 años;4,91666666;
Armuña de Almanzora;2010;Demandantes;Ambos sexos;De 30 a 44 años;6,83333332;
Armuña de Almanzora;2010;Demandantes;Ambos sexos;De 45 a 64 años;7,91666667;
Armuña de Almanzora;2010;Demandantes;Ambos sexos;TOTAL;19,66666665;
Armuña de Almanzora;2011;Demandantes;Hombres;De 16 a 29 años;3,66666668;
Armuña de Almanzora;2011;Demandantes;Hombres;De 30 a 44 años;4,5;
Armuña de Almanzora;2011;Demandantes;Hombres;De 45 a 64 años;4,58333334;
Armuña de Almanzora;2011;Demandantes;Hombres;TOTAL;12,75000002;
Armuña de Almanzora;2011;Demandantes;Mujeres;De 16 a 29 años;-;
Armuña de Almanzora;2011;Demandantes;Mujeres;De 30 a 44 años;1,75000001;
Armuña de Almanzora;2011;Demandantes;Mujeres;De 45 a 64 años;6,08333333;
Armuña de Almanzora;2011;Demandantes;Mujeres;TOTAL;7,83333334;
Armuña de Almanzora;2011;Demandantes;Ambos sexos;De 16 a 29 años;3,66666668;
Armuña de Almanzora;2011;Demandantes;Ambos sexos;De 30 a 44 años;6,25000001;
Armuña de Almanzora;2011;Demandantes;Ambos sexos;De 45 a 64 años;10,66666667;
Armuña de Almanzora;2011;Demandantes;Ambos sexos;TOTAL;20,58333336;
Armuña de Almanzora;2012;Demandantes;Hombres;De 16 a 29 años;4,75;
Armuña de Almanzora;2012;Demandantes;Hombres;De 30 a 44 años;7,74999998;
Armuña de Almanzora;2012;Demandantes;Hombres;De 45 a 64 años;5,66666667;
Armuña de Almanzora;2012;Demandantes;Hombres;TOTAL;18,16666665;
Armuña de Almanzora;2012;Demandantes;Mujeres;De 16 a 29 años;1,75;
Armuña de Almanzora;2012;Demandantes;Mujeres;De 30 a 44 años;3,16666666;
Armuña de Almanzora;2012;Demandantes;Mujeres;De 45 a 64 años;7,58333334;
Armuña de Almanzora;2012;Demandantes;Mujeres;TOTAL;12,5;
Armuña de Almanzora;2012;Demandantes;Ambos sexos;De 16 a 29 años;6,5;
Armuña de Almanzora;2012;Demandantes;Ambos sexos;De 30 a 44 años;10,91666664;
Armuña de Almanzora;2012;Demandantes;Ambos sexos;De 45 a 64 años;13,25000001;
Armuña de Almanzora;2012;Demandantes;Ambos sexos;TOTAL;30,66666665;
Bacares;2010;Demandantes;Hombres;De 16 a 29 años;1,41666666;
Bacares;2010;Demandantes;Hombres;De 30 a 44 años;2,5;
Bacares;2010;Demandantes;Hombres;De 45 a 64 años;2,5;
Bacares;2010;Demandantes;Hombres;TOTAL;6,41666666;
Bacares;2010;Demandantes;Mujeres;De 16 a 29 años;0,25;
Bacares;2010;Demandantes;Mujeres;De 30 a 44 años;2,50000002;
Bacares;2010;Demandantes;Mujeres;De 45 a 64 años;2,16666667;
Bacares;2010;Demandantes;Mujeres;TOTAL;4,91666669;
Bacares;2010;Demandantes;Ambos sexos;De 16 a 29 años;1,66666666;
Bacares;2010;Demandantes;Ambos sexos;De 30 a 44 años;5,00000002;
Bacares;2010;Demandantes;Ambos sexos;De 45 a 64 años;4,66666667;
Bacares;2010;Demandantes;Ambos sexos;TOTAL;11,33333335;
Bacares;2011;Demandantes;Hombres;De 16 a 29 años;0,75;
Bacares;2011;Demandantes;Hombres;De 30 a 44 años;3,41666667;
Bacares;2011;Demandantes;Hombres;De 45 a 64 años;2,49999999;
Bacares;2011;Demandantes;Hombres;TOTAL;6,66666666;
Bacares;2011;Demandantes;Mujeres;De 16 a 29 años;0,33333333;
Bacares;2011;Demandantes;Mujeres;De 30 a 44 años;2,5;
Bacares;2011;Demandantes;Mujeres;De 45 a 64 años;1,83333333;
Bacares;2011;Demandantes;Mujeres;TOTAL;4,66666666;
Bacares;2011;Demandantes;Ambos sexos;De 16 a 29 años;1,08333333;
Bacares;2011;Demandantes;Ambos sexos;De 30 a 44 años;5,91666667;
Bacares;2011;Demandantes;Ambos sexos;De 45 a 64 años;4,33333332;
Bacares;2011;Demandantes;Ambos sexos;TOTAL;11,33333332;
Bacares;2012;Demandantes;Hombres;De 16 a 29 años;1,41666667;
Bacares;2012;Demandantes;Hombres;De 30 a 44 años;2,33333333;
Bacares;2012;Demandantes;Hombres;De 45 a 64 años;2,75;
Bacares;2012;Demandantes;Hombres;TOTAL;6,5;
Bacares;2012;Demandantes;Mujeres;De 16 a 29 años;1,16666667;
Bacares;2012;Demandantes;Mujeres;De 30 a 44 años;3,75;
Bacares;2012;Demandantes;Mujeres;De 45 a 64 años;1,66666667;
Bacares;2012;Demandantes;Mujeres;TOTAL;6,58333334;
Bacares;2012;Demandantes;Ambos sexos;De 16 a 29 años;2,58333334;
Bacares;2012;Demandantes;Ambos sexos;De 30 a 44 años;6,08333333;
Bacares;2012;Demandantes;Ambos sexos;De 45 a 64 años;4,41666667;
Bacares;2012;Demandantes;Ambos sexos;TOTAL;13,08333334;
Bayárcal;2010;Demandantes;Hombres;De 16 a 29 años;5,33333334;
Bayárcal;2010;Demandantes;Hombres;De 30 a 44 años;6;
Bayárcal;2010;Demandantes;Hombres;De 45 a 64 años;5,91666667;
Bayárcal;2010;Demandantes;Hombres;TOTAL;17,25000001;
Bayárcal;2010;Demandantes;Mujeres;De 16 a 29 años;2,16666667;
Bayárcal;2010;Demandantes;Mujeres;De 30 a 44 años;2,83333333;
Bayárcal;2010;Demandantes;Mujeres;De 45 a 64 años;1,5;
Bayárcal;2010;Demandantes;Mujeres;TOTAL;6,5;
Bayárcal;2010;Demandantes;Ambos sexos;De 16 a 29 años;7,50000001;
Bayárcal;2010;Demandantes;Ambos sexos;De 30 a 44 años;8,83333333;
Bayárcal;2010;Demandantes;Ambos sexos;De 45 a 64 años;7,41666667;
Bayárcal;2010;Demandantes;Ambos sexos;TOTAL;23,75000001;
Bayárcal;2011;Demandantes;Hombres;De 16 a 29 años;3,83333333;
Bayárcal;2011;Demandantes;Hombres;De 30 a 44 años;5,16666667;
Bayárcal;2011;Demandantes;Hombres;De 45 a 64 años;6,83333333;
Bayárcal;2011;Demandantes;Hombres;TOTAL;15,83333333;
Bayárcal;2011;Demandantes;Mujeres;De 16 a 29 años;4,16666667;
Bayárcal;2011;Demandantes;Mujeres;De 30 a 44 años;1,41666667;
Bayárcal;2011;Demandantes;Mujeres;De 45 a 64 años;0,75;
Bayárcal;2011;Demandantes;Mujeres;TOTAL;6,33333334;
Bayárcal;2011;Demandantes;Ambos sexos;De 16 a 29 años;8;
Bayárcal;2011;Demandantes;Ambos sexos;De 30 a 44 años;6,58333334;
Bayárcal;2011;Demandantes;Ambos sexos;De 45 a 64 años;7,58333333;
Bayárcal;2011;Demandantes;Ambos sexos;TOTAL;22,16666667;
Bayárcal;2012;Demandantes;Hombres;De 16 a 29 años;3,25;
Bayárcal;2012;Demandantes;Hombres;De 30 a 44 años;7;
Bayárcal;2012;Demandantes;Hombres;De 45 a 64 años;6,5;
Bayárcal;2012;Demandantes;Hombres;TOTAL;16,75;
Bayárcal;2012;Demandantes;Mujeres;De 16 a 29 años;2,33333333;
Bayárcal;2012;Demandantes;Mujeres;De 30 a 44 años;1,75;
Bayárcal;2012;Demandantes;Mujeres;De 45 a 64 años;1,66666667;
Bayárcal;2012;Demandantes;Mujeres;TOTAL;5,75;
Bayárcal;2012;Demandantes;Ambos sexos;De 16 a 29 años;5,58333333;
Bayárcal;2012;Demandantes;Ambos sexos;De 30 a 44 años;8,75;
Bayárcal;2012;Demandantes;Ambos sexos;De 45 a 64 años;8,16666667;
Bayárcal;2012;Demandantes;Ambos sexos;TOTAL;22,5;
Bayarque;2010;Demandantes;Hombres;De 16 a 29 años;1,66666667;
Bayarque;2010;Demandantes;Hombres;De 30 a 44 años;3,33333334;
Bayarque;2010;Demandantes;Hombres;De 45 a 64 años;2,91666666;
Bayarque;2010;Demandantes;Hombres;TOTAL;7,91666667;
Bayarque;2010;Demandantes;Mujeres;De 16 a 29 años;-;
Bayarque;2010;Demandantes;Mujeres;De 30 a 44 años;2,58333333;
Bayarque;2010;Demandantes;Mujeres;De 45 a 64 años;2;
Bayarque;2010;Demandantes;Mujeres;TOTAL;4,58333333;
Bayarque;2010;Demandantes;Ambos sexos;De 16 a 29 años;1,66666667;
Bayarque;2010;Demandantes;Ambos sexos;De 30 a 44 años;5,91666667;
Bayarque;2010;Demandantes;Ambos sexos;De 45 a 64 años;4,91666666;
Bayarque;2010;Demandantes;Ambos sexos;TOTAL;12,5;
Bayarque;2011;Demandantes;Hombres;De 16 a 29 años;0,83333334;
Bayarque;2011;Demandantes;Hombres;De 30 a 44 años;1,91666667;
Bayarque;2011;Demandantes;Hombres;De 45 a 64 años;3,58333334;
Bayarque;2011;Demandantes;Hombres;TOTAL;6,33333335;
Bayarque;2011;Demandantes;Mujeres;De 16 a 29 años;0,33333333;
Bayarque;2011;Demandantes;Mujeres;De 30 a 44 años;1,91666665;
Bayarque;2011;Demandantes;Mujeres;De 45 a 64 años;3,25;
Bayarque;2011;Demandantes;Mujeres;TOTAL;5,49999998;
Bayarque;2011;Demandantes;Ambos sexos;De 16 a 29 años;1,16666667;
Bayarque;2011;Demandantes;Ambos sexos;De 30 a 44 años;3,83333332;
Bayarque;2011;Demandantes;Ambos sexos;De 45 a 64 años;6,83333334;
Bayarque;2011;Demandantes;Ambos sexos;TOTAL;11,83333333;
Bayarque;2012;Demandantes;Hombres;De 16 a 29 años;-;
Bayarque;2012;Demandantes;Hombres;De 30 a 44 años;3,00000001;
Bayarque;2012;Demandantes;Hombres;De 45 a 64 años;4,58333334;
Bayarque;2012;Demandantes;Hombres;TOTAL;7,58333335;
Bayarque;2012;Demandantes;Mujeres;De 16 a 29 años;0,91666667;
Bayarque;2012;Demandantes;Mujeres;De 30 a 44 años;1,25;
Bayarque;2012;Demandantes;Mujeres;De 45 a 64 años;5,33333333;
Bayarque;2012;Demandantes;Mujeres;TOTAL;7,5;
Bayarque;2012;Demandantes;Ambos sexos;De 16 a 29 años;0,91666667;
Bayarque;2012;Demandantes;Ambos sexos;De 30 a 44 años;4,25000001;
Bayarque;2012;Demandantes;Ambos sexos;De 45 a 64 años;9,91666667;
Bayarque;2012;Demandantes;Ambos sexos;TOTAL;15,08333335;
Bédar;2010;Demandantes;Hombres;De 16 a 29 años;4,50000001;
Bédar;2010;Demandantes;Hombres;De 30 a 44 años;14,00000001;
Bédar;2010;Demandantes;Hombres;De 45 a 64 años;17,58333332;
Bédar;2010;Demandantes;Hombres;TOTAL;36,08333334;
Bédar;2010;Demandantes;Mujeres;De 16 a 29 años;4,74999999;
Bédar;2010;Demandantes;Mujeres;De 30 a 44 años;10,16666667;
Bédar;2010;Demandantes;Mujeres;De 45 a 64 años;10,91666667;
Bédar;2010;Demandantes;Mujeres;TOTAL;25,83333333;
Bédar;2010;Demandantes;Ambos sexos;De 16 a 29 años;9,25;
Bédar;2010;Demandantes;Ambos sexos;De 30 a 44 años;24,16666668;
Bédar;2010;Demandantes;Ambos sexos;De 45 a 64 años;28,49999999;
Bédar;2010;Demandantes;Ambos sexos;TOTAL;61,91666667;
Bédar;2011;Demandantes;Hombres;De 16 a 29 años;3,33333333;
Bédar;2011;Demandantes;Hombres;De 30 a 44 años;11,25000001;
Bédar;2011;Demandantes;Hombres;De 45 a 64 años;20,99999999;
Bédar;2011;Demandantes;Hombres;TOTAL;35,58333333;
Bédar;2011;Demandantes;Mujeres;De 16 a 29 años;3,91666666;
Bédar;2011;Demandantes;Mujeres;De 30 a 44 años;7,24999999;
Bédar;2011;Demandantes;Mujeres;De 45 a 64 años;9,41666668;
Bédar;2011;Demandantes;Mujeres;TOTAL;20,58333333;
Bédar;2011;Demandantes;Ambos sexos;De 16 a 29 años;7,24999999;
Bédar;2011;Demandantes;Ambos sexos;De 30 a 44 años;18,5;
Bédar;2011;Demandantes;Ambos sexos;De 45 a 64 años;30,41666667;
Bédar;2011;Demandantes;Ambos sexos;TOTAL;56,16666666;
Bédar;2012;Demandantes;Hombres;De 16 a 29 años;2,66666666;
Bédar;2012;Demandantes;Hombres;De 30 a 44 años;13,16666667;
Bédar;2012;Demandantes;Hombres;De 45 a 64 años;22,16666667;
Bédar;2012;Demandantes;Hombres;TOTAL;38;
Bédar;2012;Demandantes;Mujeres;De 16 a 29 años;4,5;
Bédar;2012;Demandantes;Mujeres;De 30 a 44 años;8,66666666;
Bédar;2012;Demandantes;Mujeres;De 45 a 64 años;14,33333333;
Bédar;2012;Demandantes;Mujeres;TOTAL;27,49999999;
Bédar;2012;Demandantes;Ambos sexos;De 16 a 29 años;7,16666666;
Bédar;2012;Demandantes;Ambos sexos;De 30 a 44 años;21,83333333;
Bédar;2012;Demandantes;Ambos sexos;De 45 a 64 años;36,5;
Bédar;2012;Demandantes;Ambos sexos;TOTAL;65,49999999;
Beires;2010;Demandantes;Hombres;De 16 a 29 años;-;
Beires;2010;Demandantes;Hombres;De 30 a 44 años;2,16666667;
Beires;2010;Demandantes;Hombres;De 45 a 64 años;0,5;
Beires;2010;Demandantes;Hombres;TOTAL;2,66666667;
Beires;2010;Demandantes;Mujeres;De 16 a 29 años;-;
Beires;2010;Demandantes;Mujeres;De 30 a 44 años;-;
Beires;2010;Demandantes;Mujeres;De 45 a 64 años;1;
Beires;2010;Demandantes;Mujeres;TOTAL;1;
Beires;2010;Demandantes;Ambos sexos;De 16 a 29 años;-;
Beires;2010;Demandantes;Ambos sexos;De 30 a 44 años;2,16666667;
Beires;2010;Demandantes;Ambos sexos;De 45 a 64 años;1,5;
Beires;2010;Demandantes;Ambos sexos;TOTAL;3,66666667;
Beires;2011;Demandantes;Hombres;De 16 a 29 años;-;
Beires;2011;Demandantes;Hombres;De 30 a 44 años;1,08333333;
Beires;2011;Demandantes;Hombres;De 45 a 64 años;1,25;
Beires;2011;Demandantes;Hombres;TOTAL;2,33333333;
Beires;2011;Demandantes;Mujeres;De 16 a 29 años;0,25;
Beires;2011;Demandantes;Mujeres;De 30 a 44 años;-;
Beires;2011;Demandantes;Mujeres;De 45 a 64 años;0,75;
Beires;2011;Demandantes;Mujeres;TOTAL;1;
Beires;2011;Demandantes;Ambos sexos;De 16 a 29 años;0,25;
Beires;2011;Demandantes;Ambos sexos;De 30 a 44 años;1,08333333;
Beires;2011;Demandantes;Ambos sexos;De 45 a 64 años;2;
Beires;2011;Demandantes;Ambos sexos;TOTAL;3,33333333;
Beires;2012;Demandantes;Hombres;De 16 a 29 años;-;
Beires;2012;Demandantes;Hombres;De 30 a 44 años;3,75;
Beires;2012;Demandantes;Hombres;De 45 a 64 años;2;
Beires;2012;Demandantes;Hombres;TOTAL;5,75;
Beires;2012;Demandantes;Mujeres;De 16 a 29 años;0,25;
Beires;2012;Demandantes;Mujeres;De 30 a 44 años;-;
Beires;2012;Demandantes;Mujeres;De 45 a 64 años;1,5;
Beires;2012;Demandantes;Mujeres;TOTAL;1,75;
Beires;2012;Demandantes;Ambos sexos;De 16 a 29 años;0,25;
Beires;2012;Demandantes;Ambos sexos;De 30 a 44 años;3,75;
Beires;2012;Demandantes;Ambos sexos;De 45 a 64 años;3,5;
Beires;2012;Demandantes;Ambos sexos;TOTAL;7,5;
Benahadux;2010;Demandantes;Hombres;De 16 a 29 años;55,08333333;
Benahadux;2010;Demandantes;Hombres;De 30 a 44 años;83,33333331;
Benahadux;2010;Demandantes;Hombres;De 45 a 64 años;71,83333333;
Benahadux;2010;Demandantes;Hombres;TOTAL;210,24999997;
Benahadux;2010;Demandantes;Mujeres;De 16 a 29 años;61,16666665;
Benahadux;2010;Demandantes;Mujeres;De 30 a 44 años;95,41666666;
Benahadux;2010;Demandantes;Mujeres;De 45 a 64 años;54,66666666;
Benahadux;2010;Demandantes;Mujeres;TOTAL;211,24999997;
Benahadux;2010;Demandantes;Ambos sexos;De 16 a 29 años;116,24999998;
Benahadux;2010;Demandantes;Ambos sexos;De 30 a 44 años;178,74999997;
Benahadux;2010;Demandantes;Ambos sexos;De 45 a 64 años;126,49999999;
Benahadux;2010;Demandantes;Ambos sexos;TOTAL;421,49999994;
Benahadux;2011;Demandantes;Hombres;De 16 a 29 años;58,41666668;
Benahadux;2011;Demandantes;Hombres;De 30 a 44 años;102,08333332;
Benahadux;2011;Demandantes;Hombres;De 45 a 64 años;93,33333333;
Benahadux;2011;Demandantes;Hombres;TOTAL;253,83333333;
Benahadux;2011;Demandantes;Mujeres;De 16 a 29 años;64,00000001;
Benahadux;2011;Demandantes;Mujeres;De 30 a 44 años;129,41666668;
Benahadux;2011;Demandantes;Mujeres;De 45 a 64 años;71,08333333;
Benahadux;2011;Demandantes;Mujeres;TOTAL;264,50000002;
Benahadux;2011;Demandantes;Ambos sexos;De 16 a 29 años;122,41666669;
Benahadux;2011;Demandantes;Ambos sexos;De 30 a 44 años;231,5;
Benahadux;2011;Demandantes;Ambos sexos;De 45 a 64 años;164,41666666;
Benahadux;2011;Demandantes;Ambos sexos;TOTAL;518,33333335;
Benahadux;2012;Demandantes;Hombres;De 16 a 29 años;74,16666668;
Benahadux;2012;Demandantes;Hombres;De 30 a 44 años;109,41666665;
Benahadux;2012;Demandantes;Hombres;De 45 a 64 años;102,33333333;
Benahadux;2012;Demandantes;Hombres;TOTAL;285,91666666;
Benahadux;2012;Demandantes;Mujeres;De 16 a 29 años;70,66666666;
Benahadux;2012;Demandantes;Mujeres;De 30 a 44 años;135,66666666;
Benahadux;2012;Demandantes;Mujeres;De 45 a 64 años;92,33333333;
Benahadux;2012;Demandantes;Mujeres;TOTAL;298,66666665;
Benahadux;2012;Demandantes;Ambos sexos;De 16 a 29 años;144,83333334;
Benahadux;2012;Demandantes;Ambos sexos;De 30 a 44 años;245,08333331;
Benahadux;2012;Demandantes;Ambos sexos;De 45 a 64 años;194,66666666;
Benahadux;2012;Demandantes;Ambos sexos;TOTAL;584,58333331;
Benitagla;2010;Demandantes;Hombres;De 16 a 29 años;2,08333334;
Benitagla;2010;Demandantes;Hombres;De 30 a 44 años;0,16666667;
Benitagla;2010;Demandantes;Hombres;De 45 a 64 años;0,25;
Benitagla;2010;Demandantes;Hombres;TOTAL;2,50000001;
Benitagla;2010;Demandantes;Mujeres;De 16 a 29 años;-;
Benitagla;2010;Demandantes;Mujeres;De 30 a 44 años;-;
Benitagla;2010;Demandantes;Mujeres;De 45 a 64 años;0,25;
Benitagla;2010;Demandantes;Mujeres;TOTAL;0,25;
Benitagla;2010;Demandantes;Ambos sexos;De 16 a 29 años;2,08333334;
Benitagla;2010;Demandantes;Ambos sexos;De 30 a 44 años;0,16666667;
Benitagla;2010;Demandantes;Ambos sexos;De 45 a 64 años;0,5;
Benitagla;2010;Demandantes;Ambos sexos;TOTAL;2,75000001;
Benitagla;2011;Demandantes;Hombres;De 16 a 29 años;0,16666666;
Benitagla;2011;Demandantes;Hombres;De 30 a 44 años;-;
Benitagla;2011;Demandantes;Hombres;De 45 a 64 años;-;
Benitagla;2011;Demandantes;Hombres;TOTAL;0,16666666;
Benitagla;2011;Demandantes;Mujeres;De 16 a 29 años;-;
Benitagla;2011;Demandantes;Mujeres;De 30 a 44 años;-;
Benitagla;2011;Demandantes;Mujeres;De 45 a 64 años;-;
Benitagla;2011;Demandantes;Mujeres;TOTAL;-;
Benitagla;2011;Demandantes;Ambos sexos;De 16 a 29 años;0,16666666;
Benitagla;2011;Demandantes;Ambos sexos;De 30 a 44 años;-;
Benitagla;2011;Demandantes;Ambos sexos;De 45 a 64 años;-;
Benitagla;2011;Demandantes;Ambos sexos;TOTAL;0,16666666;
Benitagla;2012;Demandantes;Hombres;De 16 a 29 años;-;
Benitagla;2012;Demandantes;Hombres;De 30 a 44 años;1;
Benitagla;2012;Demandantes;Hombres;De 45 a 64 años;-;
Benitagla;2012;Demandantes;Hombres;TOTAL;1;
Benitagla;2012;Demandantes;Mujeres;De 16 a 29 años;-;
Benitagla;2012;Demandantes;Mujeres;De 30 a 44 años;0,08333333;
Benitagla;2012;Demandantes;Mujeres;De 45 a 64 años;0,08333333;
Benitagla;2012;Demandantes;Mujeres;TOTAL;0,16666666;
Benitagla;2012;Demandantes;Ambos sexos;De 16 a 29 años;-;
Benitagla;2012;Demandantes;Ambos sexos;De 30 a 44 años;1,08333333;
Benitagla;2012;Demandantes;Ambos sexos;De 45 a 64 años;0,08333333;
Benitagla;2012;Demandantes;Ambos sexos;TOTAL;1,16666666;
Benizalón;2010;Demandantes;Hombres;De 16 a 29 años;2,58333334;
Benizalón;2010;Demandantes;Hombres;De 30 a 44 años;2,83333333;
Benizalón;2010;Demandantes;Hombres;De 45 a 64 años;4,58333334;
Benizalón;2010;Demandantes;Hombres;TOTAL;10,00000001;
Benizalón;2010;Demandantes;Mujeres;De 16 a 29 años;2,74999999;
Benizalón;2010;Demandantes;Mujeres;De 30 a 44 años;3,08333334;
Benizalón;2010;Demandantes;Mujeres;De 45 a 64 años;1,16666666;
Benizalón;2010;Demandantes;Mujeres;TOTAL;6,99999999;
Benizalón;2010;Demandantes;Ambos sexos;De 16 a 29 años;5,33333333;
Benizalón;2010;Demandantes;Ambos sexos;De 30 a 44 años;5,91666667;
Benizalón;2010;Demandantes;Ambos sexos;De 45 a 64 años;5,75;
Benizalón;2010;Demandantes;Ambos sexos;TOTAL;17;
Benizalón;2011;Demandantes;Hombres;De 16 a 29 años;1,83333334;
Benizalón;2011;Demandantes;Hombres;De 30 a 44 años;2,91666667;
Benizalón;2011;Demandantes;Hombres;De 45 a 64 años;5,83333333;
Benizalón;2011;Demandantes;Hombres;TOTAL;10,58333334;
Benizalón;2011;Demandantes;Mujeres;De 16 a 29 años;1,16666667;
Benizalón;2011;Demandantes;Mujeres;De 30 a 44 años;5,16666666;
Benizalón;2011;Demandantes;Mujeres;De 45 a 64 años;0,25;
Benizalón;2011;Demandantes;Mujeres;TOTAL;6,58333333;
Benizalón;2011;Demandantes;Ambos sexos;De 16 a 29 años;3,00000001;
Benizalón;2011;Demandantes;Ambos sexos;De 30 a 44 años;8,08333333;
Benizalón;2011;Demandantes;Ambos sexos;De 45 a 64 años;6,08333333;
Benizalón;2011;Demandantes;Ambos sexos;TOTAL;17,16666667;
Benizalón;2012;Demandantes;Hombres;De 16 a 29 años;2,66666666;
Benizalón;2012;Demandantes;Hombres;De 30 a 44 años;2,33333333;
Benizalón;2012;Demandantes;Hombres;De 45 a 64 años;5,49999998;
Benizalón;2012;Demandantes;Hombres;TOTAL;10,49999997;
Benizalón;2012;Demandantes;Mujeres;De 16 a 29 años;1,5;
Benizalón;2012;Demandantes;Mujeres;De 30 a 44 años;4,58333333;
Benizalón;2012;Demandantes;Mujeres;De 45 a 64 años;2,00000001;
Benizalón;2012;Demandantes;Mujeres;TOTAL;8,08333334;
Benizalón;2012;Demandantes;Ambos sexos;De 16 a 29 años;4,16666666;
Benizalón;2012;Demandantes;Ambos sexos;De 30 a 44 años;6,91666666;
Benizalón;2012;Demandantes;Ambos sexos;De 45 a 64 años;7,49999999;
Benizalón;2012;Demandantes;Ambos sexos;TOTAL;18,58333331;
Bentarique;2010;Demandantes;Hombres;De 16 a 29 años;5,33333333;
Bentarique;2010;Demandantes;Hombres;De 30 a 44 años;3,50000001;
Bentarique;2010;Demandantes;Hombres;De 45 a 64 años;5,5;
Bentarique;2010;Demandantes;Hombres;TOTAL;14,33333334;
Bentarique;2010;Demandantes;Mujeres;De 16 a 29 años;0,91666667;
Bentarique;2010;Demandantes;Mujeres;De 30 a 44 años;1,91666667;
Bentarique;2010;Demandantes;Mujeres;De 45 a 64 años;3,08333333;
Bentarique;2010;Demandantes;Mujeres;TOTAL;5,91666667;
Bentarique;2010;Demandantes;Ambos sexos;De 16 a 29 años;6,25;
Bentarique;2010;Demandantes;Ambos sexos;De 30 a 44 años;5,41666668;
Bentarique;2010;Demandantes;Ambos sexos;De 45 a 64 años;8,58333333;
Bentarique;2010;Demandantes;Ambos sexos;TOTAL;20,25000001;
Bentarique;2011;Demandantes;Hombres;De 16 a 29 años;5,83333334;
Bentarique;2011;Demandantes;Hombres;De 30 a 44 años;8;
Bentarique;2011;Demandantes;Hombres;De 45 a 64 años;5,58333333;
Bentarique;2011;Demandantes;Hombres;TOTAL;19,41666667;
Bentarique;2011;Demandantes;Mujeres;De 16 a 29 años;2,91666667;
Bentarique;2011;Demandantes;Mujeres;De 30 a 44 años;3,58333333;
Bentarique;2011;Demandantes;Mujeres;De 45 a 64 años;3,66666666;
Bentarique;2011;Demandantes;Mujeres;TOTAL;10,16666666;
Bentarique;2011;Demandantes;Ambos sexos;De 16 a 29 años;8,75000001;
Bentarique;2011;Demandantes;Ambos sexos;De 30 a 44 años;11,58333333;
Bentarique;2011;Demandantes;Ambos sexos;De 45 a 64 años;9,24999999;
Bentarique;2011;Demandantes;Ambos sexos;TOTAL;29,58333333;
Bentarique;2012;Demandantes;Hombres;De 16 a 29 años;9;
Bentarique;2012;Demandantes;Hombres;De 30 a 44 años;7,83333333;
Bentarique;2012;Demandantes;Hombres;De 45 a 64 años;6,75;
Bentarique;2012;Demandantes;Hombres;TOTAL;23,58333333;
Bentarique;2012;Demandantes;Mujeres;De 16 a 29 años;2,33333334;
Bentarique;2012;Demandantes;Mujeres;De 30 a 44 años;5,08333334;
Bentarique;2012;Demandantes;Mujeres;De 45 a 64 años;3,50000001;
Bentarique;2012;Demandantes;Mujeres;TOTAL;10,91666669;
Bentarique;2012;Demandantes;Ambos sexos;De 16 a 29 años;11,33333334;
Bentarique;2012;Demandantes;Ambos sexos;De 30 a 44 años;12,91666667;
Bentarique;2012;Demandantes;Ambos sexos;De 45 a 64 años;10,25000001;
Bentarique;2012;Demandantes;Ambos sexos;TOTAL;34,50000002;
Berja;2010;Demandantes;Hombres;De 16 a 29 años;297,49999998;
Berja;2010;Demandantes;Hombres;De 30 a 44 años;360,00000002;
Berja;2010;Demandantes;Hombres;De 45 a 64 años;352,66666666;
Berja;2010;Demandantes;Hombres;TOTAL;1010,16666666;
Berja;2010;Demandantes;Mujeres;De 16 a 29 años;218,08333334;
Berja;2010;Demandantes;Mujeres;De 30 a 44 años;284,74999998;
Berja;2010;Demandantes;Mujeres;De 45 a 64 años;232,08333333;
Berja;2010;Demandantes;Mujeres;TOTAL;734,91666665;
Berja;2010;Demandantes;Ambos sexos;De 16 a 29 años;515,58333332;
Berja;2010;Demandantes;Ambos sexos;De 30 a 44 años;644,75;
Berja;2010;Demandantes;Ambos sexos;De 45 a 64 años;584,74999999;
Berja;2010;Demandantes;Ambos sexos;TOTAL;1745,08333331;
Berja;2011;Demandantes;Hombres;De 16 a 29 años;285,50000001;
Berja;2011;Demandantes;Hombres;De 30 a 44 años;365,66666667;
Berja;2011;Demandantes;Hombres;De 45 a 64 años;390,41666666;
Berja;2011;Demandantes;Hombres;TOTAL;1041,58333334;
Berja;2011;Demandantes;Mujeres;De 16 a 29 años;235,16666667;
Berja;2011;Demandantes;Mujeres;De 30 a 44 años;282,25000002;
Berja;2011;Demandantes;Mujeres;De 45 a 64 años;272,66666664;
Berja;2011;Demandantes;Mujeres;TOTAL;790,08333333;
Berja;2011;Demandantes;Ambos sexos;De 16 a 29 años;520,66666668;
Berja;2011;Demandantes;Ambos sexos;De 30 a 44 años;647,91666669;
Berja;2011;Demandantes;Ambos sexos;De 45 a 64 años;663,0833333;
Berja;2011;Demandantes;Ambos sexos;TOTAL;1831,66666667;
Berja;2012;Demandantes;Hombres;De 16 a 29 años;281,58333336;
Berja;2012;Demandantes;Hombres;De 30 a 44 años;377,99999999;
Berja;2012;Demandantes;Hombres;De 45 a 64 años;443,41666665;
Berja;2012;Demandantes;Hombres;TOTAL;1103;
Berja;2012;Demandantes;Mujeres;De 16 a 29 años;245,33333332;
Berja;2012;Demandantes;Mujeres;De 30 a 44 años;309,99999999;
Berja;2012;Demandantes;Mujeres;De 45 a 64 años;314,5;
Berja;2012;Demandantes;Mujeres;TOTAL;869,83333331;
Berja;2012;Demandantes;Ambos sexos;De 16 a 29 años;526,91666668;
Berja;2012;Demandantes;Ambos sexos;De 30 a 44 años;687,99999998;
Berja;2012;Demandantes;Ambos sexos;De 45 a 64 años;757,91666665;
Berja;2012;Demandantes;Ambos sexos;TOTAL;1972,83333331;
Canjáyar;2010;Demandantes;Hombres;De 16 a 29 años;15,33333335;
Canjáyar;2010;Demandantes;Hombres;De 30 a 44 años;25;
Canjáyar;2010;Demandantes;Hombres;De 45 a 64 años;20,75000001;
Canjáyar;2010;Demandantes;Hombres;TOTAL;61,08333336;
Canjáyar;2010;Demandantes;Mujeres;De 16 a 29 años;16,08333334;
Canjáyar;2010;Demandantes;Mujeres;De 30 a 44 años;13,50000001;
Canjáyar;2010;Demandantes;Mujeres;De 45 a 64 años;7,50000001;
Canjáyar;2010;Demandantes;Mujeres;TOTAL;37,08333336;
Canjáyar;2010;Demandantes;Ambos sexos;De 16 a 29 años;31,41666669;
Canjáyar;2010;Demandantes;Ambos sexos;De 30 a 44 años;38,50000001;
Canjáyar;2010;Demandantes;Ambos sexos;De 45 a 64 años;28,25000002;
Canjáyar;2010;Demandantes;Ambos sexos;TOTAL;98,16666672;
Canjáyar;2011;Demandantes;Hombres;De 16 a 29 años;18,66666666;
Canjáyar;2011;Demandantes;Hombres;De 30 a 44 años;32,75;
Canjáyar;2011;Demandantes;Hombres;De 45 a 64 años;27,33333334;
Canjáyar;2011;Demandantes;Hombres;TOTAL;78,75;
Canjáyar;2011;Demandantes;Mujeres;De 16 a 29 años;17,58333333;
Canjáyar;2011;Demandantes;Mujeres;De 30 a 44 años;12,66666666;
Canjáyar;2011;Demandantes;Mujeres;De 45 a 64 años;8,33333332;
Canjáyar;2011;Demandantes;Mujeres;TOTAL;38,58333331;
Canjáyar;2011;Demandantes;Ambos sexos;De 16 a 29 años;36,24999999;
Canjáyar;2011;Demandantes;Ambos sexos;De 30 a 44 años;45,41666666;
Canjáyar;2011;Demandantes;Ambos sexos;De 45 a 64 años;35,66666666;
Canjáyar;2011;Demandantes;Ambos sexos;TOTAL;117,33333331;
Canjáyar;2012;Demandantes;Hombres;De 16 a 29 años;25,66666668;
Canjáyar;2012;Demandantes;Hombres;De 30 a 44 años;42,5;
Canjáyar;2012;Demandantes;Hombres;De 45 a 64 años;34,16666666;
Canjáyar;2012;Demandantes;Hombres;TOTAL;102,33333334;
Canjáyar;2012;Demandantes;Mujeres;De 16 a 29 años;19,83333333;
Canjáyar;2012;Demandantes;Mujeres;De 30 a 44 años;13,75;
Canjáyar;2012;Demandantes;Mujeres;De 45 a 64 años;9,66666666;
Canjáyar;2012;Demandantes;Mujeres;TOTAL;43,24999999;
Canjáyar;2012;Demandantes;Ambos sexos;De 16 a 29 años;45,50000001;
Canjáyar;2012;Demandantes;Ambos sexos;De 30 a 44 años;56,25;
Canjáyar;2012;Demandantes;Ambos sexos;De 45 a 64 años;43,83333332;
Canjáyar;2012;Demandantes;Ambos sexos;TOTAL;145,58333333;
Cantoria;2010;Demandantes;Hombres;De 16 a 29 años;46,58333334;
Cantoria;2010;Demandantes;Hombres;De 30 a 44 años;61,91666667;
Cantoria;2010;Demandantes;Hombres;De 45 a 64 años;81,49999999;
Cantoria;2010;Demandantes;Hombres;TOTAL;190;
Cantoria;2010;Demandantes;Mujeres;De 16 a 29 años;23,49999999;
Cantoria;2010;Demandantes;Mujeres;De 30 a 44 años;58,49999998;
Cantoria;2010;Demandantes;Mujeres;De 45 a 64 años;17,58333336;
Cantoria;2010;Demandantes;Mujeres;TOTAL;99,58333333;
Cantoria;2010;Demandantes;Ambos sexos;De 16 a 29 años;70,08333333;
Cantoria;2010;Demandantes;Ambos sexos;De 30 a 44 años;120,41666665;
Cantoria;2010;Demandantes;Ambos sexos;De 45 a 64 años;99,08333335;
Cantoria;2010;Demandantes;Ambos sexos;TOTAL;289,58333333;
Cantoria;2011;Demandantes;Hombres;De 16 a 29 años;46,66666667;
Cantoria;2011;Demandantes;Hombres;De 30 a 44 años;68,66666668;
Cantoria;2011;Demandantes;Hombres;De 45 a 64 años;89,83333333;
Cantoria;2011;Demandantes;Hombres;TOTAL;205,16666668;
Cantoria;2011;Demandantes;Mujeres;De 16 a 29 años;20,33333333;
Cantoria;2011;Demandantes;Mujeres;De 30 a 44 años;70,00000001;
Cantoria;2011;Demandantes;Mujeres;De 45 a 64 años;25,41666666;
Cantoria;2011;Demandantes;Mujeres;TOTAL;115,75;
Cantoria;2011;Demandantes;Ambos sexos;De 16 a 29 años;67;
Cantoria;2011;Demandantes;Ambos sexos;De 30 a 44 años;138,66666669;
Cantoria;2011;Demandantes;Ambos sexos;De 45 a 64 años;115,24999999;
Cantoria;2011;Demandantes;Ambos sexos;TOTAL;320,91666668;
Cantoria;2012;Demandantes;Hombres;De 16 a 29 años;43,00000001;
Cantoria;2012;Demandantes;Hombres;De 30 a 44 años;70,50000001;
Cantoria;2012;Demandantes;Hombres;De 45 a 64 años;98,58333334;
Cantoria;2012;Demandantes;Hombres;TOTAL;212,08333336;
Cantoria;2012;Demandantes;Mujeres;De 16 a 29 años;20,66666665;
Cantoria;2012;Demandantes;Mujeres;De 30 a 44 años;79,41666668;
Cantoria;2012;Demandantes;Mujeres;De 45 a 64 años;31,75000001;
Cantoria;2012;Demandantes;Mujeres;TOTAL;131,83333334;
Cantoria;2012;Demandantes;Ambos sexos;De 16 a 29 años;63,66666666;
Cantoria;2012;Demandantes;Ambos sexos;De 30 a 44 años;149,91666669;
Cantoria;2012;Demandantes;Ambos sexos;De 45 a 64 años;130,33333335;
Cantoria;2012;Demandantes;Ambos sexos;TOTAL;343,9166667;
Carboneras;2010;Demandantes;Hombres;De 16 a 29 años;88,66666666;
Carboneras;2010;Demandantes;Hombres;De 30 a 44 años;144,74999999;
Carboneras;2010;Demandantes;Hombres;De 45 a 64 años;135,66666667;
Carboneras;2010;Demandantes;Hombres;TOTAL;369,08333332;
Carboneras;2010;Demandantes;Mujeres;De 16 a 29 años;69,83333333;
Carboneras;2010;Demandantes;Mujeres;De 30 a 44 años;121,66666666;
Carboneras;2010;Demandantes;Mujeres;De 45 a 64 años;75,25;
Carboneras;2010;Demandantes;Mujeres;TOTAL;266,74999999;
Carboneras;2010;Demandantes;Ambos sexos;De 16 a 29 años;158,49999999;
Carboneras;2010;Demandantes;Ambos sexos;De 30 a 44 años;266,41666665;
Carboneras;2010;Demandantes;Ambos sexos;De 45 a 64 años;210,91666667;
Carboneras;2010;Demandantes;Ambos sexos;TOTAL;635,83333331;
Carboneras;2011;Demandantes;Hombres;De 16 a 29 años;95,16666668;
Carboneras;2011;Demandantes;Hombres;De 30 a 44 años;142,49999999;
Carboneras;2011;Demandantes;Hombres;De 45 a 64 años;134,5;
Carboneras;2011;Demandantes;Hombres;TOTAL;372,16666667;
Carboneras;2011;Demandantes;Mujeres;De 16 a 29 años;83,00000002;
Carboneras;2011;Demandantes;Mujeres;De 30 a 44 años;136,58333332;
Carboneras;2011;Demandantes;Mujeres;De 45 a 64 años;94,58333333;
Carboneras;2011;Demandantes;Mujeres;TOTAL;314,16666667;
Carboneras;2011;Demandantes;Ambos sexos;De 16 a 29 años;178,1666667;
Carboneras;2011;Demandantes;Ambos sexos;De 30 a 44 años;279,08333331;
Carboneras;2011;Demandantes;Ambos sexos;De 45 a 64 años;229,08333333;
Carboneras;2011;Demandantes;Ambos sexos;TOTAL;686,33333334;
Carboneras;2012;Demandantes;Hombres;De 16 a 29 años;109,99999999;
Carboneras;2012;Demandantes;Hombres;De 30 a 44 años;160,83333335;
Carboneras;2012;Demandantes;Hombres;De 45 a 64 años;151,16666669;
Carboneras;2012;Demandantes;Hombres;TOTAL;422,00000003;
Carboneras;2012;Demandantes;Mujeres;De 16 a 29 años;86,83333333;
Carboneras;2012;Demandantes;Mujeres;De 30 a 44 años;173,33333331;
Carboneras;2012;Demandantes;Mujeres;De 45 a 64 años;126,08333335;
Carboneras;2012;Demandantes;Mujeres;TOTAL;386,24999999;
Carboneras;2012;Demandantes;Ambos sexos;De 16 a 29 años;196,83333332;
Carboneras;2012;Demandantes;Ambos sexos;De 30 a 44 años;334,16666666;
Carboneras;2012;Demandantes;Ambos sexos;De 45 a 64 años;277,25000004;
Carboneras;2012;Demandantes;Ambos sexos;TOTAL;808,25000002;
Castro de Filabres;2010;Demandantes;Hombres;De 16 a 29 años;-;
Castro de Filabres;2010;Demandantes;Hombres;De 30 a 44 años;1,25;
Castro de Filabres;2010;Demandantes;Hombres;De 45 a 64 años;0,08333333;
Castro de Filabres;2010;Demandantes;Hombres;TOTAL;1,33333333;
Castro de Filabres;2010;Demandantes;Mujeres;De 16 a 29 años;-;
Castro de Filabres;2010;Demandantes;Mujeres;De 30 a 44 años;0,41666667;
Castro de Filabres;2010;Demandantes;Mujeres;De 45 a 64 años;0,5;
Castro de Filabres;2010;Demandantes;Mujeres;TOTAL;0,91666667;
Castro de Filabres;2010;Demandantes;Ambos sexos;De 16 a 29 años;-;
Castro de Filabres;2010;Demandantes;Ambos sexos;De 30 a 44 años;1,66666667;
Castro de Filabres;2010;Demandantes;Ambos sexos;De 45 a 64 años;0,58333333;
Castro de Filabres;2010;Demandantes;Ambos sexos;TOTAL;2,25;
Castro de Filabres;2011;Demandantes;Hombres;De 16 a 29 años;1;
Castro de Filabres;2011;Demandantes;Hombres;De 30 a 44 años;0,25;
Castro de Filabres;2011;Demandantes;Hombres;De 45 a 64 años;-;
Castro de Filabres;2011;Demandantes;Hombres;TOTAL;1,25;
Castro de Filabres;2011;Demandantes;Mujeres;De 16 a 29 años;-;
Castro de Filabres;2011;Demandantes;Mujeres;De 30 a 44 años;0,33333333;
Castro de Filabres;2011;Demandantes;Mujeres;De 45 a 64 años;-;
Castro de Filabres;2011;Demandantes;Mujeres;TOTAL;0,33333333;
Castro de Filabres;2011;Demandantes;Ambos sexos;De 16 a 29 años;1;
Castro de Filabres;2011;Demandantes;Ambos sexos;De 30 a 44 años;0,58333333;
Castro de Filabres;2011;Demandantes;Ambos sexos;De 45 a 64 años;-;
Castro de Filabres;2011;Demandantes;Ambos sexos;TOTAL;1,58333333;
Castro de Filabres;2012;Demandantes;Hombres;De 16 a 29 años;0,25;
Castro de Filabres;2012;Demandantes;Hombres;De 30 a 44 años;1,91666666;
Castro de Filabres;2012;Demandantes;Hombres;De 45 a 64 años;-;
Castro de Filabres;2012;Demandantes;Hombres;TOTAL;2,16666666;
Castro de Filabres;2012;Demandantes;Mujeres;De 16 a 29 años;-;
Castro de Filabres;2012;Demandantes;Mujeres;De 30 a 44 años;-;
Castro de Filabres;2012;Demandantes;Mujeres;De 45 a 64 años;-;
Castro de Filabres;2012;Demandantes;Mujeres;TOTAL;-;
Castro de Filabres;2012;Demandantes;Ambos sexos;De 16 a 29 años;0,25;
Castro de Filabres;2012;Demandantes;Ambos sexos;De 30 a 44 años;1,91666666;
Castro de Filabres;2012;Demandantes;Ambos sexos;De 45 a 64 años;-;
Castro de Filabres;2012;Demandantes;Ambos sexos;TOTAL;2,16666666;
Chercos;2010;Demandantes;Hombres;De 16 a 29 años;3,74999999;
Chercos;2010;Demandantes;Hombres;De 30 a 44 años;6,08333333;
Chercos;2010;Demandantes;Hombres;De 45 a 64 años;5,66666667;
Chercos;2010;Demandantes;Hombres;TOTAL;15,49999999;
Chercos;2010;Demandantes;Mujeres;De 16 a 29 años;3;
Chercos;2010;Demandantes;Mujeres;De 30 a 44 años;5,33333333;
Chercos;2010;Demandantes;Mujeres;De 45 a 64 años;1,74999999;
Chercos;2010;Demandantes;Mujeres;TOTAL;10,08333332;
Chercos;2010;Demandantes;Ambos sexos;De 16 a 29 años;6,74999999;
Chercos;2010;Demandantes;Ambos sexos;De 30 a 44 años;11,41666666;
Chercos;2010;Demandantes;Ambos sexos;De 45 a 64 años;7,41666666;
Chercos;2010;Demandantes;Ambos sexos;TOTAL;25,58333331;
Chercos;2011;Demandantes;Hombres;De 16 a 29 años;4,74999999;
Chercos;2011;Demandantes;Hombres;De 30 a 44 años;6,5;
Chercos;2011;Demandantes;Hombres;De 45 a 64 años;3,08333333;
Chercos;2011;Demandantes;Hombres;TOTAL;14,33333332;
Chercos;2011;Demandantes;Mujeres;De 16 a 29 años;2,16666667;
Chercos;2011;Demandantes;Mujeres;De 30 a 44 años;3,58333333;
Chercos;2011;Demandantes;Mujeres;De 45 a 64 años;2,83333333;
Chercos;2011;Demandantes;Mujeres;TOTAL;8,58333333;
Chercos;2011;Demandantes;Ambos sexos;De 16 a 29 años;6,91666666;
Chercos;2011;Demandantes;Ambos sexos;De 30 a 44 años;10,08333333;
Chercos;2011;Demandantes;Ambos sexos;De 45 a 64 años;5,91666666;
Chercos;2011;Demandantes;Ambos sexos;TOTAL;22,91666665;
Chercos;2012;Demandantes;Hombres;De 16 a 29 años;5,58333334;
Chercos;2012;Demandantes;Hombres;De 30 a 44 años;9,41666666;
Chercos;2012;Demandantes;Hombres;De 45 a 64 años;6,5;
Chercos;2012;Demandantes;Hombres;TOTAL;21,5;
Chercos;2012;Demandantes;Mujeres;De 16 a 29 años;3,25;
Chercos;2012;Demandantes;Mujeres;De 30 a 44 años;4,08333334;
Chercos;2012;Demandantes;Mujeres;De 45 a 64 años;3;
Chercos;2012;Demandantes;Mujeres;TOTAL;10,33333334;
Chercos;2012;Demandantes;Ambos sexos;De 16 a 29 años;8,83333334;
Chercos;2012;Demandantes;Ambos sexos;De 30 a 44 años;13,5;
Chercos;2012;Demandantes;Ambos sexos;De 45 a 64 años;9,5;
Chercos;2012;Demandantes;Ambos sexos;TOTAL;31,83333334;
Chirivel;2010;Demandantes;Hombres;De 16 a 29 años;15,08333333;
Chirivel;2010;Demandantes;Hombres;De 30 a 44 años;16,83333332;
Chirivel;2010;Demandantes;Hombres;De 45 a 64 años;16,33333334;
Chirivel;2010;Demandantes;Hombres;TOTAL;48,24999999;
Chirivel;2010;Demandantes;Mujeres;De 16 a 29 años;7,00000001;
Chirivel;2010;Demandantes;Mujeres;De 30 a 44 años;7,83333333;
Chirivel;2010;Demandantes;Mujeres;De 45 a 64 años;5,33333333;
Chirivel;2010;Demandantes;Mujeres;TOTAL;20,16666667;
Chirivel;2010;Demandantes;Ambos sexos;De 16 a 29 años;22,08333334;
Chirivel;2010;Demandantes;Ambos sexos;De 30 a 44 años;24,66666665;
Chirivel;2010;Demandantes;Ambos sexos;De 45 a 64 años;21,66666667;
Chirivel;2010;Demandantes;Ambos sexos;TOTAL;68,41666666;
Chirivel;2011;Demandantes;Hombres;De 16 a 29 años;19,33333334;
Chirivel;2011;Demandantes;Hombres;De 30 a 44 años;19,99999999;
Chirivel;2011;Demandantes;Hombres;De 45 a 64 años;19,58333335;
Chirivel;2011;Demandantes;Hombres;TOTAL;58,91666668;
Chirivel;2011;Demandantes;Mujeres;De 16 a 29 años;8,83333333;
Chirivel;2011;Demandantes;Mujeres;De 30 a 44 años;8,75;
Chirivel;2011;Demandantes;Mujeres;De 45 a 64 años;9;
Chirivel;2011;Demandantes;Mujeres;TOTAL;26,58333333;
Chirivel;2011;Demandantes;Ambos sexos;De 16 a 29 años;28,16666667;
Chirivel;2011;Demandantes;Ambos sexos;De 30 a 44 años;28,74999999;
Chirivel;2011;Demandantes;Ambos sexos;De 45 a 64 años;28,58333335;
Chirivel;2011;Demandantes;Ambos sexos;TOTAL;85,50000001;
Chirivel;2012;Demandantes;Hombres;De 16 a 29 años;23,08333333;
Chirivel;2012;Demandantes;Hombres;De 30 a 44 años;25,33333335;
Chirivel;2012;Demandantes;Hombres;De 45 a 64 años;21,24999999;
Chirivel;2012;Demandantes;Hombres;TOTAL;69,66666667;
Chirivel;2012;Demandantes;Mujeres;De 16 a 29 años;16,33333331;
Chirivel;2012;Demandantes;Mujeres;De 30 a 44 años;13,91666667;
Chirivel;2012;Demandantes;Mujeres;De 45 a 64 años;12,91666666;
Chirivel;2012;Demandantes;Mujeres;TOTAL;43,16666664;
Chirivel;2012;Demandantes;Ambos sexos;De 16 a 29 años;39,41666664;
Chirivel;2012;Demandantes;Ambos sexos;De 30 a 44 años;39,25000002;
Chirivel;2012;Demandantes;Ambos sexos;De 45 a 64 años;34,16666665;
Chirivel;2012;Demandantes;Ambos sexos;TOTAL;112,83333331;
Cóbdar;2010;Demandantes;Hombres;De 16 a 29 años;3,75;
Cóbdar;2010;Demandantes;Hombres;De 30 a 44 años;0,83333333;
Cóbdar;2010;Demandantes;Hombres;De 45 a 64 años;2,24999999;
Cóbdar;2010;Demandantes;Hombres;TOTAL;6,83333332;
Cóbdar;2010;Demandantes;Mujeres;De 16 a 29 años;0,75;
Cóbdar;2010;Demandantes;Mujeres;De 30 a 44 años;0,41666667;
Cóbdar;2010;Demandantes;Mujeres;De 45 a 64 años;0,25;
Cóbdar;2010;Demandantes;Mujeres;TOTAL;1,41666667;
Cóbdar;2010;Demandantes;Ambos sexos;De 16 a 29 años;4,5;
Cóbdar;2010;Demandantes;Ambos sexos;De 30 a 44 años;1,25;
Cóbdar;2010;Demandantes;Ambos sexos;De 45 a 64 años;2,49999999;
Cóbdar;2010;Demandantes;Ambos sexos;TOTAL;8,24999999;
Cóbdar;2011;Demandantes;Hombres;De 16 a 29 años;3,25;
Cóbdar;2011;Demandantes;Hombres;De 30 a 44 años;1;
Cóbdar;2011;Demandantes;Hombres;De 45 a 64 años;3,08333333;
Cóbdar;2011;Demandantes;Hombres;TOTAL;7,33333333;
Cóbdar;2011;Demandantes;Mujeres;De 16 a 29 años;1,58333333;
Cóbdar;2011;Demandantes;Mujeres;De 30 a 44 años;-;
Cóbdar;2011;Demandantes;Mujeres;De 45 a 64 años;0,58333333;
Cóbdar;2011;Demandantes;Mujeres;TOTAL;2,16666666;
Cóbdar;2011;Demandantes;Ambos sexos;De 16 a 29 años;4,83333333;
Cóbdar;2011;Demandantes;Ambos sexos;De 30 a 44 años;1;
Cóbdar;2011;Demandantes;Ambos sexos;De 45 a 64 años;3,66666666;
Cóbdar;2011;Demandantes;Ambos sexos;TOTAL;9,49999999;
Cóbdar;2012;Demandantes;Hombres;De 16 a 29 años;3,33333333;
Cóbdar;2012;Demandantes;Hombres;De 30 a 44 años;0,5;
Cóbdar;2012;Demandantes;Hombres;De 45 a 64 años;3,24999999;
Cóbdar;2012;Demandantes;Hombres;TOTAL;7,08333332;
Cóbdar;2012;Demandantes;Mujeres;De 16 a 29 años;0,16666667;
Cóbdar;2012;Demandantes;Mujeres;De 30 a 44 años;2;
Cóbdar;2012;Demandantes;Mujeres;De 45 a 64 años;1;
Cóbdar;2012;Demandantes;Mujeres;TOTAL;3,16666667;
Cóbdar;2012;Demandantes;Ambos sexos;De 16 a 29 años;3,5;
Cóbdar;2012;Demandantes;Ambos sexos;De 30 a 44 años;2,5;
Cóbdar;2012;Demandantes;Ambos sexos;De 45 a 64 años;4,24999999;
Cóbdar;2012;Demandantes;Ambos sexos;TOTAL;10,24999999;
Cuevas del Almanzora;2010;Demandantes;Hombres;De 16 a 29 años;209,50000001;
Cuevas del Almanzora;2010;Demandantes;Hombres;De 30 a 44 años;349,91666669;
Cuevas del Almanzora;2010;Demandantes;Hombres;De 45 a 64 años;251,41666668;
Cuevas del Almanzora;2010;Demandantes;Hombres;TOTAL;810,83333338;
Cuevas del Almanzora;2010;Demandantes;Mujeres;De 16 a 29 años;157,25;
Cuevas del Almanzora;2010;Demandantes;Mujeres;De 30 a 44 años;247,58333332;
Cuevas del Almanzora;2010;Demandantes;Mujeres;De 45 a 64 años;124,16666666;
Cuevas del Almanzora;2010;Demandantes;Mujeres;TOTAL;528,99999998;
Cuevas del Almanzora;2010;Demandantes;Ambos sexos;De 16 a 29 años;366,75000001;
Cuevas del Almanzora;2010;Demandantes;Ambos sexos;De 30 a 44 años;597,50000001;
Cuevas del Almanzora;2010;Demandantes;Ambos sexos;De 45 a 64 años;375,58333334;
Cuevas del Almanzora;2010;Demandantes;Ambos sexos;TOTAL;1339,83333336;
Cuevas del Almanzora;2011;Demandantes;Hombres;De 16 a 29 años;175;
Cuevas del Almanzora;2011;Demandantes;Hombres;De 30 a 44 años;343,00000001;
Cuevas del Almanzora;2011;Demandantes;Hombres;De 45 a 64 años;302,74999995;
Cuevas del Almanzora;2011;Demandantes;Hombres;TOTAL;820,74999996;
Cuevas del Almanzora;2011;Demandantes;Mujeres;De 16 a 29 años;152,91666667;
Cuevas del Almanzora;2011;Demandantes;Mujeres;De 30 a 44 años;263,58333336;
Cuevas del Almanzora;2011;Demandantes;Mujeres;De 45 a 64 años;160,50000001;
Cuevas del Almanzora;2011;Demandantes;Mujeres;TOTAL;577,00000004;
Cuevas del Almanzora;2011;Demandantes;Ambos sexos;De 16 a 29 años;327,91666667;
Cuevas del Almanzora;2011;Demandantes;Ambos sexos;De 30 a 44 años;606,58333337;
Cuevas del Almanzora;2011;Demandantes;Ambos sexos;De 45 a 64 años;463,24999996;
Cuevas del Almanzora;2011;Demandantes;Ambos sexos;TOTAL;1397,75;
Cuevas del Almanzora;2012;Demandantes;Hombres;De 16 a 29 años;154,00000002;
Cuevas del Almanzora;2012;Demandantes;Hombres;De 30 a 44 años;354,75000001;
Cuevas del Almanzora;2012;Demandantes;Hombres;De 45 a 64 años;314,5;
Cuevas del Almanzora;2012;Demandantes;Hombres;TOTAL;823,25000003;
Cuevas del Almanzora;2012;Demandantes;Mujeres;De 16 a 29 años;153,16666667;
Cuevas del Almanzora;2012;Demandantes;Mujeres;De 30 a 44 años;281,83333335;
Cuevas del Almanzora;2012;Demandantes;Mujeres;De 45 a 64 años;198,08333334;
Cuevas del Almanzora;2012;Demandantes;Mujeres;TOTAL;633,08333336;
Cuevas del Almanzora;2012;Demandantes;Ambos sexos;De 16 a 29 años;307,16666669;
Cuevas del Almanzora;2012;Demandantes;Ambos sexos;De 30 a 44 años;636,58333336;
Cuevas del Almanzora;2012;Demandantes;Ambos sexos;De 45 a 64 años;512,58333334;
Cuevas del Almanzora;2012;Demandantes;Ambos sexos;TOTAL;1456,33333339;
Dalías;2010;Demandantes;Hombres;De 16 a 29 años;46,91666664;
Dalías;2010;Demandantes;Hombres;De 30 a 44 años;68,58333333;
Dalías;2010;Demandantes;Hombres;De 45 a 64 años;55,83333333;
Dalías;2010;Demandantes;Hombres;TOTAL;171,3333333;
Dalías;2010;Demandantes;Mujeres;De 16 a 29 años;40,50000001;
Dalías;2010;Demandantes;Mujeres;De 30 a 44 años;56,58333335;
Dalías;2010;Demandantes;Mujeres;De 45 a 64 años;33,41666667;
Dalías;2010;Demandantes;Mujeres;TOTAL;130,50000003;
Dalías;2010;Demandantes;Ambos sexos;De 16 a 29 años;87,41666665;
Dalías;2010;Demandantes;Ambos sexos;De 30 a 44 años;125,16666668;
Dalías;2010;Demandantes;Ambos sexos;De 45 a 64 años;89,25;
Dalías;2010;Demandantes;Ambos sexos;TOTAL;301,83333333;
Dalías;2011;Demandantes;Hombres;De 16 a 29 años;38,16666666;
Dalías;2011;Demandantes;Hombres;De 30 a 44 años;74,33333331;
Dalías;2011;Demandantes;Hombres;De 45 a 64 años;59;
Dalías;2011;Demandantes;Hombres;TOTAL;171,49999997;
Dalías;2011;Demandantes;Mujeres;De 16 a 29 años;45,08333333;
Dalías;2011;Demandantes;Mujeres;De 30 a 44 años;71,91666666;
Dalías;2011;Demandantes;Mujeres;De 45 a 64 años;39,66666667;
Dalías;2011;Demandantes;Mujeres;TOTAL;156,66666666;
Dalías;2011;Demandantes;Ambos sexos;De 16 a 29 años;83,24999999;
Dalías;2011;Demandantes;Ambos sexos;De 30 a 44 años;146,24999997;
Dalías;2011;Demandantes;Ambos sexos;De 45 a 64 años;98,66666667;
Dalías;2011;Demandantes;Ambos sexos;TOTAL;328,16666663;
Dalías;2012;Demandantes;Hombres;De 16 a 29 años;44,25;
Dalías;2012;Demandantes;Hombres;De 30 a 44 años;74,75;
Dalías;2012;Demandantes;Hombres;De 45 a 64 años;69,99999999;
Dalías;2012;Demandantes;Hombres;TOTAL;188,99999999;
Dalías;2012;Demandantes;Mujeres;De 16 a 29 años;49,49999999;
Dalías;2012;Demandantes;Mujeres;De 30 a 44 años;80,49999998;
Dalías;2012;Demandantes;Mujeres;De 45 a 64 años;47,25000001;
Dalías;2012;Demandantes;Mujeres;TOTAL;177,24999998;
Dalías;2012;Demandantes;Ambos sexos;De 16 a 29 años;93,74999999;
Dalías;2012;Demandantes;Ambos sexos;De 30 a 44 años;155,24999998;
Dalías;2012;Demandantes;Ambos sexos;De 45 a 64 años;117,25;
Dalías;2012;Demandantes;Ambos sexos;TOTAL;366,24999997;
El Ejido;2010;Demandantes;Hombres;De 16 a 29 años;1243,24999999;
El Ejido;2010;Demandantes;Hombres;De 30 a 44 años;2286,33333334;
El Ejido;2010;Demandantes;Hombres;De 45 a 64 años;1167,41666669;
El Ejido;2010;Demandantes;Hombres;TOTAL;4697,00000002;
El Ejido;2010;Demandantes;Mujeres;De 16 a 29 años;1048,08333334;
El Ejido;2010;Demandantes;Mujeres;De 30 a 44 años;1760,24999998;
El Ejido;2010;Demandantes;Mujeres;De 45 a 64 años;882,16666668;
El Ejido;2010;Demandantes;Mujeres;TOTAL;3690,5;
El Ejido;2010;Demandantes;Ambos sexos;De 16 a 29 años;2291,33333333;
El Ejido;2010;Demandantes;Ambos sexos;De 30 a 44 años;4046,58333332;
El Ejido;2010;Demandantes;Ambos sexos;De 45 a 64 años;2049,58333337;
El Ejido;2010;Demandantes;Ambos sexos;TOTAL;8387,50000002;
El Ejido;2011;Demandantes;Hombres;De 16 a 29 años;1020,74999998;
El Ejido;2011;Demandantes;Hombres;De 30 a 44 años;2160,00000001;
El Ejido;2011;Demandantes;Hombres;De 45 a 64 años;1318,33333335;
El Ejido;2011;Demandantes;Hombres;TOTAL;4499,08333334;
El Ejido;2011;Demandantes;Mujeres;De 16 a 29 años;1052,66666667;
El Ejido;2011;Demandantes;Mujeres;De 30 a 44 años;1805,66666666;
El Ejido;2011;Demandantes;Mujeres;De 45 a 64 años;1072,74999999;
El Ejido;2011;Demandantes;Mujeres;TOTAL;3931,08333332;
El Ejido;2011;Demandantes;Ambos sexos;De 16 a 29 años;2073,41666665;
El Ejido;2011;Demandantes;Ambos sexos;De 30 a 44 años;3965,66666667;
El Ejido;2011;Demandantes;Ambos sexos;De 45 a 64 años;2391,08333334;
El Ejido;2011;Demandantes;Ambos sexos;TOTAL;8430,16666666;
El Ejido;2012;Demandantes;Hombres;De 16 a 29 años;910,08333333;
El Ejido;2012;Demandantes;Hombres;De 30 a 44 años;1996,33333331;
El Ejido;2012;Demandantes;Hombres;De 45 a 64 años;1522,74999997;
El Ejido;2012;Demandantes;Hombres;TOTAL;4429,16666661;
El Ejido;2012;Demandantes;Mujeres;De 16 a 29 años;1092,33333335;
El Ejido;2012;Demandantes;Mujeres;De 30 a 44 años;1834,41666664;
El Ejido;2012;Demandantes;Mujeres;De 45 a 64 años;1283,08333332;
El Ejido;2012;Demandantes;Mujeres;TOTAL;4209,83333331;
El Ejido;2012;Demandantes;Ambos sexos;De 16 a 29 años;2002,41666668;
El Ejido;2012;Demandantes;Ambos sexos;De 30 a 44 años;3830,74999995;
El Ejido;2012;Demandantes;Ambos sexos;De 45 a 64 años;2805,83333329;
El Ejido;2012;Demandantes;Ambos sexos;TOTAL;8638,99999992;
Enix;2010;Demandantes;Hombres;De 16 a 29 años;1,74999999;
Enix;2010;Demandantes;Hombres;De 30 a 44 años;4,66666667;
Enix;2010;Demandantes;Hombres;De 45 a 64 años;10,08333333;
Enix;2010;Demandantes;Hombres;TOTAL;16,49999999;
Enix;2010;Demandantes;Mujeres;De 16 a 29 años;1,83333333;
Enix;2010;Demandantes;Mujeres;De 30 a 44 años;4,66666666;
Enix;2010;Demandantes;Mujeres;De 45 a 64 años;1,58333333;
Enix;2010;Demandantes;Mujeres;TOTAL;8,08333332;
Enix;2010;Demandantes;Ambos sexos;De 16 a 29 años;3,58333332;
Enix;2010;Demandantes;Ambos sexos;De 30 a 44 años;9,33333333;
Enix;2010;Demandantes;Ambos sexos;De 45 a 64 años;11,66666666;
Enix;2010;Demandantes;Ambos sexos;TOTAL;24,58333331;
Enix;2011;Demandantes;Hombres;De 16 a 29 años;2,75;
Enix;2011;Demandantes;Hombres;De 30 a 44 años;5,08333333;
Enix;2011;Demandantes;Hombres;De 45 a 64 años;8,83333333;
Enix;2011;Demandantes;Hombres;TOTAL;16,66666666;
Enix;2011;Demandantes;Mujeres;De 16 a 29 años;1,25;
Enix;2011;Demandantes;Mujeres;De 30 a 44 años;5,24999999;
Enix;2011;Demandantes;Mujeres;De 45 a 64 años;1,91666666;
Enix;2011;Demandantes;Mujeres;TOTAL;8,41666665;
Enix;2011;Demandantes;Ambos sexos;De 16 a 29 años;4;
Enix;2011;Demandantes;Ambos sexos;De 30 a 44 años;10,33333332;
Enix;2011;Demandantes;Ambos sexos;De 45 a 64 años;10,74999999;
Enix;2011;Demandantes;Ambos sexos;TOTAL;25,08333331;
Enix;2012;Demandantes;Hombres;De 16 a 29 años;2,91666666;
Enix;2012;Demandantes;Hombres;De 30 a 44 años;6,33333333;
Enix;2012;Demandantes;Hombres;De 45 a 64 años;10,49999999;
Enix;2012;Demandantes;Hombres;TOTAL;19,74999998;
Enix;2012;Demandantes;Mujeres;De 16 a 29 años;2,08333333;
Enix;2012;Demandantes;Mujeres;De 30 a 44 años;4,24999999;
Enix;2012;Demandantes;Mujeres;De 45 a 64 años;3,00000001;
Enix;2012;Demandantes;Mujeres;TOTAL;9,33333333;
Enix;2012;Demandantes;Ambos sexos;De 16 a 29 años;4,99999999;
Enix;2012;Demandantes;Ambos sexos;De 30 a 44 años;10,58333332;
Enix;2012;Demandantes;Ambos sexos;De 45 a 64 años;13,5;
Enix;2012;Demandantes;Ambos sexos;TOTAL;29,08333331;
Felix;2010;Demandantes;Hombres;De 16 a 29 años;4,25;
Felix;2010;Demandantes;Hombres;De 30 a 44 años;9,5;
Felix;2010;Demandantes;Hombres;De 45 a 64 años;8,25;
Felix;2010;Demandantes;Hombres;TOTAL;22;
Felix;2010;Demandantes;Mujeres;De 16 a 29 años;3,41666666;
Felix;2010;Demandantes;Mujeres;De 30 a 44 años;7,91666667;
Felix;2010;Demandantes;Mujeres;De 45 a 64 años;1,74999999;
Felix;2010;Demandantes;Mujeres;TOTAL;13,08333332;
Felix;2010;Demandantes;Ambos sexos;De 16 a 29 años;7,66666666;
Felix;2010;Demandantes;Ambos sexos;De 30 a 44 años;17,41666667;
Felix;2010;Demandantes;Ambos sexos;De 45 a 64 años;9,99999999;
Felix;2010;Demandantes;Ambos sexos;TOTAL;35,08333332;
Felix;2011;Demandantes;Hombres;De 16 a 29 años;3,74999999;
Felix;2011;Demandantes;Hombres;De 30 a 44 años;9,41666667;
Felix;2011;Demandantes;Hombres;De 45 a 64 años;9,16666666;
Felix;2011;Demandantes;Hombres;TOTAL;22,33333332;
Felix;2011;Demandantes;Mujeres;De 16 a 29 años;3,91666667;
Felix;2011;Demandantes;Mujeres;De 30 a 44 años;8;
Felix;2011;Demandantes;Mujeres;De 45 a 64 años;1,16666666;
Felix;2011;Demandantes;Mujeres;TOTAL;13,08333333;
Felix;2011;Demandantes;Ambos sexos;De 16 a 29 años;7,66666666;
Felix;2011;Demandantes;Ambos sexos;De 30 a 44 años;17,41666667;
Felix;2011;Demandantes;Ambos sexos;De 45 a 64 años;10,33333332;
Felix;2011;Demandantes;Ambos sexos;TOTAL;35,41666665;
Felix;2012;Demandantes;Hombres;De 16 a 29 años;6,41666666;
Felix;2012;Demandantes;Hombres;De 30 a 44 años;11,66666667;
Felix;2012;Demandantes;Hombres;De 45 a 64 años;9,41666666;
Felix;2012;Demandantes;Hombres;TOTAL;27,49999999;
Felix;2012;Demandantes;Mujeres;De 16 a 29 años;4,75;
Felix;2012;Demandantes;Mujeres;De 30 a 44 años;11,66666666;
Felix;2012;Demandantes;Mujeres;De 45 a 64 años;4,33333333;
Felix;2012;Demandantes;Mujeres;TOTAL;20,74999999;
Felix;2012;Demandantes;Ambos sexos;De 16 a 29 años;11,16666666;
Felix;2012;Demandantes;Ambos sexos;De 30 a 44 años;23,33333333;
Felix;2012;Demandantes;Ambos sexos;De 45 a 64 años;13,74999999;
Felix;2012;Demandantes;Ambos sexos;TOTAL;48,24999998;
Fines;2010;Demandantes;Hombres;De 16 a 29 años;43,16666667;
Fines;2010;Demandantes;Hombres;De 30 a 44 años;64,41666668;
Fines;2010;Demandantes;Hombres;De 45 a 64 años;53,83333333;
Fines;2010;Demandantes;Hombres;TOTAL;161,41666668;
Fines;2010;Demandantes;Mujeres;De 16 a 29 años;36;
Fines;2010;Demandantes;Mujeres;De 30 a 44 años;56,83333333;
Fines;2010;Demandantes;Mujeres;De 45 a 64 años;34,41666666;
Fines;2010;Demandantes;Mujeres;TOTAL;127,24999999;
Fines;2010;Demandantes;Ambos sexos;De 16 a 29 años;79,16666667;
Fines;2010;Demandantes;Ambos sexos;De 30 a 44 años;121,25000001;
Fines;2010;Demandantes;Ambos sexos;De 45 a 64 años;88,24999999;
Fines;2010;Demandantes;Ambos sexos;TOTAL;288,66666667;
Fines;2011;Demandantes;Hombres;De 16 a 29 años;45,33333332;
Fines;2011;Demandantes;Hombres;De 30 a 44 años;72,41666664;
Fines;2011;Demandantes;Hombres;De 45 a 64 años;63,49999998;
Fines;2011;Demandantes;Hombres;TOTAL;181,24999994;
Fines;2011;Demandantes;Mujeres;De 16 a 29 años;36,58333333;
Fines;2011;Demandantes;Mujeres;De 30 a 44 años;66;
Fines;2011;Demandantes;Mujeres;De 45 a 64 años;40,33333334;
Fines;2011;Demandantes;Mujeres;TOTAL;142,91666667;
Fines;2011;Demandantes;Ambos sexos;De 16 a 29 años;81,91666665;
Fines;2011;Demandantes;Ambos sexos;De 30 a 44 años;138,41666664;
Fines;2011;Demandantes;Ambos sexos;De 45 a 64 años;103,83333332;
Fines;2011;Demandantes;Ambos sexos;TOTAL;324,16666661;
Fines;2012;Demandantes;Hombres;De 16 a 29 años;45,50000001;
Fines;2012;Demandantes;Hombres;De 30 a 44 años;63,08333335;
Fines;2012;Demandantes;Hombres;De 45 a 64 años;75,5;
Fines;2012;Demandantes;Hombres;TOTAL;184,08333336;
Fines;2012;Demandantes;Mujeres;De 16 a 29 años;36,33333332;
Fines;2012;Demandantes;Mujeres;De 30 a 44 años;70,08333334;
Fines;2012;Demandantes;Mujeres;De 45 a 64 años;58,16666668;
Fines;2012;Demandantes;Mujeres;TOTAL;164,58333334;
Fines;2012;Demandantes;Ambos sexos;De 16 a 29 años;81,83333333;
Fines;2012;Demandantes;Ambos sexos;De 30 a 44 años;133,16666669;
Fines;2012;Demandantes;Ambos sexos;De 45 a 64 años;133,66666668;
Fines;2012;Demandantes;Ambos sexos;TOTAL;348,6666667;
Fiñana;2010;Demandantes;Hombres;De 16 a 29 años;30,08333334;
Fiñana;2010;Demandantes;Hombres;De 30 a 44 años;44,33333334;
Fiñana;2010;Demandantes;Hombres;De 45 a 64 años;49,25;
Fiñana;2010;Demandantes;Hombres;TOTAL;123,66666668;
Fiñana;2010;Demandantes;Mujeres;De 16 a 29 años;17,66666666;
Fiñana;2010;Demandantes;Mujeres;De 30 a 44 años;35,41666666;
Fiñana;2010;Demandantes;Mujeres;De 45 a 64 años;10,25;
Fiñana;2010;Demandantes;Mujeres;TOTAL;63,33333332;
Fiñana;2010;Demandantes;Ambos sexos;De 16 a 29 años;47,75;
Fiñana;2010;Demandantes;Ambos sexos;De 30 a 44 años;79,75;
Fiñana;2010;Demandantes;Ambos sexos;De 45 a 64 años;59,5;
Fiñana;2010;Demandantes;Ambos sexos;TOTAL;187;
Fiñana;2011;Demandantes;Hombres;De 16 a 29 años;30,16666668;
Fiñana;2011;Demandantes;Hombres;De 30 a 44 años;57,25;
Fiñana;2011;Demandantes;Hombres;De 45 a 64 años;56,50000001;
Fiñana;2011;Demandantes;Hombres;TOTAL;143,91666669;
Fiñana;2011;Demandantes;Mujeres;De 16 a 29 años;27,58333331;
Fiñana;2011;Demandantes;Mujeres;De 30 a 44 años;33,25000001;
Fiñana;2011;Demandantes;Mujeres;De 45 a 64 años;14,83333333;
Fiñana;2011;Demandantes;Mujeres;TOTAL;75,66666665;
Fiñana;2011;Demandantes;Ambos sexos;De 16 a 29 años;57,74999999;
Fiñana;2011;Demandantes;Ambos sexos;De 30 a 44 años;90,50000001;
Fiñana;2011;Demandantes;Ambos sexos;De 45 a 64 años;71,33333334;
Fiñana;2011;Demandantes;Ambos sexos;TOTAL;219,58333334;
Fiñana;2012;Demandantes;Hombres;De 16 a 29 años;37,33333334;
Fiñana;2012;Demandantes;Hombres;De 30 a 44 años;66,25;
Fiñana;2012;Demandantes;Hombres;De 45 a 64 años;68,83333332;
Fiñana;2012;Demandantes;Hombres;TOTAL;172,41666666;
Fiñana;2012;Demandantes;Mujeres;De 16 a 29 años;35,24999999;
Fiñana;2012;Demandantes;Mujeres;De 30 a 44 años;36,66666665;
Fiñana;2012;Demandantes;Mujeres;De 45 a 64 años;20,08333333;
Fiñana;2012;Demandantes;Mujeres;TOTAL;91,99999997;
Fiñana;2012;Demandantes;Ambos sexos;De 16 a 29 años;72,58333333;
Fiñana;2012;Demandantes;Ambos sexos;De 30 a 44 años;102,91666665;
Fiñana;2012;Demandantes;Ambos sexos;De 45 a 64 años;88,91666665;
Fiñana;2012;Demandantes;Ambos sexos;TOTAL;264,41666663;
Fondón;2010;Demandantes;Hombres;De 16 a 29 años;9,08333333;
Fondón;2010;Demandantes;Hombres;De 30 a 44 años;15,91666666;
Fondón;2010;Demandantes;Hombres;De 45 a 64 años;21;
Fondón;2010;Demandantes;Hombres;TOTAL;45,99999999;
Fondón;2010;Demandantes;Mujeres;De 16 a 29 años;3,91666667;
Fondón;2010;Demandantes;Mujeres;De 30 a 44 años;15,66666667;
Fondón;2010;Demandantes;Mujeres;De 45 a 64 años;8,41666666;
Fondón;2010;Demandantes;Mujeres;TOTAL;28;
Fondón;2010;Demandantes;Ambos sexos;De 16 a 29 años;13;
Fondón;2010;Demandantes;Ambos sexos;De 30 a 44 años;31,58333333;
Fondón;2010;Demandantes;Ambos sexos;De 45 a 64 años;29,41666666;
Fondón;2010;Demandantes;Ambos sexos;TOTAL;73,99999999;
Fondón;2011;Demandantes;Hombres;De 16 a 29 años;12,41666667;
Fondón;2011;Demandantes;Hombres;De 30 a 44 años;20,08333334;
Fondón;2011;Demandantes;Hombres;De 45 a 64 años;24,41666666;
Fondón;2011;Demandantes;Hombres;TOTAL;56,91666667;
Fondón;2011;Demandantes;Mujeres;De 16 a 29 años;5,66666666;
Fondón;2011;Demandantes;Mujeres;De 30 a 44 años;17,83333334;
Fondón;2011;Demandantes;Mujeres;De 45 a 64 años;7,91666666;
Fondón;2011;Demandantes;Mujeres;TOTAL;31,41666666;
Fondón;2011;Demandantes;Ambos sexos;De 16 a 29 años;18,08333333;
Fondón;2011;Demandantes;Ambos sexos;De 30 a 44 años;37,91666668;
Fondón;2011;Demandantes;Ambos sexos;De 45 a 64 años;32,33333332;
Fondón;2011;Demandantes;Ambos sexos;TOTAL;88,33333333;
Fondón;2012;Demandantes;Hombres;De 16 a 29 años;14,33333334;
Fondón;2012;Demandantes;Hombres;De 30 a 44 años;26,5;
Fondón;2012;Demandantes;Hombres;De 45 a 64 años;27,83333333;
Fondón;2012;Demandantes;Hombres;TOTAL;68,66666667;
Fondón;2012;Demandantes;Mujeres;De 16 a 29 años;7,08333334;
Fondón;2012;Demandantes;Mujeres;De 30 a 44 años;22,24999999;
Fondón;2012;Demandantes;Mujeres;De 45 a 64 años;9,5;
Fondón;2012;Demandantes;Mujeres;TOTAL;38,83333333;
Fondón;2012;Demandantes;Ambos sexos;De 16 a 29 años;21,41666668;
Fondón;2012;Demandantes;Ambos sexos;De 30 a 44 años;48,74999999;
Fondón;2012;Demandantes;Ambos sexos;De 45 a 64 años;37,33333333;
Fondón;2012;Demandantes;Ambos sexos;TOTAL;107,5;
Gádor;2010;Demandantes;Hombres;De 16 a 29 años;74,08333334;
Gádor;2010;Demandantes;Hombres;De 30 a 44 años;94,08333333;
Gádor;2010;Demandantes;Hombres;De 45 a 64 años;64,49999999;
Gádor;2010;Demandantes;Hombres;TOTAL;232,66666666;
Gádor;2010;Demandantes;Mujeres;De 16 a 29 años;55,91666668;
Gádor;2010;Demandantes;Mujeres;De 30 a 44 años;73,83333334;
Gádor;2010;Demandantes;Mujeres;De 45 a 64 años;41;
Gádor;2010;Demandantes;Mujeres;TOTAL;170,75000002;
Gádor;2010;Demandantes;Ambos sexos;De 16 a 29 años;130,00000002;
Gádor;2010;Demandantes;Ambos sexos;De 30 a 44 años;167,91666667;
Gádor;2010;Demandantes;Ambos sexos;De 45 a 64 años;105,49999999;
Gádor;2010;Demandantes;Ambos sexos;TOTAL;403,41666668;
Gádor;2011;Demandantes;Hombres;De 16 a 29 años;69,08333334;
Gádor;2011;Demandantes;Hombres;De 30 a 44 años;107,49999999;
Gádor;2011;Demandantes;Hombres;De 45 a 64 años;78,33333332;
Gádor;2011;Demandantes;Hombres;TOTAL;254,91666665;
Gádor;2011;Demandantes;Mujeres;De 16 a 29 años;49,58333334;
Gádor;2011;Demandantes;Mujeres;De 30 a 44 años;79,91666665;
Gádor;2011;Demandantes;Mujeres;De 45 a 64 años;46,66666667;
Gádor;2011;Demandantes;Mujeres;TOTAL;176,16666666;
Gádor;2011;Demandantes;Ambos sexos;De 16 a 29 años;118,66666668;
Gádor;2011;Demandantes;Ambos sexos;De 30 a 44 años;187,41666664;
Gádor;2011;Demandantes;Ambos sexos;De 45 a 64 años;124,99999999;
Gádor;2011;Demandantes;Ambos sexos;TOTAL;431,08333331;
Gádor;2012;Demandantes;Hombres;De 16 a 29 años;73,33333333;
Gádor;2012;Demandantes;Hombres;De 30 a 44 años;114,33333335;
Gádor;2012;Demandantes;Hombres;De 45 a 64 años;93,58333333;
Gádor;2012;Demandantes;Hombres;TOTAL;281,25000001;
Gádor;2012;Demandantes;Mujeres;De 16 a 29 años;53;
Gádor;2012;Demandantes;Mujeres;De 30 a 44 años;99,58333333;
Gádor;2012;Demandantes;Mujeres;De 45 a 64 años;70,16666668;
Gádor;2012;Demandantes;Mujeres;TOTAL;222,75000001;
Gádor;2012;Demandantes;Ambos sexos;De 16 a 29 años;126,33333333;
Gádor;2012;Demandantes;Ambos sexos;De 30 a 44 años;213,91666668;
Gádor;2012;Demandantes;Ambos sexos;De 45 a 64 años;163,75000001;
Gádor;2012;Demandantes;Ambos sexos;TOTAL;504,00000002;
Garrucha;2010;Demandantes;Hombres;De 16 a 29 años;137,25000003;
Garrucha;2010;Demandantes;Hombres;De 30 a 44 años;241,75000001;
Garrucha;2010;Demandantes;Hombres;De 45 a 64 años;184,91666664;
Garrucha;2010;Demandantes;Hombres;TOTAL;563,91666668;
Garrucha;2010;Demandantes;Mujeres;De 16 a 29 años;112,24999999;
Garrucha;2010;Demandantes;Mujeres;De 30 a 44 años;199,16666668;
Garrucha;2010;Demandantes;Mujeres;De 45 a 64 años;143,00000001;
Garrucha;2010;Demandantes;Mujeres;TOTAL;454,41666668;
Garrucha;2010;Demandantes;Ambos sexos;De 16 a 29 años;249,50000002;
Garrucha;2010;Demandantes;Ambos sexos;De 30 a 44 años;440,91666669;
Garrucha;2010;Demandantes;Ambos sexos;De 45 a 64 años;327,91666665;
Garrucha;2010;Demandantes;Ambos sexos;TOTAL;1018,33333336;
Garrucha;2011;Demandantes;Hombres;De 16 a 29 años;122,83333332;
Garrucha;2011;Demandantes;Hombres;De 30 a 44 años;218,49999997;
Garrucha;2011;Demandantes;Hombres;De 45 a 64 años;177,5;
Garrucha;2011;Demandantes;Hombres;TOTAL;518,83333329;
Garrucha;2011;Demandantes;Mujeres;De 16 a 29 años;95,74999999;
Garrucha;2011;Demandantes;Mujeres;De 30 a 44 años;215,16666665;
Garrucha;2011;Demandantes;Mujeres;De 45 a 64 años;163,66666667;
Garrucha;2011;Demandantes;Mujeres;TOTAL;474,58333331;
Garrucha;2011;Demandantes;Ambos sexos;De 16 a 29 años;218,58333331;
Garrucha;2011;Demandantes;Ambos sexos;De 30 a 44 años;433,66666662;
Garrucha;2011;Demandantes;Ambos sexos;De 45 a 64 años;341,16666667;
Garrucha;2011;Demandantes;Ambos sexos;TOTAL;993,4166666;
Garrucha;2012;Demandantes;Hombres;De 16 a 29 años;117,91666668;
Garrucha;2012;Demandantes;Hombres;De 30 a 44 años;217;
Garrucha;2012;Demandantes;Hombres;De 45 a 64 años;204,16666668;
Garrucha;2012;Demandantes;Hombres;TOTAL;539,08333336;
Garrucha;2012;Demandantes;Mujeres;De 16 a 29 años;104,08333336;
Garrucha;2012;Demandantes;Mujeres;De 30 a 44 años;226,08333332;
Garrucha;2012;Demandantes;Mujeres;De 45 a 64 años;183,00000001;
Garrucha;2012;Demandantes;Mujeres;TOTAL;513,16666669;
Garrucha;2012;Demandantes;Ambos sexos;De 16 a 29 años;222,00000004;
Garrucha;2012;Demandantes;Ambos sexos;De 30 a 44 años;443,08333332;
Garrucha;2012;Demandantes;Ambos sexos;De 45 a 64 años;387,16666669;
Garrucha;2012;Demandantes;Ambos sexos;TOTAL;1052,25000005;
Gérgal;2010;Demandantes;Hombres;De 16 a 29 años;5,83333334;
Gérgal;2010;Demandantes;Hombres;De 30 a 44 años;15,91666666;
Gérgal;2010;Demandantes;Hombres;De 45 a 64 años;16,25;
Gérgal;2010;Demandantes;Hombres;TOTAL;38;
Gérgal;2010;Demandantes;Mujeres;De 16 a 29 años;4,5;
Gérgal;2010;Demandantes;Mujeres;De 30 a 44 años;8,41666667;
Gérgal;2010;Demandantes;Mujeres;De 45 a 64 años;6,75;
Gérgal;2010;Demandantes;Mujeres;TOTAL;19,66666667;
Gérgal;2010;Demandantes;Ambos sexos;De 16 a 29 años;10,33333334;
Gérgal;2010;Demandantes;Ambos sexos;De 30 a 44 años;24,33333333;
Gérgal;2010;Demandantes;Ambos sexos;De 45 a 64 años;23;
Gérgal;2010;Demandantes;Ambos sexos;TOTAL;57,66666667;
Gérgal;2011;Demandantes;Hombres;De 16 a 29 años;6,08333333;
Gérgal;2011;Demandantes;Hombres;De 30 a 44 años;22,25000001;
Gérgal;2011;Demandantes;Hombres;De 45 a 64 años;17,08333334;
Gérgal;2011;Demandantes;Hombres;TOTAL;45,41666668;
Gérgal;2011;Demandantes;Mujeres;De 16 a 29 años;4,83333332;
Gérgal;2011;Demandantes;Mujeres;De 30 a 44 años;9,74999999;
Gérgal;2011;Demandantes;Mujeres;De 45 a 64 años;9,83333333;
Gérgal;2011;Demandantes;Mujeres;TOTAL;24,41666664;
Gérgal;2011;Demandantes;Ambos sexos;De 16 a 29 años;10,91666665;
Gérgal;2011;Demandantes;Ambos sexos;De 30 a 44 años;32;
Gérgal;2011;Demandantes;Ambos sexos;De 45 a 64 años;26,91666667;
Gérgal;2011;Demandantes;Ambos sexos;TOTAL;69,83333332;
Gérgal;2012;Demandantes;Hombres;De 16 a 29 años;7,58333332;
Gérgal;2012;Demandantes;Hombres;De 30 a 44 años;30,16666667;
Gérgal;2012;Demandantes;Hombres;De 45 a 64 años;28,16666666;
Gérgal;2012;Demandantes;Hombres;TOTAL;65,91666665;
Gérgal;2012;Demandantes;Mujeres;De 16 a 29 años;9,83333332;
Gérgal;2012;Demandantes;Mujeres;De 30 a 44 años;9;
Gérgal;2012;Demandantes;Mujeres;De 45 a 64 años;9,41666666;
Gérgal;2012;Demandantes;Mujeres;TOTAL;28,24999998;
Gérgal;2012;Demandantes;Ambos sexos;De 16 a 29 años;17,41666664;
Gérgal;2012;Demandantes;Ambos sexos;De 30 a 44 años;39,16666667;
Gérgal;2012;Demandantes;Ambos sexos;De 45 a 64 años;37,58333332;
Gérgal;2012;Demandantes;Ambos sexos;TOTAL;94,16666663;
Huécija;2010;Demandantes;Hombres;De 16 a 29 años;5,58333333;
Huécija;2010;Demandantes;Hombres;De 30 a 44 años;7,41666666;
Huécija;2010;Demandantes;Hombres;De 45 a 64 años;5,08333334;
Huécija;2010;Demandantes;Hombres;TOTAL;18,08333333;
Huécija;2010;Demandantes;Mujeres;De 16 a 29 años;3,33333333;
Huécija;2010;Demandantes;Mujeres;De 30 a 44 años;4,5;
Huécija;2010;Demandantes;Mujeres;De 45 a 64 años;2,58333333;
Huécija;2010;Demandantes;Mujeres;TOTAL;10,41666666;
Huécija;2010;Demandantes;Ambos sexos;De 16 a 29 años;8,91666666;
Huécija;2010;Demandantes;Ambos sexos;De 30 a 44 años;11,91666666;
Huécija;2010;Demandantes;Ambos sexos;De 45 a 64 años;7,66666667;
Huécija;2010;Demandantes;Ambos sexos;TOTAL;28,49999999;
Huécija;2011;Demandantes;Hombres;De 16 a 29 años;7,58333333;
Huécija;2011;Demandantes;Hombres;De 30 a 44 años;7,74999999;
Huécija;2011;Demandantes;Hombres;De 45 a 64 años;8,25;
Huécija;2011;Demandantes;Hombres;TOTAL;23,58333332;
Huécija;2011;Demandantes;Mujeres;De 16 a 29 años;4,58333333;
Huécija;2011;Demandantes;Mujeres;De 30 a 44 años;7,83333334;
Huécija;2011;Demandantes;Mujeres;De 45 a 64 años;5,75;
Huécija;2011;Demandantes;Mujeres;TOTAL;18,16666667;
Huécija;2011;Demandantes;Ambos sexos;De 16 a 29 años;12,16666666;
Huécija;2011;Demandantes;Ambos sexos;De 30 a 44 años;15,58333333;
Huécija;2011;Demandantes;Ambos sexos;De 45 a 64 años;14;
Huécija;2011;Demandantes;Ambos sexos;TOTAL;41,74999999;
Huécija;2012;Demandantes;Hombres;De 16 a 29 años;5,99999999;
Huécija;2012;Demandantes;Hombres;De 30 a 44 años;7,41666667;
Huécija;2012;Demandantes;Hombres;De 45 a 64 años;7,83333333;
Huécija;2012;Demandantes;Hombres;TOTAL;21,24999999;
Huécija;2012;Demandantes;Mujeres;De 16 a 29 años;6,91666667;
Huécija;2012;Demandantes;Mujeres;De 30 a 44 años;10,74999999;
Huécija;2012;Demandantes;Mujeres;De 45 a 64 años;8,41666667;
Huécija;2012;Demandantes;Mujeres;TOTAL;26,08333333;
Huécija;2012;Demandantes;Ambos sexos;De 16 a 29 años;12,91666666;
Huécija;2012;Demandantes;Ambos sexos;De 30 a 44 años;18,16666666;
Huécija;2012;Demandantes;Ambos sexos;De 45 a 64 años;16,25;
Huécija;2012;Demandantes;Ambos sexos;TOTAL;47,33333332;
Huércal de Almería;2010;Demandantes;Hombres;De 16 a 29 años;224,25000001;
Huércal de Almería;2010;Demandantes;Hombres;De 30 a 44 años;390,33333332;
Huércal de Almería;2010;Demandantes;Hombres;De 45 a 64 años;225,41666665;
Huércal de Almería;2010;Demandantes;Hombres;TOTAL;839,99999998;
Huércal de Almería;2010;Demandantes;Mujeres;De 16 a 29 años;194,74999999;
Huércal de Almería;2010;Demandantes;Mujeres;De 30 a 44 años;496,58333331;
Huércal de Almería;2010;Demandantes;Mujeres;De 45 a 64 años;215,00000001;
Huércal de Almería;2010;Demandantes;Mujeres;TOTAL;906,33333331;
Huércal de Almería;2010;Demandantes;Ambos sexos;De 16 a 29 años;419;
Huércal de Almería;2010;Demandantes;Ambos sexos;De 30 a 44 años;886,91666663;
Huércal de Almería;2010;Demandantes;Ambos sexos;De 45 a 64 años;440,41666666;
Huércal de Almería;2010;Demandantes;Ambos sexos;TOTAL;1746,33333329;
Huércal de Almería;2011;Demandantes;Hombres;De 16 a 29 años;248,49999998;
Huércal de Almería;2011;Demandantes;Hombres;De 30 a 44 años;418,74999998;
Huércal de Almería;2011;Demandantes;Hombres;De 45 a 64 años;268,83333333;
Huércal de Almería;2011;Demandantes;Hombres;TOTAL;936,08333329;
Huércal de Almería;2011;Demandantes;Mujeres;De 16 a 29 años;205,25000001;
Huércal de Almería;2011;Demandantes;Mujeres;De 30 a 44 años;524,33333335;
Huércal de Almería;2011;Demandantes;Mujeres;De 45 a 64 años;252,66666669;
Huércal de Almería;2011;Demandantes;Mujeres;TOTAL;982,25000005;
Huércal de Almería;2011;Demandantes;Ambos sexos;De 16 a 29 años;453,74999999;
Huércal de Almería;2011;Demandantes;Ambos sexos;De 30 a 44 años;943,08333333;
Huércal de Almería;2011;Demandantes;Ambos sexos;De 45 a 64 años;521,50000002;
Huércal de Almería;2011;Demandantes;Ambos sexos;TOTAL;1918,33333334;
Huércal de Almería;2012;Demandantes;Hombres;De 16 a 29 años;250,25;
Huércal de Almería;2012;Demandantes;Hombres;De 30 a 44 años;497,41666666;
Huércal de Almería;2012;Demandantes;Hombres;De 45 a 64 años;314,75000003;
Huércal de Almería;2012;Demandantes;Hombres;TOTAL;1062,41666669;
Huércal de Almería;2012;Demandantes;Mujeres;De 16 a 29 años;231,5;
Huércal de Almería;2012;Demandantes;Mujeres;De 30 a 44 años;593,91666667;
Huércal de Almería;2012;Demandantes;Mujeres;De 45 a 64 años;305,41666666;
Huércal de Almería;2012;Demandantes;Mujeres;TOTAL;1130,83333333;
Huércal de Almería;2012;Demandantes;Ambos sexos;De 16 a 29 años;481,75;
Huércal de Almería;2012;Demandantes;Ambos sexos;De 30 a 44 años;1091,33333333;
Huércal de Almería;2012;Demandantes;Ambos sexos;De 45 a 64 años;620,16666669;
Huércal de Almería;2012;Demandantes;Ambos sexos;TOTAL;2193,25000002;
Huércal-Overa;2010;Demandantes;Hombres;De 16 a 29 años;234,75;
Huércal-Overa;2010;Demandantes;Hombres;De 30 a 44 años;423,41666664;
Huércal-Overa;2010;Demandantes;Hombres;De 45 a 64 años;312,33333331;
Huércal-Overa;2010;Demandantes;Hombres;TOTAL;970,49999995;
Huércal-Overa;2010;Demandantes;Mujeres;De 16 a 29 años;181,24999999;
Huércal-Overa;2010;Demandantes;Mujeres;De 30 a 44 años;334,83333332;
Huércal-Overa;2010;Demandantes;Mujeres;De 45 a 64 años;201,41666666;
Huércal-Overa;2010;Demandantes;Mujeres;TOTAL;717,49999997;
Huércal-Overa;2010;Demandantes;Ambos sexos;De 16 a 29 años;415,99999999;
Huércal-Overa;2010;Demandantes;Ambos sexos;De 30 a 44 años;758,24999996;
Huércal-Overa;2010;Demandantes;Ambos sexos;De 45 a 64 años;513,74999997;
Huércal-Overa;2010;Demandantes;Ambos sexos;TOTAL;1687,99999992;
Huércal-Overa;2011;Demandantes;Hombres;De 16 a 29 años;210,41666667;
Huércal-Overa;2011;Demandantes;Hombres;De 30 a 44 años;379,16666668;
Huércal-Overa;2011;Demandantes;Hombres;De 45 a 64 años;318,16666668;
Huércal-Overa;2011;Demandantes;Hombres;TOTAL;907,75000003;
Huércal-Overa;2011;Demandantes;Mujeres;De 16 a 29 años;194,16666668;
Huércal-Overa;2011;Demandantes;Mujeres;De 30 a 44 años;369,58333331;
Huércal-Overa;2011;Demandantes;Mujeres;De 45 a 64 años;229,08333335;
Huércal-Overa;2011;Demandantes;Mujeres;TOTAL;792,83333334;
Huércal-Overa;2011;Demandantes;Ambos sexos;De 16 a 29 años;404,58333335;
Huércal-Overa;2011;Demandantes;Ambos sexos;De 30 a 44 años;748,74999999;
Huércal-Overa;2011;Demandantes;Ambos sexos;De 45 a 64 años;547,25000003;
Huércal-Overa;2011;Demandantes;Ambos sexos;TOTAL;1700,58333337;
Huércal-Overa;2012;Demandantes;Hombres;De 16 a 29 años;226,41666666;
Huércal-Overa;2012;Demandantes;Hombres;De 30 a 44 años;405,24999999;
Huércal-Overa;2012;Demandantes;Hombres;De 45 a 64 años;376,41666669;
Huércal-Overa;2012;Demandantes;Hombres;TOTAL;1008,08333334;
Huércal-Overa;2012;Demandantes;Mujeres;De 16 a 29 años;217,24999998;
Huércal-Overa;2012;Demandantes;Mujeres;De 30 a 44 años;428,16666667;
Huércal-Overa;2012;Demandantes;Mujeres;De 45 a 64 años;284,00000001;
Huércal-Overa;2012;Demandantes;Mujeres;TOTAL;929,41666666;
Huércal-Overa;2012;Demandantes;Ambos sexos;De 16 a 29 años;443,66666664;
Huércal-Overa;2012;Demandantes;Ambos sexos;De 30 a 44 años;833,41666666;
Huércal-Overa;2012;Demandantes;Ambos sexos;De 45 a 64 años;660,4166667;
Huércal-Overa;2012;Demandantes;Ambos sexos;TOTAL;1937,5;
Íllar;2010;Demandantes;Hombres;De 16 a 29 años;5,83333334;
Íllar;2010;Demandantes;Hombres;De 30 a 44 años;10,08333333;
Íllar;2010;Demandantes;Hombres;De 45 a 64 años;2,58333334;
Íllar;2010;Demandantes;Hombres;TOTAL;18,50000001;
Íllar;2010;Demandantes;Mujeres;De 16 a 29 años;5,58333332;
Íllar;2010;Demandantes;Mujeres;De 30 a 44 años;4,50000001;
Íllar;2010;Demandantes;Mujeres;De 45 a 64 años;1,91666667;
Íllar;2010;Demandantes;Mujeres;TOTAL;12;
Íllar;2010;Demandantes;Ambos sexos;De 16 a 29 años;11,41666666;
Íllar;2010;Demandantes;Ambos sexos;De 30 a 44 años;14,58333334;
Íllar;2010;Demandantes;Ambos sexos;De 45 a 64 años;4,50000001;
Íllar;2010;Demandantes;Ambos sexos;TOTAL;30,50000001;
Íllar;2011;Demandantes;Hombres;De 16 a 29 años;4,41666667;
Íllar;2011;Demandantes;Hombres;De 30 a 44 años;11,66666666;
Íllar;2011;Demandantes;Hombres;De 45 a 64 años;4,24999999;
Íllar;2011;Demandantes;Hombres;TOTAL;20,33333332;
Íllar;2011;Demandantes;Mujeres;De 16 a 29 años;3,91666667;
Íllar;2011;Demandantes;Mujeres;De 30 a 44 años;6,74999999;
Íllar;2011;Demandantes;Mujeres;De 45 a 64 años;3,16666666;
Íllar;2011;Demandantes;Mujeres;TOTAL;13,83333332;
Íllar;2011;Demandantes;Ambos sexos;De 16 a 29 años;8,33333334;
Íllar;2011;Demandantes;Ambos sexos;De 30 a 44 años;18,41666665;
Íllar;2011;Demandantes;Ambos sexos;De 45 a 64 años;7,41666665;
Íllar;2011;Demandantes;Ambos sexos;TOTAL;34,16666664;
Íllar;2012;Demandantes;Hombres;De 16 a 29 años;5,75;
Íllar;2012;Demandantes;Hombres;De 30 a 44 años;9,91666667;
Íllar;2012;Demandantes;Hombres;De 45 a 64 años;5,91666667;
Íllar;2012;Demandantes;Hombres;TOTAL;21,58333334;
Íllar;2012;Demandantes;Mujeres;De 16 a 29 años;3,08333334;
Íllar;2012;Demandantes;Mujeres;De 30 a 44 años;4,33333334;
Íllar;2012;Demandantes;Mujeres;De 45 a 64 años;2,91666667;
Íllar;2012;Demandantes;Mujeres;TOTAL;10,33333335;
Íllar;2012;Demandantes;Ambos sexos;De 16 a 29 años;8,83333334;
Íllar;2012;Demandantes;Ambos sexos;De 30 a 44 años;14,25000001;
Íllar;2012;Demandantes;Ambos sexos;De 45 a 64 años;8,83333334;
Íllar;2012;Demandantes;Ambos sexos;TOTAL;31,91666669;
Instinción;2010;Demandantes;Hombres;De 16 a 29 años;4,41666666;
Instinción;2010;Demandantes;Hombres;De 30 a 44 años;7,58333333;
Instinción;2010;Demandantes;Hombres;De 45 a 64 años;5,33333333;
Instinción;2010;Demandantes;Hombres;TOTAL;17,33333332;
Instinción;2010;Demandantes;Mujeres;De 16 a 29 años;6,08333334;
Instinción;2010;Demandantes;Mujeres;De 30 a 44 años;6,41666667;
Instinción;2010;Demandantes;Mujeres;De 45 a 64 años;2,75;
Instinción;2010;Demandantes;Mujeres;TOTAL;15,25000001;
Instinción;2010;Demandantes;Ambos sexos;De 16 a 29 años;10,5;
Instinción;2010;Demandantes;Ambos sexos;De 30 a 44 años;14;
Instinción;2010;Demandantes;Ambos sexos;De 45 a 64 años;8,08333333;
Instinción;2010;Demandantes;Ambos sexos;TOTAL;32,58333333;
Instinción;2011;Demandantes;Hombres;De 16 a 29 años;6,08333334;
Instinción;2011;Demandantes;Hombres;De 30 a 44 años;9,25000001;
Instinción;2011;Demandantes;Hombres;De 45 a 64 años;6,74999999;
Instinción;2011;Demandantes;Hombres;TOTAL;22,08333334;
Instinción;2011;Demandantes;Mujeres;De 16 a 29 años;4,25;
Instinción;2011;Demandantes;Mujeres;De 30 a 44 años;6,16666668;
Instinción;2011;Demandantes;Mujeres;De 45 a 64 años;3,5;
Instinción;2011;Demandantes;Mujeres;TOTAL;13,91666668;
Instinción;2011;Demandantes;Ambos sexos;De 16 a 29 años;10,33333334;
Instinción;2011;Demandantes;Ambos sexos;De 30 a 44 años;15,41666669;
Instinción;2011;Demandantes;Ambos sexos;De 45 a 64 años;10,24999999;
Instinción;2011;Demandantes;Ambos sexos;TOTAL;36,00000002;
Instinción;2012;Demandantes;Hombres;De 16 a 29 años;8,16666666;
Instinción;2012;Demandantes;Hombres;De 30 a 44 años;9,91666667;
Instinción;2012;Demandantes;Hombres;De 45 a 64 años;8,08333331;
Instinción;2012;Demandantes;Hombres;TOTAL;26,16666664;
Instinción;2012;Demandantes;Mujeres;De 16 a 29 años;4,25;
Instinción;2012;Demandantes;Mujeres;De 30 a 44 años;5,75;
Instinción;2012;Demandantes;Mujeres;De 45 a 64 años;3,75000001;
Instinción;2012;Demandantes;Mujeres;TOTAL;13,75000001;
Instinción;2012;Demandantes;Ambos sexos;De 16 a 29 años;12,41666666;
Instinción;2012;Demandantes;Ambos sexos;De 30 a 44 años;15,66666667;
Instinción;2012;Demandantes;Ambos sexos;De 45 a 64 años;11,83333332;
Instinción;2012;Demandantes;Ambos sexos;TOTAL;39,91666665;
La Mojonera;2010;Demandantes;Hombres;De 16 a 29 años;115,25;
La Mojonera;2010;Demandantes;Hombres;De 30 a 44 años;209,99999999;
La Mojonera;2010;Demandantes;Hombres;De 45 a 64 años;139,16666666;
La Mojonera;2010;Demandantes;Hombres;TOTAL;464,41666665;
La Mojonera;2010;Demandantes;Mujeres;De 16 a 29 años;113,91666666;
La Mojonera;2010;Demandantes;Mujeres;De 30 a 44 años;126,58333334;
La Mojonera;2010;Demandantes;Mujeres;De 45 a 64 años;79,83333332;
La Mojonera;2010;Demandantes;Mujeres;TOTAL;320,33333332;
La Mojonera;2010;Demandantes;Ambos sexos;De 16 a 29 años;229,16666666;
La Mojonera;2010;Demandantes;Ambos sexos;De 30 a 44 años;336,58333333;
La Mojonera;2010;Demandantes;Ambos sexos;De 45 a 64 años;218,99999998;
La Mojonera;2010;Demandantes;Ambos sexos;TOTAL;784,74999997;
La Mojonera;2011;Demandantes;Hombres;De 16 a 29 años;103,16666667;
La Mojonera;2011;Demandantes;Hombres;De 30 a 44 años;178,50000001;
La Mojonera;2011;Demandantes;Hombres;De 45 a 64 años;148,08333334;
La Mojonera;2011;Demandantes;Hombres;TOTAL;429,75000002;
La Mojonera;2011;Demandantes;Mujeres;De 16 a 29 años;111,25000001;
La Mojonera;2011;Demandantes;Mujeres;De 30 a 44 años;142,33333334;
La Mojonera;2011;Demandantes;Mujeres;De 45 a 64 años;96,33333333;
La Mojonera;2011;Demandantes;Mujeres;TOTAL;349,91666668;
La Mojonera;2011;Demandantes;Ambos sexos;De 16 a 29 años;214,41666668;
La Mojonera;2011;Demandantes;Ambos sexos;De 30 a 44 años;320,83333335;
La Mojonera;2011;Demandantes;Ambos sexos;De 45 a 64 años;244,41666667;
La Mojonera;2011;Demandantes;Ambos sexos;TOTAL;779,6666667;
La Mojonera;2012;Demandantes;Hombres;De 16 a 29 años;95,66666667;
La Mojonera;2012;Demandantes;Hombres;De 30 a 44 años;177,41666667;
La Mojonera;2012;Demandantes;Hombres;De 45 a 64 años;157,58333332;
La Mojonera;2012;Demandantes;Hombres;TOTAL;430,66666666;
La Mojonera;2012;Demandantes;Mujeres;De 16 a 29 años;124,08333334;
La Mojonera;2012;Demandantes;Mujeres;De 30 a 44 años;153,83333334;
La Mojonera;2012;Demandantes;Mujeres;De 45 a 64 años;113,66666666;
La Mojonera;2012;Demandantes;Mujeres;TOTAL;391,58333334;
La Mojonera;2012;Demandantes;Ambos sexos;De 16 a 29 años;219,75000001;
La Mojonera;2012;Demandantes;Ambos sexos;De 30 a 44 años;331,25000001;
La Mojonera;2012;Demandantes;Ambos sexos;De 45 a 64 años;271,24999998;
La Mojonera;2012;Demandantes;Ambos sexos;TOTAL;822,25;
Laroya;2010;Demandantes;Hombres;De 16 a 29 años;2,91666667;
Laroya;2010;Demandantes;Hombres;De 30 a 44 años;1,08333333;
Laroya;2010;Demandantes;Hombres;De 45 a 64 años;3,41666667;
Laroya;2010;Demandantes;Hombres;TOTAL;7,41666667;
Laroya;2010;Demandantes;Mujeres;De 16 a 29 años;0,66666667;
Laroya;2010;Demandantes;Mujeres;De 30 a 44 años;3,24999999;
Laroya;2010;Demandantes;Mujeres;De 45 a 64 años;1;
Laroya;2010;Demandantes;Mujeres;TOTAL;4,91666666;
Laroya;2010;Demandantes;Ambos sexos;De 16 a 29 años;3,58333334;
Laroya;2010;Demandantes;Ambos sexos;De 30 a 44 años;4,33333332;
Laroya;2010;Demandantes;Ambos sexos;De 45 a 64 años;4,41666667;
Laroya;2010;Demandantes;Ambos sexos;TOTAL;12,33333333;
Laroya;2011;Demandantes;Hombres;De 16 a 29 años;3,66666666;
Laroya;2011;Demandantes;Hombres;De 30 a 44 años;-;
Laroya;2011;Demandantes;Hombres;De 45 a 64 años;3,83333332;
Laroya;2011;Demandantes;Hombres;TOTAL;7,49999998;
Laroya;2011;Demandantes;Mujeres;De 16 a 29 años;-;
Laroya;2011;Demandantes;Mujeres;De 30 a 44 años;2,08333333;
Laroya;2011;Demandantes;Mujeres;De 45 a 64 años;2,08333334;
Laroya;2011;Demandantes;Mujeres;TOTAL;4,16666667;
Laroya;2011;Demandantes;Ambos sexos;De 16 a 29 años;3,66666666;
Laroya;2011;Demandantes;Ambos sexos;De 30 a 44 años;2,08333333;
Laroya;2011;Demandantes;Ambos sexos;De 45 a 64 años;5,91666666;
Laroya;2011;Demandantes;Ambos sexos;TOTAL;11,66666665;
Laroya;2012;Demandantes;Hombres;De 16 a 29 años;3,41666667;
Laroya;2012;Demandantes;Hombres;De 30 a 44 años;0,08333333;
Laroya;2012;Demandantes;Hombres;De 45 a 64 años;6,75;
Laroya;2012;Demandantes;Hombres;TOTAL;10,25;
Laroya;2012;Demandantes;Mujeres;De 16 a 29 años;0,5;
Laroya;2012;Demandantes;Mujeres;De 30 a 44 años;3,83333334;
Laroya;2012;Demandantes;Mujeres;De 45 a 64 años;1,5;
Laroya;2012;Demandantes;Mujeres;TOTAL;5,83333334;
Laroya;2012;Demandantes;Ambos sexos;De 16 a 29 años;3,91666667;
Laroya;2012;Demandantes;Ambos sexos;De 30 a 44 años;3,91666667;
Laroya;2012;Demandantes;Ambos sexos;De 45 a 64 años;8,25;
Laroya;2012;Demandantes;Ambos sexos;TOTAL;16,08333334;
Las Tres Villas;2010;Demandantes;Hombres;De 16 a 29 años;6,16666667;
Las Tres Villas;2010;Demandantes;Hombres;De 30 a 44 años;11,5;
Las Tres Villas;2010;Demandantes;Hombres;De 45 a 64 años;4,91666666;
Las Tres Villas;2010;Demandantes;Hombres;TOTAL;22,58333333;
Las Tres Villas;2010;Demandantes;Mujeres;De 16 a 29 años;2;
Las Tres Villas;2010;Demandantes;Mujeres;De 30 a 44 años;3,16666666;
Las Tres Villas;2010;Demandantes;Mujeres;De 45 a 64 años;1,16666666;
Las Tres Villas;2010;Demandantes;Mujeres;TOTAL;6,33333332;
Las Tres Villas;2010;Demandantes;Ambos sexos;De 16 a 29 años;8,16666667;
Las Tres Villas;2010;Demandantes;Ambos sexos;De 30 a 44 años;14,66666666;
Las Tres Villas;2010;Demandantes;Ambos sexos;De 45 a 64 años;6,08333332;
Las Tres Villas;2010;Demandantes;Ambos sexos;TOTAL;28,91666665;
Las Tres Villas;2011;Demandantes;Hombres;De 16 a 29 años;6,66666665;
Las Tres Villas;2011;Demandantes;Hombres;De 30 a 44 años;7,83333331;
Las Tres Villas;2011;Demandantes;Hombres;De 45 a 64 años;6,74999999;
Las Tres Villas;2011;Demandantes;Hombres;TOTAL;21,24999995;
Las Tres Villas;2011;Demandantes;Mujeres;De 16 a 29 años;1,58333333;
Las Tres Villas;2011;Demandantes;Mujeres;De 30 a 44 años;2,75;
Las Tres Villas;2011;Demandantes;Mujeres;De 45 a 64 años;1;
Las Tres Villas;2011;Demandantes;Mujeres;TOTAL;5,33333333;
Las Tres Villas;2011;Demandantes;Ambos sexos;De 16 a 29 años;8,24999998;
Las Tres Villas;2011;Demandantes;Ambos sexos;De 30 a 44 años;10,58333331;
Las Tres Villas;2011;Demandantes;Ambos sexos;De 45 a 64 años;7,74999999;
Las Tres Villas;2011;Demandantes;Ambos sexos;TOTAL;26,58333328;
Las Tres Villas;2012;Demandantes;Hombres;De 16 a 29 años;5,08333333;
Las Tres Villas;2012;Demandantes;Hombres;De 30 a 44 años;8,25;
Las Tres Villas;2012;Demandantes;Hombres;De 45 a 64 años;9,75;
Las Tres Villas;2012;Demandantes;Hombres;TOTAL;23,08333333;
Las Tres Villas;2012;Demandantes;Mujeres;De 16 a 29 años;2,49999999;
Las Tres Villas;2012;Demandantes;Mujeres;De 30 a 44 años;5,33333333;
Las Tres Villas;2012;Demandantes;Mujeres;De 45 a 64 años;1,58333333;
Las Tres Villas;2012;Demandantes;Mujeres;TOTAL;9,41666665;
Las Tres Villas;2012;Demandantes;Ambos sexos;De 16 a 29 años;7,58333332;
Las Tres Villas;2012;Demandantes;Ambos sexos;De 30 a 44 años;13,58333333;
Las Tres Villas;2012;Demandantes;Ambos sexos;De 45 a 64 años;11,33333333;
Las Tres Villas;2012;Demandantes;Ambos sexos;TOTAL;32,49999998;
Laujar de Andarax;2010;Demandantes;Hombres;De 16 a 29 años;29,91666666;
Laujar de Andarax;2010;Demandantes;Hombres;De 30 a 44 años;40,00000001;
Laujar de Andarax;2010;Demandantes;Hombres;De 45 a 64 años;39,25;
Laujar de Andarax;2010;Demandantes;Hombres;TOTAL;109,16666667;
Laujar de Andarax;2010;Demandantes;Mujeres;De 16 a 29 años;18,25;
Laujar de Andarax;2010;Demandantes;Mujeres;De 30 a 44 años;30,16666667;
Laujar de Andarax;2010;Demandantes;Mujeres;De 45 a 64 años;21,16666667;
Laujar de Andarax;2010;Demandantes;Mujeres;TOTAL;69,58333334;
Laujar de Andarax;2010;Demandantes;Ambos sexos;De 16 a 29 años;48,16666666;
Laujar de Andarax;2010;Demandantes;Ambos sexos;De 30 a 44 años;70,16666668;
Laujar de Andarax;2010;Demandantes;Ambos sexos;De 45 a 64 años;60,41666667;
Laujar de Andarax;2010;Demandantes;Ambos sexos;TOTAL;178,75000001;
Laujar de Andarax;2011;Demandantes;Hombres;De 16 a 29 años;33,83333333;
Laujar de Andarax;2011;Demandantes;Hombres;De 30 a 44 años;35,66666667;
Laujar de Andarax;2011;Demandantes;Hombres;De 45 a 64 años;50,16666665;
Laujar de Andarax;2011;Demandantes;Hombres;TOTAL;119,66666665;
Laujar de Andarax;2011;Demandantes;Mujeres;De 16 a 29 años;14,83333334;
Laujar de Andarax;2011;Demandantes;Mujeres;De 30 a 44 años;25,41666666;
Laujar de Andarax;2011;Demandantes;Mujeres;De 45 a 64 años;24,41666667;
Laujar de Andarax;2011;Demandantes;Mujeres;TOTAL;64,66666667;
Laujar de Andarax;2011;Demandantes;Ambos sexos;De 16 a 29 años;48,66666667;
Laujar de Andarax;2011;Demandantes;Ambos sexos;De 30 a 44 años;61,08333333;
Laujar de Andarax;2011;Demandantes;Ambos sexos;De 45 a 64 años;74,58333332;
Laujar de Andarax;2011;Demandantes;Ambos sexos;TOTAL;184,33333332;
Laujar de Andarax;2012;Demandantes;Hombres;De 16 a 29 años;30,25;
Laujar de Andarax;2012;Demandantes;Hombres;De 30 a 44 años;42,08333333;
Laujar de Andarax;2012;Demandantes;Hombres;De 45 a 64 años;60,83333332;
Laujar de Andarax;2012;Demandantes;Hombres;TOTAL;133,16666665;
Laujar de Andarax;2012;Demandantes;Mujeres;De 16 a 29 años;16,50000001;
Laujar de Andarax;2012;Demandantes;Mujeres;De 30 a 44 años;31,83333332;
Laujar de Andarax;2012;Demandantes;Mujeres;De 45 a 64 años;34,58333332;
Laujar de Andarax;2012;Demandantes;Mujeres;TOTAL;82,91666665;
Laujar de Andarax;2012;Demandantes;Ambos sexos;De 16 a 29 años;46,75000001;
Laujar de Andarax;2012;Demandantes;Ambos sexos;De 30 a 44 años;73,91666665;
Laujar de Andarax;2012;Demandantes;Ambos sexos;De 45 a 64 años;95,41666664;
Laujar de Andarax;2012;Demandantes;Ambos sexos;TOTAL;216,0833333;
Líjar;2010;Demandantes;Hombres;De 16 a 29 años;4,83333332;
Líjar;2010;Demandantes;Hombres;De 30 a 44 años;14,50000002;
Líjar;2010;Demandantes;Hombres;De 45 a 64 años;14,5;
Líjar;2010;Demandantes;Hombres;TOTAL;33,83333334;
Líjar;2010;Demandantes;Mujeres;De 16 a 29 años;2,41666667;
Líjar;2010;Demandantes;Mujeres;De 30 a 44 años;7,58333334;
Líjar;2010;Demandantes;Mujeres;De 45 a 64 años;5,25000001;
Líjar;2010;Demandantes;Mujeres;TOTAL;15,25000002;
Líjar;2010;Demandantes;Ambos sexos;De 16 a 29 años;7,24999999;
Líjar;2010;Demandantes;Ambos sexos;De 30 a 44 años;22,08333336;
Líjar;2010;Demandantes;Ambos sexos;De 45 a 64 años;19,75000001;
Líjar;2010;Demandantes;Ambos sexos;TOTAL;49,08333336;
Líjar;2011;Demandantes;Hombres;De 16 a 29 años;8,41666667;
Líjar;2011;Demandantes;Hombres;De 30 a 44 años;12,00000001;
Líjar;2011;Demandantes;Hombres;De 45 a 64 años;17,99999999;
Líjar;2011;Demandantes;Hombres;TOTAL;38,41666667;
Líjar;2011;Demandantes;Mujeres;De 16 a 29 años;4,58333333;
Líjar;2011;Demandantes;Mujeres;De 30 a 44 años;3,66666667;
Líjar;2011;Demandantes;Mujeres;De 45 a 64 años;4,25000001;
Líjar;2011;Demandantes;Mujeres;TOTAL;12,50000001;
Líjar;2011;Demandantes;Ambos sexos;De 16 a 29 años;13;
Líjar;2011;Demandantes;Ambos sexos;De 30 a 44 años;15,66666668;
Líjar;2011;Demandantes;Ambos sexos;De 45 a 64 años;22,25;
Líjar;2011;Demandantes;Ambos sexos;TOTAL;50,91666668;
Líjar;2012;Demandantes;Hombres;De 16 a 29 años;9,74999999;
Líjar;2012;Demandantes;Hombres;De 30 a 44 años;12,58333334;
Líjar;2012;Demandantes;Hombres;De 45 a 64 años;19,66666667;
Líjar;2012;Demandantes;Hombres;TOTAL;42;
Líjar;2012;Demandantes;Mujeres;De 16 a 29 años;8,66666667;
Líjar;2012;Demandantes;Mujeres;De 30 a 44 años;4,24999999;
Líjar;2012;Demandantes;Mujeres;De 45 a 64 años;3,16666667;
Líjar;2012;Demandantes;Mujeres;TOTAL;16,08333333;
Líjar;2012;Demandantes;Ambos sexos;De 16 a 29 años;18,41666666;
Líjar;2012;Demandantes;Ambos sexos;De 30 a 44 años;16,83333333;
Líjar;2012;Demandantes;Ambos sexos;De 45 a 64 años;22,83333334;
Líjar;2012;Demandantes;Ambos sexos;TOTAL;58,08333333;
Los Gallardos;2010;Demandantes;Hombres;De 16 a 29 años;30;
Los Gallardos;2010;Demandantes;Hombres;De 30 a 44 años;47,91666668;
Los Gallardos;2010;Demandantes;Hombres;De 45 a 64 años;50,41666665;
Los Gallardos;2010;Demandantes;Hombres;TOTAL;128,33333333;
Los Gallardos;2010;Demandantes;Mujeres;De 16 a 29 años;19,41666667;
Los Gallardos;2010;Demandantes;Mujeres;De 30 a 44 años;22,83333334;
Los Gallardos;2010;Demandantes;Mujeres;De 45 a 64 años;21,49999999;
Los Gallardos;2010;Demandantes;Mujeres;TOTAL;63,75;
Los Gallardos;2010;Demandantes;Ambos sexos;De 16 a 29 años;49,41666667;
Los Gallardos;2010;Demandantes;Ambos sexos;De 30 a 44 años;70,75000002;
Los Gallardos;2010;Demandantes;Ambos sexos;De 45 a 64 años;71,91666664;
Los Gallardos;2010;Demandantes;Ambos sexos;TOTAL;192,08333333;
Los Gallardos;2011;Demandantes;Hombres;De 16 a 29 años;26,58333333;
Los Gallardos;2011;Demandantes;Hombres;De 30 a 44 años;46,16666665;
Los Gallardos;2011;Demandantes;Hombres;De 45 a 64 años;57,08333333;
Los Gallardos;2011;Demandantes;Hombres;TOTAL;129,83333331;
Los Gallardos;2011;Demandantes;Mujeres;De 16 a 29 años;23,58333333;
Los Gallardos;2011;Demandantes;Mujeres;De 30 a 44 años;27,91666666;
Los Gallardos;2011;Demandantes;Mujeres;De 45 a 64 años;27,58333331;
Los Gallardos;2011;Demandantes;Mujeres;TOTAL;79,0833333;
Los Gallardos;2011;Demandantes;Ambos sexos;De 16 a 29 años;50,16666666;
Los Gallardos;2011;Demandantes;Ambos sexos;De 30 a 44 años;74,08333331;
Los Gallardos;2011;Demandantes;Ambos sexos;De 45 a 64 años;84,66666664;
Los Gallardos;2011;Demandantes;Ambos sexos;TOTAL;208,91666661;
Los Gallardos;2012;Demandantes;Hombres;De 16 a 29 años;28,91666667;
Los Gallardos;2012;Demandantes;Hombres;De 30 a 44 años;49,66666669;
Los Gallardos;2012;Demandantes;Hombres;De 45 a 64 años;63,25;
Los Gallardos;2012;Demandantes;Hombres;TOTAL;141,83333336;
Los Gallardos;2012;Demandantes;Mujeres;De 16 a 29 años;26,83333333;
Los Gallardos;2012;Demandantes;Mujeres;De 30 a 44 años;35,91666668;
Los Gallardos;2012;Demandantes;Mujeres;De 45 a 64 años;34,00000002;
Los Gallardos;2012;Demandantes;Mujeres;TOTAL;96,75000003;
Los Gallardos;2012;Demandantes;Ambos sexos;De 16 a 29 años;55,75;
Los Gallardos;2012;Demandantes;Ambos sexos;De 30 a 44 años;85,58333337;
Los Gallardos;2012;Demandantes;Ambos sexos;De 45 a 64 años;97,25000002;
Los Gallardos;2012;Demandantes;Ambos sexos;TOTAL;238,58333339;
Lubrín;2010;Demandantes;Hombres;De 16 a 29 años;12,66666667;
Lubrín;2010;Demandantes;Hombres;De 30 a 44 años;30,5;
Lubrín;2010;Demandantes;Hombres;De 45 a 64 años;28,91666666;
Lubrín;2010;Demandantes;Hombres;TOTAL;72,08333333;
Lubrín;2010;Demandantes;Mujeres;De 16 a 29 años;12,58333334;
Lubrín;2010;Demandantes;Mujeres;De 30 a 44 años;12,24999998;
Lubrín;2010;Demandantes;Mujeres;De 45 a 64 años;12,91666666;
Lubrín;2010;Demandantes;Mujeres;TOTAL;37,74999998;
Lubrín;2010;Demandantes;Ambos sexos;De 16 a 29 años;25,25000001;
Lubrín;2010;Demandantes;Ambos sexos;De 30 a 44 años;42,74999998;
Lubrín;2010;Demandantes;Ambos sexos;De 45 a 64 años;41,83333332;
Lubrín;2010;Demandantes;Ambos sexos;TOTAL;109,83333331;
Lubrín;2011;Demandantes;Hombres;De 16 a 29 años;11,33333333;
Lubrín;2011;Demandantes;Hombres;De 30 a 44 años;28,5;
Lubrín;2011;Demandantes;Hombres;De 45 a 64 años;29,58333333;
Lubrín;2011;Demandantes;Hombres;TOTAL;69,41666666;
Lubrín;2011;Demandantes;Mujeres;De 16 a 29 años;9,16666666;
Lubrín;2011;Demandantes;Mujeres;De 30 a 44 años;8,08333333;
Lubrín;2011;Demandantes;Mujeres;De 45 a 64 años;11,5;
Lubrín;2011;Demandantes;Mujeres;TOTAL;28,74999999;
Lubrín;2011;Demandantes;Ambos sexos;De 16 a 29 años;20,49999999;
Lubrín;2011;Demandantes;Ambos sexos;De 30 a 44 años;36,58333333;
Lubrín;2011;Demandantes;Ambos sexos;De 45 a 64 años;41,08333333;
Lubrín;2011;Demandantes;Ambos sexos;TOTAL;98,16666665;
Lubrín;2012;Demandantes;Hombres;De 16 a 29 años;14,16666666;
Lubrín;2012;Demandantes;Hombres;De 30 a 44 años;30,08333332;
Lubrín;2012;Demandantes;Hombres;De 45 a 64 años;33,49999999;
Lubrín;2012;Demandantes;Hombres;TOTAL;77,74999997;
Lubrín;2012;Demandantes;Mujeres;De 16 a 29 años;15,74999999;
Lubrín;2012;Demandantes;Mujeres;De 30 a 44 años;19;
Lubrín;2012;Demandantes;Mujeres;De 45 a 64 años;16,33333331;
Lubrín;2012;Demandantes;Mujeres;TOTAL;51,0833333;
Lubrín;2012;Demandantes;Ambos sexos;De 16 a 29 años;29,91666665;
Lubrín;2012;Demandantes;Ambos sexos;De 30 a 44 años;49,08333332;
Lubrín;2012;Demandantes;Ambos sexos;De 45 a 64 años;49,8333333;
Lubrín;2012;Demandantes;Ambos sexos;TOTAL;128,83333327;
Lucainena de las Torres;2010;Demandantes;Hombres;De 16 a 29 años;6,08333332;
Lucainena de las Torres;2010;Demandantes;Hombres;De 30 a 44 años;13,58333331;
Lucainena de las Torres;2010;Demandantes;Hombres;De 45 a 64 años;9,08333332;
Lucainena de las Torres;2010;Demandantes;Hombres;TOTAL;28,74999995;
Lucainena de las Torres;2010;Demandantes;Mujeres;De 16 a 29 años;3,99999999;
Lucainena de las Torres;2010;Demandantes;Mujeres;De 30 a 44 años;6,74999999;
Lucainena de las Torres;2010;Demandantes;Mujeres;De 45 a 64 años;3,25;
Lucainena de las Torres;2010;Demandantes;Mujeres;TOTAL;13,99999998;
Lucainena de las Torres;2010;Demandantes;Ambos sexos;De 16 a 29 años;10,08333331;
Lucainena de las Torres;2010;Demandantes;Ambos sexos;De 30 a 44 años;20,3333333;
Lucainena de las Torres;2010;Demandantes;Ambos sexos;De 45 a 64 años;12,33333332;
Lucainena de las Torres;2010;Demandantes;Ambos sexos;TOTAL;42,74999993;
Lucainena de las Torres;2011;Demandantes;Hombres;De 16 a 29 años;4,66666668;
Lucainena de las Torres;2011;Demandantes;Hombres;De 30 a 44 años;15,16666666;
Lucainena de las Torres;2011;Demandantes;Hombres;De 45 a 64 años;9,33333332;
Lucainena de las Torres;2011;Demandantes;Hombres;TOTAL;29,16666666;
Lucainena de las Torres;2011;Demandantes;Mujeres;De 16 a 29 años;2,66666666;
Lucainena de las Torres;2011;Demandantes;Mujeres;De 30 a 44 años;6,33333334;
Lucainena de las Torres;2011;Demandantes;Mujeres;De 45 a 64 años;4,16666666;
Lucainena de las Torres;2011;Demandantes;Mujeres;TOTAL;13,16666666;
Lucainena de las Torres;2011;Demandantes;Ambos sexos;De 16 a 29 años;7,33333334;
Lucainena de las Torres;2011;Demandantes;Ambos sexos;De 30 a 44 años;21,5;
Lucainena de las Torres;2011;Demandantes;Ambos sexos;De 45 a 64 años;13,49999998;
Lucainena de las Torres;2011;Demandantes;Ambos sexos;TOTAL;42,33333332;
Lucainena de las Torres;2012;Demandantes;Hombres;De 16 a 29 años;4;
Lucainena de las Torres;2012;Demandantes;Hombres;De 30 a 44 años;14,16666668;
Lucainena de las Torres;2012;Demandantes;Hombres;De 45 a 64 años;7;
Lucainena de las Torres;2012;Demandantes;Hombres;TOTAL;25,16666668;
Lucainena de las Torres;2012;Demandantes;Mujeres;De 16 a 29 años;3,24999999;
Lucainena de las Torres;2012;Demandantes;Mujeres;De 30 a 44 años;7,58333333;
Lucainena de las Torres;2012;Demandantes;Mujeres;De 45 a 64 años;4,33333334;
Lucainena de las Torres;2012;Demandantes;Mujeres;TOTAL;15,16666666;
Lucainena de las Torres;2012;Demandantes;Ambos sexos;De 16 a 29 años;7,24999999;
Lucainena de las Torres;2012;Demandantes;Ambos sexos;De 30 a 44 años;21,75000001;
Lucainena de las Torres;2012;Demandantes;Ambos sexos;De 45 a 64 años;11,33333334;
Lucainena de las Torres;2012;Demandantes;Ambos sexos;TOTAL;40,33333334;
Lúcar;2010;Demandantes;Hombres;De 16 a 29 años;6,91666667;
Lúcar;2010;Demandantes;Hombres;De 30 a 44 años;13,91666667;
Lúcar;2010;Demandantes;Hombres;De 45 a 64 años;12,41666667;
Lúcar;2010;Demandantes;Hombres;TOTAL;33,25000001;
Lúcar;2010;Demandantes;Mujeres;De 16 a 29 años;5,33333332;
Lúcar;2010;Demandantes;Mujeres;De 30 a 44 años;12,16666667;
Lúcar;2010;Demandantes;Mujeres;De 45 a 64 años;8,83333334;
Lúcar;2010;Demandantes;Mujeres;TOTAL;26,33333333;
Lúcar;2010;Demandantes;Ambos sexos;De 16 a 29 años;12,24999999;
Lúcar;2010;Demandantes;Ambos sexos;De 30 a 44 años;26,08333334;
Lúcar;2010;Demandantes;Ambos sexos;De 45 a 64 años;21,25000001;
Lúcar;2010;Demandantes;Ambos sexos;TOTAL;59,58333334;
Lúcar;2011;Demandantes;Hombres;De 16 a 29 años;5,58333333;
Lúcar;2011;Demandantes;Hombres;De 30 a 44 años;12,74999999;
Lúcar;2011;Demandantes;Hombres;De 45 a 64 años;16,91666667;
Lúcar;2011;Demandantes;Hombres;TOTAL;35,24999999;
Lúcar;2011;Demandantes;Mujeres;De 16 a 29 años;5,91666667;
Lúcar;2011;Demandantes;Mujeres;De 30 a 44 años;13,66666666;
Lúcar;2011;Demandantes;Mujeres;De 45 a 64 años;7,58333332;
Lúcar;2011;Demandantes;Mujeres;TOTAL;27,16666665;
Lúcar;2011;Demandantes;Ambos sexos;De 16 a 29 años;11,5;
Lúcar;2011;Demandantes;Ambos sexos;De 30 a 44 años;26,41666665;
Lúcar;2011;Demandantes;Ambos sexos;De 45 a 64 años;24,49999999;
Lúcar;2011;Demandantes;Ambos sexos;TOTAL;62,41666664;
Lúcar;2012;Demandantes;Hombres;De 16 a 29 años;5,41666666;
Lúcar;2012;Demandantes;Hombres;De 30 a 44 años;16,16666667;
Lúcar;2012;Demandantes;Hombres;De 45 a 64 años;19,25;
Lúcar;2012;Demandantes;Hombres;TOTAL;40,83333333;
Lúcar;2012;Demandantes;Mujeres;De 16 a 29 años;7,58333334;
Lúcar;2012;Demandantes;Mujeres;De 30 a 44 años;13,16666667;
Lúcar;2012;Demandantes;Mujeres;De 45 a 64 años;9,66666666;
Lúcar;2012;Demandantes;Mujeres;TOTAL;30,41666667;
Lúcar;2012;Demandantes;Ambos sexos;De 16 a 29 años;13;
Lúcar;2012;Demandantes;Ambos sexos;De 30 a 44 años;29,33333334;
Lúcar;2012;Demandantes;Ambos sexos;De 45 a 64 años;28,91666666;
Lúcar;2012;Demandantes;Ambos sexos;TOTAL;71,25;
Macael;2010;Demandantes;Hombres;De 16 a 29 años;103,58333334;
Macael;2010;Demandantes;Hombres;De 30 a 44 años;154;
Macael;2010;Demandantes;Hombres;De 45 a 64 años;130,83333334;
Macael;2010;Demandantes;Hombres;TOTAL;388,41666668;
Macael;2010;Demandantes;Mujeres;De 16 a 29 años;68,33333333;
Macael;2010;Demandantes;Mujeres;De 30 a 44 años;142,33333336;
Macael;2010;Demandantes;Mujeres;De 45 a 64 años;90,08333333;
Macael;2010;Demandantes;Mujeres;TOTAL;300,75000002;
Macael;2010;Demandantes;Ambos sexos;De 16 a 29 años;171,91666667;
Macael;2010;Demandantes;Ambos sexos;De 30 a 44 años;296,33333336;
Macael;2010;Demandantes;Ambos sexos;De 45 a 64 años;220,91666667;
Macael;2010;Demandantes;Ambos sexos;TOTAL;689,1666667;
Macael;2011;Demandantes;Hombres;De 16 a 29 años;97,99999998;
Macael;2011;Demandantes;Hombres;De 30 a 44 años;159,75;
Macael;2011;Demandantes;Hombres;De 45 a 64 años;144,08333333;
Macael;2011;Demandantes;Hombres;TOTAL;401,83333331;
Macael;2011;Demandantes;Mujeres;De 16 a 29 años;81,58333333;
Macael;2011;Demandantes;Mujeres;De 30 a 44 años;168,00000002;
Macael;2011;Demandantes;Mujeres;De 45 a 64 años;121,41666667;
Macael;2011;Demandantes;Mujeres;TOTAL;371,00000002;
Macael;2011;Demandantes;Ambos sexos;De 16 a 29 años;179,58333331;
Macael;2011;Demandantes;Ambos sexos;De 30 a 44 años;327,75000002;
Macael;2011;Demandantes;Ambos sexos;De 45 a 64 años;265,5;
Macael;2011;Demandantes;Ambos sexos;TOTAL;772,83333333;
Macael;2012;Demandantes;Hombres;De 16 a 29 años;89;
Macael;2012;Demandantes;Hombres;De 30 a 44 años;166,91666666;
Macael;2012;Demandantes;Hombres;De 45 a 64 años;171,16666667;
Macael;2012;Demandantes;Hombres;TOTAL;427,08333333;
Macael;2012;Demandantes;Mujeres;De 16 a 29 años;79,83333332;
Macael;2012;Demandantes;Mujeres;De 30 a 44 años;191,00000002;
Macael;2012;Demandantes;Mujeres;De 45 a 64 años;161,16666665;
Macael;2012;Demandantes;Mujeres;TOTAL;431,99999999;
Macael;2012;Demandantes;Ambos sexos;De 16 a 29 años;168,83333332;
Macael;2012;Demandantes;Ambos sexos;De 30 a 44 años;357,91666668;
Macael;2012;Demandantes;Ambos sexos;De 45 a 64 años;332,33333332;
Macael;2012;Demandantes;Ambos sexos;TOTAL;859,08333332;
María;2010;Demandantes;Hombres;De 16 a 29 años;14,24999999;
María;2010;Demandantes;Hombres;De 30 a 44 años;13,91666667;
María;2010;Demandantes;Hombres;De 45 a 64 años;15,41666667;
María;2010;Demandantes;Hombres;TOTAL;43,58333333;
María;2010;Demandantes;Mujeres;De 16 a 29 años;5,33333334;
María;2010;Demandantes;Mujeres;De 30 a 44 años;11,16666666;
María;2010;Demandantes;Mujeres;De 45 a 64 años;6,24999999;
María;2010;Demandantes;Mujeres;TOTAL;22,74999999;
María;2010;Demandantes;Ambos sexos;De 16 a 29 años;19,58333333;
María;2010;Demandantes;Ambos sexos;De 30 a 44 años;25,08333333;
María;2010;Demandantes;Ambos sexos;De 45 a 64 años;21,66666666;
María;2010;Demandantes;Ambos sexos;TOTAL;66,33333332;
María;2011;Demandantes;Hombres;De 16 a 29 años;13,99999999;
María;2011;Demandantes;Hombres;De 30 a 44 años;14,91666667;
María;2011;Demandantes;Hombres;De 45 a 64 años;16,83333333;
María;2011;Demandantes;Hombres;TOTAL;45,74999999;
María;2011;Demandantes;Mujeres;De 16 a 29 años;7,83333333;
María;2011;Demandantes;Mujeres;De 30 a 44 años;14,41666664;
María;2011;Demandantes;Mujeres;De 45 a 64 años;6,49999999;
María;2011;Demandantes;Mujeres;TOTAL;28,74999996;
María;2011;Demandantes;Ambos sexos;De 16 a 29 años;21,83333332;
María;2011;Demandantes;Ambos sexos;De 30 a 44 años;29,33333331;
María;2011;Demandantes;Ambos sexos;De 45 a 64 años;23,33333332;
María;2011;Demandantes;Ambos sexos;TOTAL;74,49999995;
María;2012;Demandantes;Hombres;De 16 a 29 años;14,49999999;
María;2012;Demandantes;Hombres;De 30 a 44 años;14,83333333;
María;2012;Demandantes;Hombres;De 45 a 64 años;16,91666667;
María;2012;Demandantes;Hombres;TOTAL;46,24999999;
María;2012;Demandantes;Mujeres;De 16 a 29 años;6,16666667;
María;2012;Demandantes;Mujeres;De 30 a 44 años;16,66666667;
María;2012;Demandantes;Mujeres;De 45 a 64 años;8,91666667;
María;2012;Demandantes;Mujeres;TOTAL;31,75000001;
María;2012;Demandantes;Ambos sexos;De 16 a 29 años;20,66666666;
María;2012;Demandantes;Ambos sexos;De 30 a 44 años;31,5;
María;2012;Demandantes;Ambos sexos;De 45 a 64 años;25,83333334;
María;2012;Demandantes;Ambos sexos;TOTAL;78;
Mojácar;2010;Demandantes;Hombres;De 16 a 29 años;47,33333333;
Mojácar;2010;Demandantes;Hombres;De 30 a 44 años;97,74999999;
Mojácar;2010;Demandantes;Hombres;De 45 a 64 años;88,41666668;
Mojácar;2010;Demandantes;Hombres;TOTAL;233,5;
Mojácar;2010;Demandantes;Mujeres;De 16 a 29 años;46,25000001;
Mojácar;2010;Demandantes;Mujeres;De 30 a 44 años;97,5;
Mojácar;2010;Demandantes;Mujeres;De 45 a 64 años;98,58333334;
Mojácar;2010;Demandantes;Mujeres;TOTAL;242,33333335;
Mojácar;2010;Demandantes;Ambos sexos;De 16 a 29 años;93,58333334;
Mojácar;2010;Demandantes;Ambos sexos;De 30 a 44 años;195,24999999;
Mojácar;2010;Demandantes;Ambos sexos;De 45 a 64 años;187,00000002;
Mojácar;2010;Demandantes;Ambos sexos;TOTAL;475,83333335;
Mojácar;2011;Demandantes;Hombres;De 16 a 29 años;42,5;
Mojácar;2011;Demandantes;Hombres;De 30 a 44 años;89,41666669;
Mojácar;2011;Demandantes;Hombres;De 45 a 64 años;96,83333336;
Mojácar;2011;Demandantes;Hombres;TOTAL;228,75000005;
Mojácar;2011;Demandantes;Mujeres;De 16 a 29 años;44,5;
Mojácar;2011;Demandantes;Mujeres;De 30 a 44 años;94,41666666;
Mojácar;2011;Demandantes;Mujeres;De 45 a 64 años;110,00000001;
Mojácar;2011;Demandantes;Mujeres;TOTAL;248,91666667;
Mojácar;2011;Demandantes;Ambos sexos;De 16 a 29 años;87;
Mojácar;2011;Demandantes;Ambos sexos;De 30 a 44 años;183,83333335;
Mojácar;2011;Demandantes;Ambos sexos;De 45 a 64 años;206,83333337;
Mojácar;2011;Demandantes;Ambos sexos;TOTAL;477,66666672;
Mojácar;2012;Demandantes;Hombres;De 16 a 29 años;38,99999999;
Mojácar;2012;Demandantes;Hombres;De 30 a 44 años;95,83333336;
Mojácar;2012;Demandantes;Hombres;De 45 a 64 años;109,91666666;
Mojácar;2012;Demandantes;Hombres;TOTAL;244,75000001;
Mojácar;2012;Demandantes;Mujeres;De 16 a 29 años;38,08333331;
Mojácar;2012;Demandantes;Mujeres;De 30 a 44 años;117,41666669;
Mojácar;2012;Demandantes;Mujeres;De 45 a 64 años;115,49999998;
Mojácar;2012;Demandantes;Mujeres;TOTAL;270,99999998;
Mojácar;2012;Demandantes;Ambos sexos;De 16 a 29 años;77,0833333;
Mojácar;2012;Demandantes;Ambos sexos;De 30 a 44 años;213,25000005;
Mojácar;2012;Demandantes;Ambos sexos;De 45 a 64 años;225,41666664;
Mojácar;2012;Demandantes;Ambos sexos;TOTAL;515,74999999;
Nacimiento;2010;Demandantes;Hombres;De 16 a 29 años;1,33333334;
Nacimiento;2010;Demandantes;Hombres;De 30 a 44 años;2,66666667;
Nacimiento;2010;Demandantes;Hombres;De 45 a 64 años;3,75;
Nacimiento;2010;Demandantes;Hombres;TOTAL;7,75000001;
Nacimiento;2010;Demandantes;Mujeres;De 16 a 29 años;3,25;
Nacimiento;2010;Demandantes;Mujeres;De 30 a 44 años;3,33333333;
Nacimiento;2010;Demandantes;Mujeres;De 45 a 64 años;2,66666666;
Nacimiento;2010;Demandantes;Mujeres;TOTAL;9,24999999;
Nacimiento;2010;Demandantes;Ambos sexos;De 16 a 29 años;4,58333334;
Nacimiento;2010;Demandantes;Ambos sexos;De 30 a 44 años;6;
Nacimiento;2010;Demandantes;Ambos sexos;De 45 a 64 años;6,41666666;
Nacimiento;2010;Demandantes;Ambos sexos;TOTAL;17;
Nacimiento;2011;Demandantes;Hombres;De 16 a 29 años;1,33333334;
Nacimiento;2011;Demandantes;Hombres;De 30 a 44 años;3,83333333;
Nacimiento;2011;Demandantes;Hombres;De 45 a 64 años;6,24999999;
Nacimiento;2011;Demandantes;Hombres;TOTAL;11,41666666;
Nacimiento;2011;Demandantes;Mujeres;De 16 a 29 años;2,58333333;
Nacimiento;2011;Demandantes;Mujeres;De 30 a 44 años;3,66666667;
Nacimiento;2011;Demandantes;Mujeres;De 45 a 64 años;4,08333333;
Nacimiento;2011;Demandantes;Mujeres;TOTAL;10,33333333;
Nacimiento;2011;Demandantes;Ambos sexos;De 16 a 29 años;3,91666667;
Nacimiento;2011;Demandantes;Ambos sexos;De 30 a 44 años;7,5;
Nacimiento;2011;Demandantes;Ambos sexos;De 45 a 64 años;10,33333332;
Nacimiento;2011;Demandantes;Ambos sexos;TOTAL;21,74999999;
Nacimiento;2012;Demandantes;Hombres;De 16 a 29 años;3,83333334;
Nacimiento;2012;Demandantes;Hombres;De 30 a 44 años;3,91666666;
Nacimiento;2012;Demandantes;Hombres;De 45 a 64 años;7,25000001;
Nacimiento;2012;Demandantes;Hombres;TOTAL;15,00000001;
Nacimiento;2012;Demandantes;Mujeres;De 16 a 29 años;1,41666666;
Nacimiento;2012;Demandantes;Mujeres;De 30 a 44 años;3,08333333;
Nacimiento;2012;Demandantes;Mujeres;De 45 a 64 años;4,5;
Nacimiento;2012;Demandantes;Mujeres;TOTAL;8,99999999;
Nacimiento;2012;Demandantes;Ambos sexos;De 16 a 29 años;5,25;
Nacimiento;2012;Demandantes;Ambos sexos;De 30 a 44 años;6,99999999;
Nacimiento;2012;Demandantes;Ambos sexos;De 45 a 64 años;11,75000001;
Nacimiento;2012;Demandantes;Ambos sexos;TOTAL;24;
Níjar;2010;Demandantes;Hombres;De 16 a 29 años;383,41666668;
Níjar;2010;Demandantes;Hombres;De 30 a 44 años;816,99999999;
Níjar;2010;Demandantes;Hombres;De 45 a 64 años;423;
Níjar;2010;Demandantes;Hombres;TOTAL;1623,41666667;
Níjar;2010;Demandantes;Mujeres;De 16 a 29 años;312,33333334;
Níjar;2010;Demandantes;Mujeres;De 30 a 44 años;493,91666668;
Níjar;2010;Demandantes;Mujeres;De 45 a 64 años;261,50000001;
Níjar;2010;Demandantes;Mujeres;TOTAL;1067,75000003;
Níjar;2010;Demandantes;Ambos sexos;De 16 a 29 años;695,75000002;
Níjar;2010;Demandantes;Ambos sexos;De 30 a 44 años;1310,91666667;
Níjar;2010;Demandantes;Ambos sexos;De 45 a 64 años;684,50000001;
Níjar;2010;Demandantes;Ambos sexos;TOTAL;2691,1666667;
Níjar;2011;Demandantes;Hombres;De 16 a 29 años;302,75;
Níjar;2011;Demandantes;Hombres;De 30 a 44 años;696,66666664;
Níjar;2011;Demandantes;Hombres;De 45 a 64 años;450,00000002;
Níjar;2011;Demandantes;Hombres;TOTAL;1449,41666666;
Níjar;2011;Demandantes;Mujeres;De 16 a 29 años;276,49999999;
Níjar;2011;Demandantes;Mujeres;De 30 a 44 años;465,83333335;
Níjar;2011;Demandantes;Mujeres;De 45 a 64 años;297,3333333;
Níjar;2011;Demandantes;Mujeres;TOTAL;1039,66666664;
Níjar;2011;Demandantes;Ambos sexos;De 16 a 29 años;579,24999999;
Níjar;2011;Demandantes;Ambos sexos;De 30 a 44 años;1162,49999999;
Níjar;2011;Demandantes;Ambos sexos;De 45 a 64 años;747,33333332;
Níjar;2011;Demandantes;Ambos sexos;TOTAL;2489,0833333;
Níjar;2012;Demandantes;Hombres;De 16 a 29 años;256,24999999;
Níjar;2012;Demandantes;Hombres;De 30 a 44 años;669,24999999;
Níjar;2012;Demandantes;Hombres;De 45 a 64 años;529,41666664;
Níjar;2012;Demandantes;Hombres;TOTAL;1454,91666662;
Níjar;2012;Demandantes;Mujeres;De 16 a 29 años;297,83333334;
Níjar;2012;Demandantes;Mujeres;De 30 a 44 años;506,08333332;
Níjar;2012;Demandantes;Mujeres;De 45 a 64 años;343,91666667;
Níjar;2012;Demandantes;Mujeres;TOTAL;1147,83333333;
Níjar;2012;Demandantes;Ambos sexos;De 16 a 29 años;554,08333333;
Níjar;2012;Demandantes;Ambos sexos;De 30 a 44 años;1175,33333331;
Níjar;2012;Demandantes;Ambos sexos;De 45 a 64 años;873,33333331;
Níjar;2012;Demandantes;Ambos sexos;TOTAL;2602,74999995;
Ohanes;2010;Demandantes;Hombres;De 16 a 29 años;15,08333333;
Ohanes;2010;Demandantes;Hombres;De 30 a 44 años;16,5;
Ohanes;2010;Demandantes;Hombres;De 45 a 64 años;10,24999999;
Ohanes;2010;Demandantes;Hombres;TOTAL;41,83333332;
Ohanes;2010;Demandantes;Mujeres;De 16 a 29 años;6,5;
Ohanes;2010;Demandantes;Mujeres;De 30 a 44 años;7,41666667;
Ohanes;2010;Demandantes;Mujeres;De 45 a 64 años;3,33333333;
Ohanes;2010;Demandantes;Mujeres;TOTAL;17,25;
Ohanes;2010;Demandantes;Ambos sexos;De 16 a 29 años;21,58333333;
Ohanes;2010;Demandantes;Ambos sexos;De 30 a 44 años;23,91666667;
Ohanes;2010;Demandantes;Ambos sexos;De 45 a 64 años;13,58333332;
Ohanes;2010;Demandantes;Ambos sexos;TOTAL;59,08333332;
Ohanes;2011;Demandantes;Hombres;De 16 a 29 años;12,83333334;
Ohanes;2011;Demandantes;Hombres;De 30 a 44 años;16,08333333;
Ohanes;2011;Demandantes;Hombres;De 45 a 64 años;14,16666667;
Ohanes;2011;Demandantes;Hombres;TOTAL;43,08333334;
Ohanes;2011;Demandantes;Mujeres;De 16 a 29 años;6,75000002;
Ohanes;2011;Demandantes;Mujeres;De 30 a 44 años;8,58333332;
Ohanes;2011;Demandantes;Mujeres;De 45 a 64 años;4,25000001;
Ohanes;2011;Demandantes;Mujeres;TOTAL;19,58333335;
Ohanes;2011;Demandantes;Ambos sexos;De 16 a 29 años;19,58333336;
Ohanes;2011;Demandantes;Ambos sexos;De 30 a 44 años;24,66666665;
Ohanes;2011;Demandantes;Ambos sexos;De 45 a 64 años;18,41666668;
Ohanes;2011;Demandantes;Ambos sexos;TOTAL;62,66666669;
Ohanes;2012;Demandantes;Hombres;De 16 a 29 años;16,24999999;
Ohanes;2012;Demandantes;Hombres;De 30 a 44 años;21,58333333;
Ohanes;2012;Demandantes;Hombres;De 45 a 64 años;14,41666666;
Ohanes;2012;Demandantes;Hombres;TOTAL;52,24999998;
Ohanes;2012;Demandantes;Mujeres;De 16 a 29 años;6,91666667;
Ohanes;2012;Demandantes;Mujeres;De 30 a 44 años;9,16666666;
Ohanes;2012;Demandantes;Mujeres;De 45 a 64 años;3,75;
Ohanes;2012;Demandantes;Mujeres;TOTAL;19,83333333;
Ohanes;2012;Demandantes;Ambos sexos;De 16 a 29 años;23,16666666;
Ohanes;2012;Demandantes;Ambos sexos;De 30 a 44 años;30,74999999;
Ohanes;2012;Demandantes;Ambos sexos;De 45 a 64 años;18,16666666;
Ohanes;2012;Demandantes;Ambos sexos;TOTAL;72,08333331;
Olula de Castro;2010;Demandantes;Hombres;De 16 a 29 años;0,33333333;
Olula de Castro;2010;Demandantes;Hombres;De 30 a 44 años;0,16666666;
Olula de Castro;2010;Demandantes;Hombres;De 45 a 64 años;0,16666666;
Olula de Castro;2010;Demandantes;Hombres;TOTAL;0,66666665;
Olula de Castro;2010;Demandantes;Mujeres;De 16 a 29 años;0,41666667;
Olula de Castro;2010;Demandantes;Mujeres;De 30 a 44 años;-;
Olula de Castro;2010;Demandantes;Mujeres;De 45 a 64 años;0,16666667;
Olula de Castro;2010;Demandantes;Mujeres;TOTAL;0,58333334;
Olula de Castro;2010;Demandantes;Ambos sexos;De 16 a 29 años;0,75;
Olula de Castro;2010;Demandantes;Ambos sexos;De 30 a 44 años;0,16666666;
Olula de Castro;2010;Demandantes;Ambos sexos;De 45 a 64 años;0,33333333;
Olula de Castro;2010;Demandantes;Ambos sexos;TOTAL;1,24999999;
Olula de Castro;2011;Demandantes;Hombres;De 16 a 29 años;0,25;
Olula de Castro;2011;Demandantes;Hombres;De 30 a 44 años;-;
Olula de Castro;2011;Demandantes;Hombres;De 45 a 64 años;0,5;
Olula de Castro;2011;Demandantes;Hombres;TOTAL;0,75;
Olula de Castro;2011;Demandantes;Mujeres;De 16 a 29 años;0,75;
Olula de Castro;2011;Demandantes;Mujeres;De 30 a 44 años;-;
Olula de Castro;2011;Demandantes;Mujeres;De 45 a 64 años;0,41666666;
Olula de Castro;2011;Demandantes;Mujeres;TOTAL;1,16666666;
Olula de Castro;2011;Demandantes;Ambos sexos;De 16 a 29 años;1;
Olula de Castro;2011;Demandantes;Ambos sexos;De 30 a 44 años;-;
Olula de Castro;2011;Demandantes;Ambos sexos;De 45 a 64 años;0,91666666;
Olula de Castro;2011;Demandantes;Ambos sexos;TOTAL;1,91666666;
Olula de Castro;2012;Demandantes;Hombres;De 16 a 29 años;1,16666667;
Olula de Castro;2012;Demandantes;Hombres;De 30 a 44 años;0,08333333;
Olula de Castro;2012;Demandantes;Hombres;De 45 a 64 años;1,33333333;
Olula de Castro;2012;Demandantes;Hombres;TOTAL;2,58333333;
Olula de Castro;2012;Demandantes;Mujeres;De 16 a 29 años;-;
Olula de Castro;2012;Demandantes;Mujeres;De 30 a 44 años;0,33333333;
Olula de Castro;2012;Demandantes;Mujeres;De 45 a 64 años;0,08333333;
Olula de Castro;2012;Demandantes;Mujeres;TOTAL;0,41666666;
Olula de Castro;2012;Demandantes;Ambos sexos;De 16 a 29 años;1,16666667;
Olula de Castro;2012;Demandantes;Ambos sexos;De 30 a 44 años;0,41666666;
Olula de Castro;2012;Demandantes;Ambos sexos;De 45 a 64 años;1,41666666;
Olula de Castro;2012;Demandantes;Ambos sexos;TOTAL;2,99999999;
Olula del Río;2010;Demandantes;Hombres;De 16 a 29 años;89,41666663;
Olula del Río;2010;Demandantes;Hombres;De 30 a 44 años;220,41666664;
Olula del Río;2010;Demandantes;Hombres;De 45 a 64 años;181,08333337;
Olula del Río;2010;Demandantes;Hombres;TOTAL;490,91666664;
Olula del Río;2010;Demandantes;Mujeres;De 16 a 29 años;82,33333333;
Olula del Río;2010;Demandantes;Mujeres;De 30 a 44 años;182,66666667;
Olula del Río;2010;Demandantes;Mujeres;De 45 a 64 años;101,41666667;
Olula del Río;2010;Demandantes;Mujeres;TOTAL;366,41666667;
Olula del Río;2010;Demandantes;Ambos sexos;De 16 a 29 años;171,74999996;
Olula del Río;2010;Demandantes;Ambos sexos;De 30 a 44 años;403,08333331;
Olula del Río;2010;Demandantes;Ambos sexos;De 45 a 64 años;282,50000004;
Olula del Río;2010;Demandantes;Ambos sexos;TOTAL;857,33333331;
Olula del Río;2011;Demandantes;Hombres;De 16 a 29 años;97,08333334;
Olula del Río;2011;Demandantes;Hombres;De 30 a 44 años;209,66666668;
Olula del Río;2011;Demandantes;Hombres;De 45 a 64 años;219,91666669;
Olula del Río;2011;Demandantes;Hombres;TOTAL;526,66666671;
Olula del Río;2011;Demandantes;Mujeres;De 16 a 29 años;91,75;
Olula del Río;2011;Demandantes;Mujeres;De 30 a 44 años;192,83333334;
Olula del Río;2011;Demandantes;Mujeres;De 45 a 64 años;110,25000002;
Olula del Río;2011;Demandantes;Mujeres;TOTAL;394,83333336;
Olula del Río;2011;Demandantes;Ambos sexos;De 16 a 29 años;188,83333334;
Olula del Río;2011;Demandantes;Ambos sexos;De 30 a 44 años;402,50000002;
Olula del Río;2011;Demandantes;Ambos sexos;De 45 a 64 años;330,16666671;
Olula del Río;2011;Demandantes;Ambos sexos;TOTAL;921,50000007;
Olula del Río;2012;Demandantes;Hombres;De 16 a 29 años;86,58333334;
Olula del Río;2012;Demandantes;Hombres;De 30 a 44 años;202,33333332;
Olula del Río;2012;Demandantes;Hombres;De 45 a 64 años;248,58333334;
Olula del Río;2012;Demandantes;Hombres;TOTAL;537,5;
Olula del Río;2012;Demandantes;Mujeres;De 16 a 29 años;95,25;
Olula del Río;2012;Demandantes;Mujeres;De 30 a 44 años;213,33333332;
Olula del Río;2012;Demandantes;Mujeres;De 45 a 64 años;143,66666667;
Olula del Río;2012;Demandantes;Mujeres;TOTAL;452,24999999;
Olula del Río;2012;Demandantes;Ambos sexos;De 16 a 29 años;181,83333334;
Olula del Río;2012;Demandantes;Ambos sexos;De 30 a 44 años;415,66666664;
Olula del Río;2012;Demandantes;Ambos sexos;De 45 a 64 años;392,25000001;
Olula del Río;2012;Demandantes;Ambos sexos;TOTAL;989,74999999;
Oria;2010;Demandantes;Hombres;De 16 a 29 años;22,41666665;
Oria;2010;Demandantes;Hombres;De 30 a 44 años;22,83333334;
Oria;2010;Demandantes;Hombres;De 45 a 64 años;18,66666667;
Oria;2010;Demandantes;Hombres;TOTAL;63,91666666;
Oria;2010;Demandantes;Mujeres;De 16 a 29 años;6,91666666;
Oria;2010;Demandantes;Mujeres;De 30 a 44 años;12,33333334;
Oria;2010;Demandantes;Mujeres;De 45 a 64 años;5,49999999;
Oria;2010;Demandantes;Mujeres;TOTAL;24,74999999;
Oria;2010;Demandantes;Ambos sexos;De 16 a 29 años;29,33333331;
Oria;2010;Demandantes;Ambos sexos;De 30 a 44 años;35,16666668;
Oria;2010;Demandantes;Ambos sexos;De 45 a 64 años;24,16666666;
Oria;2010;Demandantes;Ambos sexos;TOTAL;88,66666665;
Oria;2011;Demandantes;Hombres;De 16 a 29 años;28,75;
Oria;2011;Demandantes;Hombres;De 30 a 44 años;27,91666665;
Oria;2011;Demandantes;Hombres;De 45 a 64 años;24,49999999;
Oria;2011;Demandantes;Hombres;TOTAL;81,16666664;
Oria;2011;Demandantes;Mujeres;De 16 a 29 años;10,91666665;
Oria;2011;Demandantes;Mujeres;De 30 a 44 años;15,16666667;
Oria;2011;Demandantes;Mujeres;De 45 a 64 años;8;
Oria;2011;Demandantes;Mujeres;TOTAL;34,08333332;
Oria;2011;Demandantes;Ambos sexos;De 16 a 29 años;39,66666665;
Oria;2011;Demandantes;Ambos sexos;De 30 a 44 años;43,08333332;
Oria;2011;Demandantes;Ambos sexos;De 45 a 64 años;32,49999999;
Oria;2011;Demandantes;Ambos sexos;TOTAL;115,24999996;
Oria;2012;Demandantes;Hombres;De 16 a 29 años;25,50000001;
Oria;2012;Demandantes;Hombres;De 30 a 44 años;30,91666668;
Oria;2012;Demandantes;Hombres;De 45 a 64 años;25,16666668;
Oria;2012;Demandantes;Hombres;TOTAL;81,58333337;
Oria;2012;Demandantes;Mujeres;De 16 a 29 años;18,25000001;
Oria;2012;Demandantes;Mujeres;De 30 a 44 años;15,25;
Oria;2012;Demandantes;Mujeres;De 45 a 64 años;10,74999999;
Oria;2012;Demandantes;Mujeres;TOTAL;44,25;
Oria;2012;Demandantes;Ambos sexos;De 16 a 29 años;43,75000002;
Oria;2012;Demandantes;Ambos sexos;De 30 a 44 años;46,16666668;
Oria;2012;Demandantes;Ambos sexos;De 45 a 64 años;35,91666667;
Oria;2012;Demandantes;Ambos sexos;TOTAL;125,83333337;
Padules;2010;Demandantes;Hombres;De 16 a 29 años;4,66666668;
Padules;2010;Demandantes;Hombres;De 30 a 44 años;6,5;
Padules;2010;Demandantes;Hombres;De 45 a 64 años;4,91666667;
Padules;2010;Demandantes;Hombres;TOTAL;16,08333335;
Padules;2010;Demandantes;Mujeres;De 16 a 29 años;1,66666666;
Padules;2010;Demandantes;Mujeres;De 30 a 44 años;2,50000001;
Padules;2010;Demandantes;Mujeres;De 45 a 64 años;1,99999999;
Padules;2010;Demandantes;Mujeres;TOTAL;6,16666666;
Padules;2010;Demandantes;Ambos sexos;De 16 a 29 años;6,33333334;
Padules;2010;Demandantes;Ambos sexos;De 30 a 44 años;9,00000001;
Padules;2010;Demandantes;Ambos sexos;De 45 a 64 años;6,91666666;
Padules;2010;Demandantes;Ambos sexos;TOTAL;22,25000001;
Padules;2011;Demandantes;Hombres;De 16 a 29 años;6,58333333;
Padules;2011;Demandantes;Hombres;De 30 a 44 años;13,24999999;
Padules;2011;Demandantes;Hombres;De 45 a 64 años;6,58333333;
Padules;2011;Demandantes;Hombres;TOTAL;26,41666665;
Padules;2011;Demandantes;Mujeres;De 16 a 29 años;5,24999999;
Padules;2011;Demandantes;Mujeres;De 30 a 44 años;0,91666666;
Padules;2011;Demandantes;Mujeres;De 45 a 64 años;3,33333333;
Padules;2011;Demandantes;Mujeres;TOTAL;9,49999998;
Padules;2011;Demandantes;Ambos sexos;De 16 a 29 años;11,83333332;
Padules;2011;Demandantes;Ambos sexos;De 30 a 44 años;14,16666665;
Padules;2011;Demandantes;Ambos sexos;De 45 a 64 años;9,91666666;
Padules;2011;Demandantes;Ambos sexos;TOTAL;35,91666663;
Padules;2012;Demandantes;Hombres;De 16 a 29 años;7,91666667;
Padules;2012;Demandantes;Hombres;De 30 a 44 años;15,41666666;
Padules;2012;Demandantes;Hombres;De 45 a 64 años;8,16666666;
Padules;2012;Demandantes;Hombres;TOTAL;31,49999999;
Padules;2012;Demandantes;Mujeres;De 16 a 29 años;4,08333333;
Padules;2012;Demandantes;Mujeres;De 30 a 44 años;2,5;
Padules;2012;Demandantes;Mujeres;De 45 a 64 años;3,91666667;
Padules;2012;Demandantes;Mujeres;TOTAL;10,5;
Padules;2012;Demandantes;Ambos sexos;De 16 a 29 años;12;
Padules;2012;Demandantes;Ambos sexos;De 30 a 44 años;17,91666666;
Padules;2012;Demandantes;Ambos sexos;De 45 a 64 años;12,08333333;
Padules;2012;Demandantes;Ambos sexos;TOTAL;41,99999999;
Partaloa;2010;Demandantes;Hombres;De 16 a 29 años;2,08333333;
Partaloa;2010;Demandantes;Hombres;De 30 a 44 años;3,33333334;
Partaloa;2010;Demandantes;Hombres;De 45 a 64 años;3,08333333;
Partaloa;2010;Demandantes;Hombres;TOTAL;8,5;
Partaloa;2010;Demandantes;Mujeres;De 16 a 29 años;2,24999999;
Partaloa;2010;Demandantes;Mujeres;De 30 a 44 años;4,41666666;
Partaloa;2010;Demandantes;Mujeres;De 45 a 64 años;2;
Partaloa;2010;Demandantes;Mujeres;TOTAL;8,66666665;
Partaloa;2010;Demandantes;Ambos sexos;De 16 a 29 años;4,33333332;
Partaloa;2010;Demandantes;Ambos sexos;De 30 a 44 años;7,75;
Partaloa;2010;Demandantes;Ambos sexos;De 45 a 64 años;5,08333333;
Partaloa;2010;Demandantes;Ambos sexos;TOTAL;17,16666665;
Partaloa;2011;Demandantes;Hombres;De 16 a 29 años;3;
Partaloa;2011;Demandantes;Hombres;De 30 a 44 años;3,08333333;
Partaloa;2011;Demandantes;Hombres;De 45 a 64 años;5,33333335;
Partaloa;2011;Demandantes;Hombres;TOTAL;11,41666668;
Partaloa;2011;Demandantes;Mujeres;De 16 a 29 años;3,66666666;
Partaloa;2011;Demandantes;Mujeres;De 30 a 44 años;5,33333333;
Partaloa;2011;Demandantes;Mujeres;De 45 a 64 años;3,66666666;
Partaloa;2011;Demandantes;Mujeres;TOTAL;12,66666665;
Partaloa;2011;Demandantes;Ambos sexos;De 16 a 29 años;6,66666666;
Partaloa;2011;Demandantes;Ambos sexos;De 30 a 44 años;8,41666666;
Partaloa;2011;Demandantes;Ambos sexos;De 45 a 64 años;9,00000001;
Partaloa;2011;Demandantes;Ambos sexos;TOTAL;24,08333333;
Partaloa;2012;Demandantes;Hombres;De 16 a 29 años;4,58333333;
Partaloa;2012;Demandantes;Hombres;De 30 a 44 años;4,58333333;
Partaloa;2012;Demandantes;Hombres;De 45 a 64 años;7,08333334;
Partaloa;2012;Demandantes;Hombres;TOTAL;16,25;
Partaloa;2012;Demandantes;Mujeres;De 16 a 29 años;2,83333334;
Partaloa;2012;Demandantes;Mujeres;De 30 a 44 años;5,66666665;
Partaloa;2012;Demandantes;Mujeres;De 45 a 64 años;3,66666667;
Partaloa;2012;Demandantes;Mujeres;TOTAL;12,16666666;
Partaloa;2012;Demandantes;Ambos sexos;De 16 a 29 años;7,41666667;
Partaloa;2012;Demandantes;Ambos sexos;De 30 a 44 años;10,24999998;
Partaloa;2012;Demandantes;Ambos sexos;De 45 a 64 años;10,75000001;
Partaloa;2012;Demandantes;Ambos sexos;TOTAL;28,41666666;
Paterna del Río;2010;Demandantes;Hombres;De 16 a 29 años;2,33333333;
Paterna del Río;2010;Demandantes;Hombres;De 30 a 44 años;4,25000001;
Paterna del Río;2010;Demandantes;Hombres;De 45 a 64 años;5,08333333;
Paterna del Río;2010;Demandantes;Hombres;TOTAL;11,66666667;
Paterna del Río;2010;Demandantes;Mujeres;De 16 a 29 años;2,41666666;
Paterna del Río;2010;Demandantes;Mujeres;De 30 a 44 años;1,58333333;
Paterna del Río;2010;Demandantes;Mujeres;De 45 a 64 años;2,74999999;
Paterna del Río;2010;Demandantes;Mujeres;TOTAL;6,74999998;
Paterna del Río;2010;Demandantes;Ambos sexos;De 16 a 29 años;4,74999999;
Paterna del Río;2010;Demandantes;Ambos sexos;De 30 a 44 años;5,83333334;
Paterna del Río;2010;Demandantes;Ambos sexos;De 45 a 64 años;7,83333332;
Paterna del Río;2010;Demandantes;Ambos sexos;TOTAL;18,41666665;
Paterna del Río;2011;Demandantes;Hombres;De 16 a 29 años;4,5;
Paterna del Río;2011;Demandantes;Hombres;De 30 a 44 años;5,75;
Paterna del Río;2011;Demandantes;Hombres;De 45 a 64 años;5,25;
Paterna del Río;2011;Demandantes;Hombres;TOTAL;15,5;
Paterna del Río;2011;Demandantes;Mujeres;De 16 a 29 años;2,16666666;
Paterna del Río;2011;Demandantes;Mujeres;De 30 a 44 años;3,25;
Paterna del Río;2011;Demandantes;Mujeres;De 45 a 64 años;2,91666667;
Paterna del Río;2011;Demandantes;Mujeres;TOTAL;8,33333333;
Paterna del Río;2011;Demandantes;Ambos sexos;De 16 a 29 años;6,66666666;
Paterna del Río;2011;Demandantes;Ambos sexos;De 30 a 44 años;9;
Paterna del Río;2011;Demandantes;Ambos sexos;De 45 a 64 años;8,16666667;
Paterna del Río;2011;Demandantes;Ambos sexos;TOTAL;23,83333333;
Paterna del Río;2012;Demandantes;Hombres;De 16 a 29 años;5,41666666;
Paterna del Río;2012;Demandantes;Hombres;De 30 a 44 años;6,75000002;
Paterna del Río;2012;Demandantes;Hombres;De 45 a 64 años;5,41666666;
Paterna del Río;2012;Demandantes;Hombres;TOTAL;17,58333334;
Paterna del Río;2012;Demandantes;Mujeres;De 16 a 29 años;1,99999999;
Paterna del Río;2012;Demandantes;Mujeres;De 30 a 44 años;2,66666666;
Paterna del Río;2012;Demandantes;Mujeres;De 45 a 64 años;2,66666667;
Paterna del Río;2012;Demandantes;Mujeres;TOTAL;7,33333332;
Paterna del Río;2012;Demandantes;Ambos sexos;De 16 a 29 años;7,41666665;
Paterna del Río;2012;Demandantes;Ambos sexos;De 30 a 44 años;9,41666668;
Paterna del Río;2012;Demandantes;Ambos sexos;De 45 a 64 años;8,08333333;
Paterna del Río;2012;Demandantes;Ambos sexos;TOTAL;24,91666666;
Pechina;2010;Demandantes;Hombres;De 16 a 29 años;70,33333335;
Pechina;2010;Demandantes;Hombres;De 30 a 44 años;89,66666668;
Pechina;2010;Demandantes;Hombres;De 45 a 64 años;78,83333333;
Pechina;2010;Demandantes;Hombres;TOTAL;238,83333336;
Pechina;2010;Demandantes;Mujeres;De 16 a 29 años;56,66666665;
Pechina;2010;Demandantes;Mujeres;De 30 a 44 años;84,75000001;
Pechina;2010;Demandantes;Mujeres;De 45 a 64 años;53,25;
Pechina;2010;Demandantes;Mujeres;TOTAL;194,66666666;
Pechina;2010;Demandantes;Ambos sexos;De 16 a 29 años;127;
Pechina;2010;Demandantes;Ambos sexos;De 30 a 44 años;174,41666669;
Pechina;2010;Demandantes;Ambos sexos;De 45 a 64 años;132,08333333;
Pechina;2010;Demandantes;Ambos sexos;TOTAL;433,50000002;
Pechina;2011;Demandantes;Hombres;De 16 a 29 años;74,75000001;
Pechina;2011;Demandantes;Hombres;De 30 a 44 años;99,16666665;
Pechina;2011;Demandantes;Hombres;De 45 a 64 años;88,75;
Pechina;2011;Demandantes;Hombres;TOTAL;262,66666666;
Pechina;2011;Demandantes;Mujeres;De 16 a 29 años;55,5;
Pechina;2011;Demandantes;Mujeres;De 30 a 44 años;91,58333332;
Pechina;2011;Demandantes;Mujeres;De 45 a 64 años;65,91666669;
Pechina;2011;Demandantes;Mujeres;TOTAL;213,00000001;
Pechina;2011;Demandantes;Ambos sexos;De 16 a 29 años;130,25000001;
Pechina;2011;Demandantes;Ambos sexos;De 30 a 44 años;190,74999997;
Pechina;2011;Demandantes;Ambos sexos;De 45 a 64 años;154,66666669;
Pechina;2011;Demandantes;Ambos sexos;TOTAL;475,66666667;
Pechina;2012;Demandantes;Hombres;De 16 a 29 años;78,41666666;
Pechina;2012;Demandantes;Hombres;De 30 a 44 años;119,33333334;
Pechina;2012;Demandantes;Hombres;De 45 a 64 años;102,91666667;
Pechina;2012;Demandantes;Hombres;TOTAL;300,66666667;
Pechina;2012;Demandantes;Mujeres;De 16 a 29 años;66,08333333;
Pechina;2012;Demandantes;Mujeres;De 30 a 44 años;106,33333332;
Pechina;2012;Demandantes;Mujeres;De 45 a 64 años;84,74999999;
Pechina;2012;Demandantes;Mujeres;TOTAL;257,16666664;
Pechina;2012;Demandantes;Ambos sexos;De 16 a 29 años;144,49999999;
Pechina;2012;Demandantes;Ambos sexos;De 30 a 44 años;225,66666666;
Pechina;2012;Demandantes;Ambos sexos;De 45 a 64 años;187,66666666;
Pechina;2012;Demandantes;Ambos sexos;TOTAL;557,83333331;
Pulpí;2010;Demandantes;Hombres;De 16 a 29 años;68,41666667;
Pulpí;2010;Demandantes;Hombres;De 30 a 44 años;124,74999999;
Pulpí;2010;Demandantes;Hombres;De 45 a 64 años;82,83333333;
Pulpí;2010;Demandantes;Hombres;TOTAL;275,99999999;
Pulpí;2010;Demandantes;Mujeres;De 16 a 29 años;53,83333332;
Pulpí;2010;Demandantes;Mujeres;De 30 a 44 años;108,08333334;
Pulpí;2010;Demandantes;Mujeres;De 45 a 64 años;58,74999999;
Pulpí;2010;Demandantes;Mujeres;TOTAL;220,66666665;
Pulpí;2010;Demandantes;Ambos sexos;De 16 a 29 años;122,24999999;
Pulpí;2010;Demandantes;Ambos sexos;De 30 a 44 años;232,83333333;
Pulpí;2010;Demandantes;Ambos sexos;De 45 a 64 años;141,58333332;
Pulpí;2010;Demandantes;Ambos sexos;TOTAL;496,66666664;
Pulpí;2011;Demandantes;Hombres;De 16 a 29 años;64,08333333;
Pulpí;2011;Demandantes;Hombres;De 30 a 44 años;100,66666666;
Pulpí;2011;Demandantes;Hombres;De 45 a 64 años;83,33333335;
Pulpí;2011;Demandantes;Hombres;TOTAL;248,08333334;
Pulpí;2011;Demandantes;Mujeres;De 16 a 29 años;60,58333334;
Pulpí;2011;Demandantes;Mujeres;De 30 a 44 años;104,74999999;
Pulpí;2011;Demandantes;Mujeres;De 45 a 64 años;71,75;
Pulpí;2011;Demandantes;Mujeres;TOTAL;237,08333333;
Pulpí;2011;Demandantes;Ambos sexos;De 16 a 29 años;124,66666667;
Pulpí;2011;Demandantes;Ambos sexos;De 30 a 44 años;205,41666665;
Pulpí;2011;Demandantes;Ambos sexos;De 45 a 64 años;155,08333335;
Pulpí;2011;Demandantes;Ambos sexos;TOTAL;485,16666667;
Pulpí;2012;Demandantes;Hombres;De 16 a 29 años;56,41666665;
Pulpí;2012;Demandantes;Hombres;De 30 a 44 años;95,5;
Pulpí;2012;Demandantes;Hombres;De 45 a 64 años;90,41666667;
Pulpí;2012;Demandantes;Hombres;TOTAL;242,33333332;
Pulpí;2012;Demandantes;Mujeres;De 16 a 29 años;66,08333334;
Pulpí;2012;Demandantes;Mujeres;De 30 a 44 años;125,16666666;
Pulpí;2012;Demandantes;Mujeres;De 45 a 64 años;85,91666666;
Pulpí;2012;Demandantes;Mujeres;TOTAL;277,16666666;
Pulpí;2012;Demandantes;Ambos sexos;De 16 a 29 años;122,49999999;
Pulpí;2012;Demandantes;Ambos sexos;De 30 a 44 años;220,66666666;
Pulpí;2012;Demandantes;Ambos sexos;De 45 a 64 años;176,33333333;
Pulpí;2012;Demandantes;Ambos sexos;TOTAL;519,49999998;
Purchena;2010;Demandantes;Hombres;De 16 a 29 años;31,33333334;
Purchena;2010;Demandantes;Hombres;De 30 a 44 años;19,66666667;
Purchena;2010;Demandantes;Hombres;De 45 a 64 años;43,08333332;
Purchena;2010;Demandantes;Hombres;TOTAL;94,08333333;
Purchena;2010;Demandantes;Mujeres;De 16 a 29 años;19,24999999;
Purchena;2010;Demandantes;Mujeres;De 30 a 44 años;29,08333332;
Purchena;2010;Demandantes;Mujeres;De 45 a 64 años;25,16666667;
Purchena;2010;Demandantes;Mujeres;TOTAL;73,49999998;
Purchena;2010;Demandantes;Ambos sexos;De 16 a 29 años;50,58333333;
Purchena;2010;Demandantes;Ambos sexos;De 30 a 44 años;48,74999999;
Purchena;2010;Demandantes;Ambos sexos;De 45 a 64 años;68,24999999;
Purchena;2010;Demandantes;Ambos sexos;TOTAL;167,58333331;
Purchena;2011;Demandantes;Hombres;De 16 a 29 años;26,25000002;
Purchena;2011;Demandantes;Hombres;De 30 a 44 años;26,00000001;
Purchena;2011;Demandantes;Hombres;De 45 a 64 años;45,25000001;
Purchena;2011;Demandantes;Hombres;TOTAL;97,50000004;
Purchena;2011;Demandantes;Mujeres;De 16 a 29 años;17,41666665;
Purchena;2011;Demandantes;Mujeres;De 30 a 44 años;31,33333334;
Purchena;2011;Demandantes;Mujeres;De 45 a 64 años;26,75;
Purchena;2011;Demandantes;Mujeres;TOTAL;75,49999999;
Purchena;2011;Demandantes;Ambos sexos;De 16 a 29 años;43,66666667;
Purchena;2011;Demandantes;Ambos sexos;De 30 a 44 años;57,33333335;
Purchena;2011;Demandantes;Ambos sexos;De 45 a 64 años;72,00000001;
Purchena;2011;Demandantes;Ambos sexos;TOTAL;173,00000003;
Purchena;2012;Demandantes;Hombres;De 16 a 29 años;34,91666668;
Purchena;2012;Demandantes;Hombres;De 30 a 44 años;32,91666666;
Purchena;2012;Demandantes;Hombres;De 45 a 64 años;49,83333334;
Purchena;2012;Demandantes;Hombres;TOTAL;117,66666668;
Purchena;2012;Demandantes;Mujeres;De 16 a 29 años;26,83333336;
Purchena;2012;Demandantes;Mujeres;De 30 a 44 años;34,16666665;
Purchena;2012;Demandantes;Mujeres;De 45 a 64 años;34,58333333;
Purchena;2012;Demandantes;Mujeres;TOTAL;95,58333334;
Purchena;2012;Demandantes;Ambos sexos;De 16 a 29 años;61,75000004;
Purchena;2012;Demandantes;Ambos sexos;De 30 a 44 años;67,08333331;
Purchena;2012;Demandantes;Ambos sexos;De 45 a 64 años;84,41666667;
Purchena;2012;Demandantes;Ambos sexos;TOTAL;213,25000002;
Rágol;2010;Demandantes;Hombres;De 16 a 29 años;1,58333334;
Rágol;2010;Demandantes;Hombres;De 30 a 44 años;2,5;
Rágol;2010;Demandantes;Hombres;De 45 a 64 años;2,99999999;
Rágol;2010;Demandantes;Hombres;TOTAL;7,08333333;
Rágol;2010;Demandantes;Mujeres;De 16 a 29 años;1,66666667;
Rágol;2010;Demandantes;Mujeres;De 30 a 44 años;1,75;
Rágol;2010;Demandantes;Mujeres;De 45 a 64 años;0,25;
Rágol;2010;Demandantes;Mujeres;TOTAL;3,66666667;
Rágol;2010;Demandantes;Ambos sexos;De 16 a 29 años;3,25000001;
Rágol;2010;Demandantes;Ambos sexos;De 30 a 44 años;4,25;
Rágol;2010;Demandantes;Ambos sexos;De 45 a 64 años;3,24999999;
Rágol;2010;Demandantes;Ambos sexos;TOTAL;10,75;
Rágol;2011;Demandantes;Hombres;De 16 a 29 años;3,16666666;
Rágol;2011;Demandantes;Hombres;De 30 a 44 años;6;
Rágol;2011;Demandantes;Hombres;De 45 a 64 años;3,33333334;
Rágol;2011;Demandantes;Hombres;TOTAL;12,5;
Rágol;2011;Demandantes;Mujeres;De 16 a 29 años;1,66666667;
Rágol;2011;Demandantes;Mujeres;De 30 a 44 años;2,25;
Rágol;2011;Demandantes;Mujeres;De 45 a 64 años;0,08333333;
Rágol;2011;Demandantes;Mujeres;TOTAL;4;
Rágol;2011;Demandantes;Ambos sexos;De 16 a 29 años;4,83333333;
Rágol;2011;Demandantes;Ambos sexos;De 30 a 44 años;8,25;
Rágol;2011;Demandantes;Ambos sexos;De 45 a 64 años;3,41666667;
Rágol;2011;Demandantes;Ambos sexos;TOTAL;16,5;
Rágol;2012;Demandantes;Hombres;De 16 a 29 años;2,41666667;
Rágol;2012;Demandantes;Hombres;De 30 a 44 años;6,83333332;
Rágol;2012;Demandantes;Hombres;De 45 a 64 años;3,91666667;
Rágol;2012;Demandantes;Hombres;TOTAL;13,16666666;
Rágol;2012;Demandantes;Mujeres;De 16 a 29 años;1,91666667;
Rágol;2012;Demandantes;Mujeres;De 30 a 44 años;1,5;
Rágol;2012;Demandantes;Mujeres;De 45 a 64 años;0,08333333;
Rágol;2012;Demandantes;Mujeres;TOTAL;3,5;
Rágol;2012;Demandantes;Ambos sexos;De 16 a 29 años;4,33333334;
Rágol;2012;Demandantes;Ambos sexos;De 30 a 44 años;8,33333332;
Rágol;2012;Demandantes;Ambos sexos;De 45 a 64 años;4;
Rágol;2012;Demandantes;Ambos sexos;TOTAL;16,66666666;
Rioja;2010;Demandantes;Hombres;De 16 a 29 años;34,91666667;
Rioja;2010;Demandantes;Hombres;De 30 a 44 años;49,75;
Rioja;2010;Demandantes;Hombres;De 45 a 64 años;46,00000001;
Rioja;2010;Demandantes;Hombres;TOTAL;130,66666668;
Rioja;2010;Demandantes;Mujeres;De 16 a 29 años;27,58333333;
Rioja;2010;Demandantes;Mujeres;De 30 a 44 años;43,41666666;
Rioja;2010;Demandantes;Mujeres;De 45 a 64 años;19,5;
Rioja;2010;Demandantes;Mujeres;TOTAL;90,49999999;
Rioja;2010;Demandantes;Ambos sexos;De 16 a 29 años;62,5;
Rioja;2010;Demandantes;Ambos sexos;De 30 a 44 años;93,16666666;
Rioja;2010;Demandantes;Ambos sexos;De 45 a 64 años;65,50000001;
Rioja;2010;Demandantes;Ambos sexos;TOTAL;221,16666667;
Rioja;2011;Demandantes;Hombres;De 16 a 29 años;29,41666666;
Rioja;2011;Demandantes;Hombres;De 30 a 44 años;56,66666666;
Rioja;2011;Demandantes;Hombres;De 45 a 64 años;49;
Rioja;2011;Demandantes;Hombres;TOTAL;135,08333332;
Rioja;2011;Demandantes;Mujeres;De 16 a 29 años;24,25;
Rioja;2011;Demandantes;Mujeres;De 30 a 44 años;45,00000001;
Rioja;2011;Demandantes;Mujeres;De 45 a 64 años;23,75;
Rioja;2011;Demandantes;Mujeres;TOTAL;93,00000001;
Rioja;2011;Demandantes;Ambos sexos;De 16 a 29 años;53,66666666;
Rioja;2011;Demandantes;Ambos sexos;De 30 a 44 años;101,66666667;
Rioja;2011;Demandantes;Ambos sexos;De 45 a 64 años;72,75;
Rioja;2011;Demandantes;Ambos sexos;TOTAL;228,08333333;
Rioja;2012;Demandantes;Hombres;De 16 a 29 años;35,74999999;
Rioja;2012;Demandantes;Hombres;De 30 a 44 años;61,91666667;
Rioja;2012;Demandantes;Hombres;De 45 a 64 años;60,83333334;
Rioja;2012;Demandantes;Hombres;TOTAL;158,5;
Rioja;2012;Demandantes;Mujeres;De 16 a 29 años;20,83333333;
Rioja;2012;Demandantes;Mujeres;De 30 a 44 años;44;
Rioja;2012;Demandantes;Mujeres;De 45 a 64 años;38,16666667;
Rioja;2012;Demandantes;Mujeres;TOTAL;103;
Rioja;2012;Demandantes;Ambos sexos;De 16 a 29 años;56,58333332;
Rioja;2012;Demandantes;Ambos sexos;De 30 a 44 años;105,91666667;
Rioja;2012;Demandantes;Ambos sexos;De 45 a 64 años;99,00000001;
Rioja;2012;Demandantes;Ambos sexos;TOTAL;261,5;
Roquetas de Mar;2010;Demandantes;Hombres;De 16 a 29 años;1196,91666668;
Roquetas de Mar;2010;Demandantes;Hombres;De 30 a 44 años;2438,83333335;
Roquetas de Mar;2010;Demandantes;Hombres;De 45 a 64 años;1454,74999998;
Roquetas de Mar;2010;Demandantes;Hombres;TOTAL;5090,50000001;
Roquetas de Mar;2010;Demandantes;Mujeres;De 16 a 29 años;1103,00000002;
Roquetas de Mar;2010;Demandantes;Mujeres;De 30 a 44 años;2155,58333334;
Roquetas de Mar;2010;Demandantes;Mujeres;De 45 a 64 años;1138,58333333;
Roquetas de Mar;2010;Demandantes;Mujeres;TOTAL;4397,16666669;
Roquetas de Mar;2010;Demandantes;Ambos sexos;De 16 a 29 años;2299,9166667;
Roquetas de Mar;2010;Demandantes;Ambos sexos;De 30 a 44 años;4594,41666669;
Roquetas de Mar;2010;Demandantes;Ambos sexos;De 45 a 64 años;2593,33333331;
Roquetas de Mar;2010;Demandantes;Ambos sexos;TOTAL;9487,6666667;
Roquetas de Mar;2011;Demandantes;Hombres;De 16 a 29 años;1015,66666667;
Roquetas de Mar;2011;Demandantes;Hombres;De 30 a 44 años;2289,08333331;
Roquetas de Mar;2011;Demandantes;Hombres;De 45 a 64 años;1620,08333336;
Roquetas de Mar;2011;Demandantes;Hombres;TOTAL;4924,83333334;
Roquetas de Mar;2011;Demandantes;Mujeres;De 16 a 29 años;1126,66666666;
Roquetas de Mar;2011;Demandantes;Mujeres;De 30 a 44 años;2285,25000002;
Roquetas de Mar;2011;Demandantes;Mujeres;De 45 a 64 años;1359,58333334;
Roquetas de Mar;2011;Demandantes;Mujeres;TOTAL;4771,50000002;
Roquetas de Mar;2011;Demandantes;Ambos sexos;De 16 a 29 años;2142,33333333;
Roquetas de Mar;2011;Demandantes;Ambos sexos;De 30 a 44 años;4574,33333333;
Roquetas de Mar;2011;Demandantes;Ambos sexos;De 45 a 64 años;2979,6666667;
Roquetas de Mar;2011;Demandantes;Ambos sexos;TOTAL;9696,33333336;
Roquetas de Mar;2012;Demandantes;Hombres;De 16 a 29 años;985,33333331;
Roquetas de Mar;2012;Demandantes;Hombres;De 30 a 44 años;2300,24999998;
Roquetas de Mar;2012;Demandantes;Hombres;De 45 a 64 años;1861;
Roquetas de Mar;2012;Demandantes;Hombres;TOTAL;5146,58333329;
Roquetas de Mar;2012;Demandantes;Mujeres;De 16 a 29 años;1221,41666666;
Roquetas de Mar;2012;Demandantes;Mujeres;De 30 a 44 años;2484,75000004;
Roquetas de Mar;2012;Demandantes;Mujeres;De 45 a 64 años;1622,50000002;
Roquetas de Mar;2012;Demandantes;Mujeres;TOTAL;5328,66666672;
Roquetas de Mar;2012;Demandantes;Ambos sexos;De 16 a 29 años;2206,74999997;
Roquetas de Mar;2012;Demandantes;Ambos sexos;De 30 a 44 años;4785,00000002;
Roquetas de Mar;2012;Demandantes;Ambos sexos;De 45 a 64 años;3483,50000002;
Roquetas de Mar;2012;Demandantes;Ambos sexos;TOTAL;10475,25000001;
Santa Cruz de Marchena;2010;Demandantes;Hombres;De 16 a 29 años;-;
Santa Cruz de Marchena;2010;Demandantes;Hombres;De 30 a 44 años;4,83333334;
Santa Cruz de Marchena;2010;Demandantes;Hombres;De 45 a 64 años;0,75;
Santa Cruz de Marchena;2010;Demandantes;Hombres;TOTAL;5,58333334;
Santa Cruz de Marchena;2010;Demandantes;Mujeres;De 16 a 29 años;0,16666667;
Santa Cruz de Marchena;2010;Demandantes;Mujeres;De 30 a 44 años;0,74999999;
Santa Cruz de Marchena;2010;Demandantes;Mujeres;De 45 a 64 años;3,33333333;
Santa Cruz de Marchena;2010;Demandantes;Mujeres;TOTAL;4,24999999;
Santa Cruz de Marchena;2010;Demandantes;Ambos sexos;De 16 a 29 años;0,16666667;
Santa Cruz de Marchena;2010;Demandantes;Ambos sexos;De 30 a 44 años;5,58333333;
Santa Cruz de Marchena;2010;Demandantes;Ambos sexos;De 45 a 64 años;4,08333333;
Santa Cruz de Marchena;2010;Demandantes;Ambos sexos;TOTAL;9,83333333;
Santa Cruz de Marchena;2011;Demandantes;Hombres;De 16 a 29 años;1,25;
Santa Cruz de Marchena;2011;Demandantes;Hombres;De 30 a 44 años;4,33333334;
Santa Cruz de Marchena;2011;Demandantes;Hombres;De 45 a 64 años;2,08333333;
Santa Cruz de Marchena;2011;Demandantes;Hombres;TOTAL;7,66666667;
Santa Cruz de Marchena;2011;Demandantes;Mujeres;De 16 a 29 años;0,75;
Santa Cruz de Marchena;2011;Demandantes;Mujeres;De 30 a 44 años;0,75;
Santa Cruz de Marchena;2011;Demandantes;Mujeres;De 45 a 64 años;3,41666667;
Santa Cruz de Marchena;2011;Demandantes;Mujeres;TOTAL;4,91666667;
Santa Cruz de Marchena;2011;Demandantes;Ambos sexos;De 16 a 29 años;2;
Santa Cruz de Marchena;2011;Demandantes;Ambos sexos;De 30 a 44 años;5,08333334;
Santa Cruz de Marchena;2011;Demandantes;Ambos sexos;De 45 a 64 años;5,5;
Santa Cruz de Marchena;2011;Demandantes;Ambos sexos;TOTAL;12,58333334;
Santa Cruz de Marchena;2012;Demandantes;Hombres;De 16 a 29 años;2,08333333;
Santa Cruz de Marchena;2012;Demandantes;Hombres;De 30 a 44 años;5,33333334;
Santa Cruz de Marchena;2012;Demandantes;Hombres;De 45 a 64 años;4,83333334;
Santa Cruz de Marchena;2012;Demandantes;Hombres;TOTAL;12,25000001;
Santa Cruz de Marchena;2012;Demandantes;Mujeres;De 16 a 29 años;0,08333333;
Santa Cruz de Marchena;2012;Demandantes;Mujeres;De 30 a 44 años;2,41666667;
Santa Cruz de Marchena;2012;Demandantes;Mujeres;De 45 a 64 años;2,41666667;
Santa Cruz de Marchena;2012;Demandantes;Mujeres;TOTAL;4,91666667;
Santa Cruz de Marchena;2012;Demandantes;Ambos sexos;De 16 a 29 años;2,16666666;
Santa Cruz de Marchena;2012;Demandantes;Ambos sexos;De 30 a 44 años;7,75000001;
Santa Cruz de Marchena;2012;Demandantes;Ambos sexos;De 45 a 64 años;7,25000001;
Santa Cruz de Marchena;2012;Demandantes;Ambos sexos;TOTAL;17,16666668;
Santa Fe de Mondújar;2010;Demandantes;Hombres;De 16 a 29 años;7,83333334;
Santa Fe de Mondújar;2010;Demandantes;Hombres;De 30 a 44 años;3,75000001;
Santa Fe de Mondújar;2010;Demandantes;Hombres;De 45 a 64 años;10,91666667;
Santa Fe de Mondújar;2010;Demandantes;Hombres;TOTAL;22,50000002;
Santa Fe de Mondújar;2010;Demandantes;Mujeres;De 16 a 29 años;7,83333333;
Santa Fe de Mondújar;2010;Demandantes;Mujeres;De 30 a 44 años;7,25;
Santa Fe de Mondújar;2010;Demandantes;Mujeres;De 45 a 64 años;4,58333333;
Santa Fe de Mondújar;2010;Demandantes;Mujeres;TOTAL;19,66666666;
Santa Fe de Mondújar;2010;Demandantes;Ambos sexos;De 16 a 29 años;15,66666667;
Santa Fe de Mondújar;2010;Demandantes;Ambos sexos;De 30 a 44 años;11,00000001;
Santa Fe de Mondújar;2010;Demandantes;Ambos sexos;De 45 a 64 años;15,5;
Santa Fe de Mondújar;2010;Demandantes;Ambos sexos;TOTAL;42,16666668;
Santa Fe de Mondújar;2011;Demandantes;Hombres;De 16 a 29 años;8,58333333;
Santa Fe de Mondújar;2011;Demandantes;Hombres;De 30 a 44 años;7,25;
Santa Fe de Mondújar;2011;Demandantes;Hombres;De 45 a 64 años;12,25000001;
Santa Fe de Mondújar;2011;Demandantes;Hombres;TOTAL;28,08333334;
Santa Fe de Mondújar;2011;Demandantes;Mujeres;De 16 a 29 años;9,41666667;
Santa Fe de Mondújar;2011;Demandantes;Mujeres;De 30 a 44 años;6,16666666;
Santa Fe de Mondújar;2011;Demandantes;Mujeres;De 45 a 64 años;6,83333333;
Santa Fe de Mondújar;2011;Demandantes;Mujeres;TOTAL;22,41666666;
Santa Fe de Mondújar;2011;Demandantes;Ambos sexos;De 16 a 29 años;18;
Santa Fe de Mondújar;2011;Demandantes;Ambos sexos;De 30 a 44 años;13,41666666;
Santa Fe de Mondújar;2011;Demandantes;Ambos sexos;De 45 a 64 años;19,08333334;
Santa Fe de Mondújar;2011;Demandantes;Ambos sexos;TOTAL;50,5;
Santa Fe de Mondújar;2012;Demandantes;Hombres;De 16 a 29 años;9,58333333;
Santa Fe de Mondújar;2012;Demandantes;Hombres;De 30 a 44 años;8;
Santa Fe de Mondújar;2012;Demandantes;Hombres;De 45 a 64 años;13,24999999;
Santa Fe de Mondújar;2012;Demandantes;Hombres;TOTAL;30,83333332;
Santa Fe de Mondújar;2012;Demandantes;Mujeres;De 16 a 29 años;11,66666666;
Santa Fe de Mondújar;2012;Demandantes;Mujeres;De 30 a 44 años;7,08333334;
Santa Fe de Mondújar;2012;Demandantes;Mujeres;De 45 a 64 años;9,24999999;
Santa Fe de Mondújar;2012;Demandantes;Mujeres;TOTAL;27,99999999;
Santa Fe de Mondújar;2012;Demandantes;Ambos sexos;De 16 a 29 años;21,24999999;
Santa Fe de Mondújar;2012;Demandantes;Ambos sexos;De 30 a 44 años;15,08333334;
Santa Fe de Mondújar;2012;Demandantes;Ambos sexos;De 45 a 64 años;22,49999998;
Santa Fe de Mondújar;2012;Demandantes;Ambos sexos;TOTAL;58,83333331;
Senés;2010;Demandantes;Hombres;De 16 a 29 años;3,75000001;
Senés;2010;Demandantes;Hombres;De 30 a 44 años;3,25;
Senés;2010;Demandantes;Hombres;De 45 a 64 años;6;
Senés;2010;Demandantes;Hombres;TOTAL;13,00000001;
Senés;2010;Demandantes;Mujeres;De 16 a 29 años;2,5;
Senés;2010;Demandantes;Mujeres;De 30 a 44 años;2,33333333;
Senés;2010;Demandantes;Mujeres;De 45 a 64 años;2,25;
Senés;2010;Demandantes;Mujeres;TOTAL;7,08333333;
Senés;2010;Demandantes;Ambos sexos;De 16 a 29 años;6,25000001;
Senés;2010;Demandantes;Ambos sexos;De 30 a 44 años;5,58333333;
Senés;2010;Demandantes;Ambos sexos;De 45 a 64 años;8,25;
Senés;2010;Demandantes;Ambos sexos;TOTAL;20,08333334;
Senés;2011;Demandantes;Hombres;De 16 a 29 años;2,49999999;
Senés;2011;Demandantes;Hombres;De 30 a 44 años;4,16666667;
Senés;2011;Demandantes;Hombres;De 45 a 64 años;5,66666667;
Senés;2011;Demandantes;Hombres;TOTAL;12,33333333;
Senés;2011;Demandantes;Mujeres;De 16 a 29 años;2,5;
Senés;2011;Demandantes;Mujeres;De 30 a 44 años;0,83333334;
Senés;2011;Demandantes;Mujeres;De 45 a 64 años;2;
Senés;2011;Demandantes;Mujeres;TOTAL;5,33333334;
Senés;2011;Demandantes;Ambos sexos;De 16 a 29 años;4,99999999;
Senés;2011;Demandantes;Ambos sexos;De 30 a 44 años;5,00000001;
Senés;2011;Demandantes;Ambos sexos;De 45 a 64 años;7,66666667;
Senés;2011;Demandantes;Ambos sexos;TOTAL;17,66666667;
Senés;2012;Demandantes;Hombres;De 16 a 29 años;3,33333334;
Senés;2012;Demandantes;Hombres;De 30 a 44 años;4,41666668;
Senés;2012;Demandantes;Hombres;De 45 a 64 años;7,41666666;
Senés;2012;Demandantes;Hombres;TOTAL;15,16666668;
Senés;2012;Demandantes;Mujeres;De 16 a 29 años;3;
Senés;2012;Demandantes;Mujeres;De 30 a 44 años;3,00000001;
Senés;2012;Demandantes;Mujeres;De 45 a 64 años;2,08333333;
Senés;2012;Demandantes;Mujeres;TOTAL;8,08333334;
Senés;2012;Demandantes;Ambos sexos;De 16 a 29 años;6,33333334;
Senés;2012;Demandantes;Ambos sexos;De 30 a 44 años;7,41666669;
Senés;2012;Demandantes;Ambos sexos;De 45 a 64 años;9,49999999;
Senés;2012;Demandantes;Ambos sexos;TOTAL;23,25000002;
Serón;2010;Demandantes;Hombres;De 16 a 29 años;19,83333334;
Serón;2010;Demandantes;Hombres;De 30 a 44 años;23,83333331;
Serón;2010;Demandantes;Hombres;De 45 a 64 años;27,08333333;
Serón;2010;Demandantes;Hombres;TOTAL;70,74999998;
Serón;2010;Demandantes;Mujeres;De 16 a 29 años;10,49999999;
Serón;2010;Demandantes;Mujeres;De 30 a 44 años;20,33333333;
Serón;2010;Demandantes;Mujeres;De 45 a 64 años;14,58333332;
Serón;2010;Demandantes;Mujeres;TOTAL;45,41666664;
Serón;2010;Demandantes;Ambos sexos;De 16 a 29 años;30,33333333;
Serón;2010;Demandantes;Ambos sexos;De 30 a 44 años;44,16666664;
Serón;2010;Demandantes;Ambos sexos;De 45 a 64 años;41,66666665;
Serón;2010;Demandantes;Ambos sexos;TOTAL;116,16666662;
Serón;2011;Demandantes;Hombres;De 16 a 29 años;15,08333332;
Serón;2011;Demandantes;Hombres;De 30 a 44 años;28,66666666;
Serón;2011;Demandantes;Hombres;De 45 a 64 años;42,24999999;
Serón;2011;Demandantes;Hombres;TOTAL;85,99999997;
Serón;2011;Demandantes;Mujeres;De 16 a 29 años;12,25000001;
Serón;2011;Demandantes;Mujeres;De 30 a 44 años;22,58333332;
Serón;2011;Demandantes;Mujeres;De 45 a 64 años;18,08333333;
Serón;2011;Demandantes;Mujeres;TOTAL;52,91666666;
Serón;2011;Demandantes;Ambos sexos;De 16 a 29 años;27,33333333;
Serón;2011;Demandantes;Ambos sexos;De 30 a 44 años;51,24999998;
Serón;2011;Demandantes;Ambos sexos;De 45 a 64 años;60,33333332;
Serón;2011;Demandantes;Ambos sexos;TOTAL;138,91666663;
Serón;2012;Demandantes;Hombres;De 16 a 29 años;17,58333333;
Serón;2012;Demandantes;Hombres;De 30 a 44 años;39,91666667;
Serón;2012;Demandantes;Hombres;De 45 a 64 años;57,83333333;
Serón;2012;Demandantes;Hombres;TOTAL;115,33333333;
Serón;2012;Demandantes;Mujeres;De 16 a 29 años;15,25;
Serón;2012;Demandantes;Mujeres;De 30 a 44 años;28,74999998;
Serón;2012;Demandantes;Mujeres;De 45 a 64 años;25,66666666;
Serón;2012;Demandantes;Mujeres;TOTAL;69,66666664;
Serón;2012;Demandantes;Ambos sexos;De 16 a 29 años;32,83333333;
Serón;2012;Demandantes;Ambos sexos;De 30 a 44 años;68,66666665;
Serón;2012;Demandantes;Ambos sexos;De 45 a 64 años;83,49999999;
Serón;2012;Demandantes;Ambos sexos;TOTAL;184,99999997;
Sierro;2010;Demandantes;Hombres;De 16 a 29 años;7,33333334;
Sierro;2010;Demandantes;Hombres;De 30 a 44 años;9,66666666;
Sierro;2010;Demandantes;Hombres;De 45 a 64 años;11,25000001;
Sierro;2010;Demandantes;Hombres;TOTAL;28,25000001;
Sierro;2010;Demandantes;Mujeres;De 16 a 29 años;2,58333333;
Sierro;2010;Demandantes;Mujeres;De 30 a 44 años;4,99999999;
Sierro;2010;Demandantes;Mujeres;De 45 a 64 años;5,41666667;
Sierro;2010;Demandantes;Mujeres;TOTAL;12,99999999;
Sierro;2010;Demandantes;Ambos sexos;De 16 a 29 años;9,91666667;
Sierro;2010;Demandantes;Ambos sexos;De 30 a 44 años;14,66666665;
Sierro;2010;Demandantes;Ambos sexos;De 45 a 64 años;16,66666668;
Sierro;2010;Demandantes;Ambos sexos;TOTAL;41,25;
Sierro;2011;Demandantes;Hombres;De 16 a 29 años;10,00000001;
Sierro;2011;Demandantes;Hombres;De 30 a 44 años;11,08333332;
Sierro;2011;Demandantes;Hombres;De 45 a 64 años;15,50000001;
Sierro;2011;Demandantes;Hombres;TOTAL;36,58333334;
Sierro;2011;Demandantes;Mujeres;De 16 a 29 años;2,16666667;
Sierro;2011;Demandantes;Mujeres;De 30 a 44 años;3,5;
Sierro;2011;Demandantes;Mujeres;De 45 a 64 años;5,75000001;
Sierro;2011;Demandantes;Mujeres;TOTAL;11,41666668;
Sierro;2011;Demandantes;Ambos sexos;De 16 a 29 años;12,16666668;
Sierro;2011;Demandantes;Ambos sexos;De 30 a 44 años;14,58333332;
Sierro;2011;Demandantes;Ambos sexos;De 45 a 64 años;21,25000002;
Sierro;2011;Demandantes;Ambos sexos;TOTAL;48,00000002;
Sierro;2012;Demandantes;Hombres;De 16 a 29 años;8,58333334;
Sierro;2012;Demandantes;Hombres;De 30 a 44 años;16,49999999;
Sierro;2012;Demandantes;Hombres;De 45 a 64 años;19,66666666;
Sierro;2012;Demandantes;Hombres;TOTAL;44,74999999;
Sierro;2012;Demandantes;Mujeres;De 16 a 29 años;3,66666666;
Sierro;2012;Demandantes;Mujeres;De 30 a 44 años;6,33333334;
Sierro;2012;Demandantes;Mujeres;De 45 a 64 años;6,83333333;
Sierro;2012;Demandantes;Mujeres;TOTAL;16,83333333;
Sierro;2012;Demandantes;Ambos sexos;De 16 a 29 años;12,25;
Sierro;2012;Demandantes;Ambos sexos;De 30 a 44 años;22,83333333;
Sierro;2012;Demandantes;Ambos sexos;De 45 a 64 años;26,49999999;
Sierro;2012;Demandantes;Ambos sexos;TOTAL;61,58333332;
Somontín;2010;Demandantes;Hombres;De 16 a 29 años;4,16666666;
Somontín;2010;Demandantes;Hombres;De 30 a 44 años;12,49999999;
Somontín;2010;Demandantes;Hombres;De 45 a 64 años;8,24999999;
Somontín;2010;Demandantes;Hombres;TOTAL;24,91666664;
Somontín;2010;Demandantes;Mujeres;De 16 a 29 años;5,91666667;
Somontín;2010;Demandantes;Mujeres;De 30 a 44 años;3,66666667;
Somontín;2010;Demandantes;Mujeres;De 45 a 64 años;5,41666667;
Somontín;2010;Demandantes;Mujeres;TOTAL;15,00000001;
Somontín;2010;Demandantes;Ambos sexos;De 16 a 29 años;10,08333333;
Somontín;2010;Demandantes;Ambos sexos;De 30 a 44 años;16,16666666;
Somontín;2010;Demandantes;Ambos sexos;De 45 a 64 años;13,66666666;
Somontín;2010;Demandantes;Ambos sexos;TOTAL;39,91666665;
Somontín;2011;Demandantes;Hombres;De 16 a 29 años;3,91666666;
Somontín;2011;Demandantes;Hombres;De 30 a 44 años;9,41666666;
Somontín;2011;Demandantes;Hombres;De 45 a 64 años;9,58333332;
Somontín;2011;Demandantes;Hombres;TOTAL;22,91666664;
Somontín;2011;Demandantes;Mujeres;De 16 a 29 años;4,08333334;
Somontín;2011;Demandantes;Mujeres;De 30 a 44 años;4,66666667;
Somontín;2011;Demandantes;Mujeres;De 45 a 64 años;3,33333333;
Somontín;2011;Demandantes;Mujeres;TOTAL;12,08333334;
Somontín;2011;Demandantes;Ambos sexos;De 16 a 29 años;8;
Somontín;2011;Demandantes;Ambos sexos;De 30 a 44 años;14,08333333;
Somontín;2011;Demandantes;Ambos sexos;De 45 a 64 años;12,91666665;
Somontín;2011;Demandantes;Ambos sexos;TOTAL;34,99999998;
Somontín;2012;Demandantes;Hombres;De 16 a 29 años;2,99999999;
Somontín;2012;Demandantes;Hombres;De 30 a 44 años;6,08333334;
Somontín;2012;Demandantes;Hombres;De 45 a 64 años;15,33333333;
Somontín;2012;Demandantes;Hombres;TOTAL;24,41666666;
Somontín;2012;Demandantes;Mujeres;De 16 a 29 años;3,41666666;
Somontín;2012;Demandantes;Mujeres;De 30 a 44 años;5,75000001;
Somontín;2012;Demandantes;Mujeres;De 45 a 64 años;4,5;
Somontín;2012;Demandantes;Mujeres;TOTAL;13,66666667;
Somontín;2012;Demandantes;Ambos sexos;De 16 a 29 años;6,41666665;
Somontín;2012;Demandantes;Ambos sexos;De 30 a 44 años;11,83333335;
Somontín;2012;Demandantes;Ambos sexos;De 45 a 64 años;19,83333333;
Somontín;2012;Demandantes;Ambos sexos;TOTAL;38,08333333;
Sorbas;2010;Demandantes;Hombres;De 16 a 29 años;39,08333334;
Sorbas;2010;Demandantes;Hombres;De 30 a 44 años;44,41666666;
Sorbas;2010;Demandantes;Hombres;De 45 a 64 años;63;
Sorbas;2010;Demandantes;Hombres;TOTAL;146,5;
Sorbas;2010;Demandantes;Mujeres;De 16 a 29 años;29,91666666;
Sorbas;2010;Demandantes;Mujeres;De 30 a 44 años;42,33333333;
Sorbas;2010;Demandantes;Mujeres;De 45 a 64 años;21,24999998;
Sorbas;2010;Demandantes;Mujeres;TOTAL;93,49999997;
Sorbas;2010;Demandantes;Ambos sexos;De 16 a 29 años;69;
Sorbas;2010;Demandantes;Ambos sexos;De 30 a 44 años;86,74999999;
Sorbas;2010;Demandantes;Ambos sexos;De 45 a 64 años;84,24999998;
Sorbas;2010;Demandantes;Ambos sexos;TOTAL;239,99999997;
Sorbas;2011;Demandantes;Hombres;De 16 a 29 años;40,16666668;
Sorbas;2011;Demandantes;Hombres;De 30 a 44 años;52;
Sorbas;2011;Demandantes;Hombres;De 45 a 64 años;65,41666667;
Sorbas;2011;Demandantes;Hombres;TOTAL;157,58333335;
Sorbas;2011;Demandantes;Mujeres;De 16 a 29 años;27,58333334;
Sorbas;2011;Demandantes;Mujeres;De 30 a 44 años;29,74999997;
Sorbas;2011;Demandantes;Mujeres;De 45 a 64 años;24,00000001;
Sorbas;2011;Demandantes;Mujeres;TOTAL;81,33333332;
Sorbas;2011;Demandantes;Ambos sexos;De 16 a 29 años;67,75000002;
Sorbas;2011;Demandantes;Ambos sexos;De 30 a 44 años;81,74999997;
Sorbas;2011;Demandantes;Ambos sexos;De 45 a 64 años;89,41666668;
Sorbas;2011;Demandantes;Ambos sexos;TOTAL;238,91666667;
Sorbas;2012;Demandantes;Hombres;De 16 a 29 años;35,66666666;
Sorbas;2012;Demandantes;Hombres;De 30 a 44 años;57,41666666;
Sorbas;2012;Demandantes;Hombres;De 45 a 64 años;71,66666668;
Sorbas;2012;Demandantes;Hombres;TOTAL;164,75;
Sorbas;2012;Demandantes;Mujeres;De 16 a 29 años;24,83333334;
Sorbas;2012;Demandantes;Mujeres;De 30 a 44 años;35,74999998;
Sorbas;2012;Demandantes;Mujeres;De 45 a 64 años;29,66666665;
Sorbas;2012;Demandantes;Mujeres;TOTAL;90,24999997;
Sorbas;2012;Demandantes;Ambos sexos;De 16 a 29 años;60,5;
Sorbas;2012;Demandantes;Ambos sexos;De 30 a 44 años;93,16666664;
Sorbas;2012;Demandantes;Ambos sexos;De 45 a 64 años;101,33333333;
Sorbas;2012;Demandantes;Ambos sexos;TOTAL;254,99999997;
Suflí;2010;Demandantes;Hombres;De 16 a 29 años;1;
Suflí;2010;Demandantes;Hombres;De 30 a 44 años;4,33333334;
Suflí;2010;Demandantes;Hombres;De 45 a 64 años;4,58333333;
Suflí;2010;Demandantes;Hombres;TOTAL;9,91666667;
Suflí;2010;Demandantes;Mujeres;De 16 a 29 años;0,5;
Suflí;2010;Demandantes;Mujeres;De 30 a 44 años;2,83333333;
Suflí;2010;Demandantes;Mujeres;De 45 a 64 años;2,33333333;
Suflí;2010;Demandantes;Mujeres;TOTAL;5,66666666;
Suflí;2010;Demandantes;Ambos sexos;De 16 a 29 años;1,5;
Suflí;2010;Demandantes;Ambos sexos;De 30 a 44 años;7,16666667;
Suflí;2010;Demandantes;Ambos sexos;De 45 a 64 años;6,91666666;
Suflí;2010;Demandantes;Ambos sexos;TOTAL;15,58333333;
Suflí;2011;Demandantes;Hombres;De 16 a 29 años;3,83333333;
Suflí;2011;Demandantes;Hombres;De 30 a 44 años;3,08333332;
Suflí;2011;Demandantes;Hombres;De 45 a 64 años;5,50000001;
Suflí;2011;Demandantes;Hombres;TOTAL;12,41666666;
Suflí;2011;Demandantes;Mujeres;De 16 a 29 años;0,08333333;
Suflí;2011;Demandantes;Mujeres;De 30 a 44 años;5,74999999;
Suflí;2011;Demandantes;Mujeres;De 45 a 64 años;4,25;
Suflí;2011;Demandantes;Mujeres;TOTAL;10,08333332;
Suflí;2011;Demandantes;Ambos sexos;De 16 a 29 años;3,91666666;
Suflí;2011;Demandantes;Ambos sexos;De 30 a 44 años;8,83333331;
Suflí;2011;Demandantes;Ambos sexos;De 45 a 64 años;9,75000001;
Suflí;2011;Demandantes;Ambos sexos;TOTAL;22,49999998;
Suflí;2012;Demandantes;Hombres;De 16 a 29 años;4,33333333;
Suflí;2012;Demandantes;Hombres;De 30 a 44 años;2,75;
Suflí;2012;Demandantes;Hombres;De 45 a 64 años;7,33333334;
Suflí;2012;Demandantes;Hombres;TOTAL;14,41666667;
Suflí;2012;Demandantes;Mujeres;De 16 a 29 años;1,91666668;
Suflí;2012;Demandantes;Mujeres;De 30 a 44 años;6,66666666;
Suflí;2012;Demandantes;Mujeres;De 45 a 64 años;5,66666667;
Suflí;2012;Demandantes;Mujeres;TOTAL;14,25000001;
Suflí;2012;Demandantes;Ambos sexos;De 16 a 29 años;6,25000001;
Suflí;2012;Demandantes;Ambos sexos;De 30 a 44 años;9,41666666;
Suflí;2012;Demandantes;Ambos sexos;De 45 a 64 años;13,00000001;
Suflí;2012;Demandantes;Ambos sexos;TOTAL;28,66666668;
Tabernas;2010;Demandantes;Hombres;De 16 a 29 años;62,66666666;
Tabernas;2010;Demandantes;Hombres;De 30 a 44 años;92,66666665;
Tabernas;2010;Demandantes;Hombres;De 45 a 64 años;88,91666667;
Tabernas;2010;Demandantes;Hombres;TOTAL;244,24999998;
Tabernas;2010;Demandantes;Mujeres;De 16 a 29 años;48,66666666;
Tabernas;2010;Demandantes;Mujeres;De 30 a 44 años;62,41666668;
Tabernas;2010;Demandantes;Mujeres;De 45 a 64 años;28,66666666;
Tabernas;2010;Demandantes;Mujeres;TOTAL;139,75;
Tabernas;2010;Demandantes;Ambos sexos;De 16 a 29 años;111,33333332;
Tabernas;2010;Demandantes;Ambos sexos;De 30 a 44 años;155,08333333;
Tabernas;2010;Demandantes;Ambos sexos;De 45 a 64 años;117,58333333;
Tabernas;2010;Demandantes;Ambos sexos;TOTAL;383,99999998;
Tabernas;2011;Demandantes;Hombres;De 16 a 29 años;68,24999999;
Tabernas;2011;Demandantes;Hombres;De 30 a 44 años;105,41666667;
Tabernas;2011;Demandantes;Hombres;De 45 a 64 años;97,16666665;
Tabernas;2011;Demandantes;Hombres;TOTAL;270,83333331;
Tabernas;2011;Demandantes;Mujeres;De 16 a 29 años;62,50000001;
Tabernas;2011;Demandantes;Mujeres;De 30 a 44 años;82,33333332;
Tabernas;2011;Demandantes;Mujeres;De 45 a 64 años;37,33333335;
Tabernas;2011;Demandantes;Mujeres;TOTAL;182,16666668;
Tabernas;2011;Demandantes;Ambos sexos;De 16 a 29 años;130,75;
Tabernas;2011;Demandantes;Ambos sexos;De 30 a 44 años;187,74999999;
Tabernas;2011;Demandantes;Ambos sexos;De 45 a 64 años;134,5;
Tabernas;2011;Demandantes;Ambos sexos;TOTAL;452,99999999;
Tabernas;2012;Demandantes;Hombres;De 16 a 29 años;74,08333335;
Tabernas;2012;Demandantes;Hombres;De 30 a 44 años;109,33333334;
Tabernas;2012;Demandantes;Hombres;De 45 a 64 años;113;
Tabernas;2012;Demandantes;Hombres;TOTAL;296,41666669;
Tabernas;2012;Demandantes;Mujeres;De 16 a 29 años;68,41666666;
Tabernas;2012;Demandantes;Mujeres;De 30 a 44 años;87,91666666;
Tabernas;2012;Demandantes;Mujeres;De 45 a 64 años;43,16666666;
Tabernas;2012;Demandantes;Mujeres;TOTAL;199,49999998;
Tabernas;2012;Demandantes;Ambos sexos;De 16 a 29 años;142,50000001;
Tabernas;2012;Demandantes;Ambos sexos;De 30 a 44 años;197,25;
Tabernas;2012;Demandantes;Ambos sexos;De 45 a 64 años;156,16666666;
Tabernas;2012;Demandantes;Ambos sexos;TOTAL;495,91666667;
Taberno;2010;Demandantes;Hombres;De 16 a 29 años;11,99999999;
Taberno;2010;Demandantes;Hombres;De 30 a 44 años;11,74999999;
Taberno;2010;Demandantes;Hombres;De 45 a 64 años;9,99999999;
Taberno;2010;Demandantes;Hombres;TOTAL;33,74999997;
Taberno;2010;Demandantes;Mujeres;De 16 a 29 años;1,83333333;
Taberno;2010;Demandantes;Mujeres;De 30 a 44 años;8,41666668;
Taberno;2010;Demandantes;Mujeres;De 45 a 64 años;4,83333333;
Taberno;2010;Demandantes;Mujeres;TOTAL;15,08333334;
Taberno;2010;Demandantes;Ambos sexos;De 16 a 29 años;13,83333332;
Taberno;2010;Demandantes;Ambos sexos;De 30 a 44 años;20,16666667;
Taberno;2010;Demandantes;Ambos sexos;De 45 a 64 años;14,83333332;
Taberno;2010;Demandantes;Ambos sexos;TOTAL;48,83333331;
Taberno;2011;Demandantes;Hombres;De 16 a 29 años;12,16666667;
Taberno;2011;Demandantes;Hombres;De 30 a 44 años;11,49999999;
Taberno;2011;Demandantes;Hombres;De 45 a 64 años;13,08333332;
Taberno;2011;Demandantes;Hombres;TOTAL;36,74999998;
Taberno;2011;Demandantes;Mujeres;De 16 a 29 años;7,49999998;
Taberno;2011;Demandantes;Mujeres;De 30 a 44 años;5,83333332;
Taberno;2011;Demandantes;Mujeres;De 45 a 64 años;4,08333333;
Taberno;2011;Demandantes;Mujeres;TOTAL;17,41666663;
Taberno;2011;Demandantes;Ambos sexos;De 16 a 29 años;19,66666665;
Taberno;2011;Demandantes;Ambos sexos;De 30 a 44 años;17,33333331;
Taberno;2011;Demandantes;Ambos sexos;De 45 a 64 años;17,16666665;
Taberno;2011;Demandantes;Ambos sexos;TOTAL;54,16666661;
Taberno;2012;Demandantes;Hombres;De 16 a 29 años;9,83333333;
Taberno;2012;Demandantes;Hombres;De 30 a 44 años;11,41666666;
Taberno;2012;Demandantes;Hombres;De 45 a 64 años;17,16666666;
Taberno;2012;Demandantes;Hombres;TOTAL;38,41666665;
Taberno;2012;Demandantes;Mujeres;De 16 a 29 años;9,5;
Taberno;2012;Demandantes;Mujeres;De 30 a 44 años;9,74999999;
Taberno;2012;Demandantes;Mujeres;De 45 a 64 años;4,66666666;
Taberno;2012;Demandantes;Mujeres;TOTAL;23,91666665;
Taberno;2012;Demandantes;Ambos sexos;De 16 a 29 años;19,33333333;
Taberno;2012;Demandantes;Ambos sexos;De 30 a 44 años;21,16666665;
Taberno;2012;Demandantes;Ambos sexos;De 45 a 64 años;21,83333332;
Taberno;2012;Demandantes;Ambos sexos;TOTAL;62,3333333;
Tahal;2010;Demandantes;Hombres;De 16 a 29 años;1,58333333;
Tahal;2010;Demandantes;Hombres;De 30 a 44 años;8,16666668;
Tahal;2010;Demandantes;Hombres;De 45 a 64 años;4,58333333;
Tahal;2010;Demandantes;Hombres;TOTAL;14,33333334;
Tahal;2010;Demandantes;Mujeres;De 16 a 29 años;1,83333333;
Tahal;2010;Demandantes;Mujeres;De 30 a 44 años;2,5;
Tahal;2010;Demandantes;Mujeres;De 45 a 64 años;1,33333334;
Tahal;2010;Demandantes;Mujeres;TOTAL;5,66666667;
Tahal;2010;Demandantes;Ambos sexos;De 16 a 29 años;3,41666666;
Tahal;2010;Demandantes;Ambos sexos;De 30 a 44 años;10,66666668;
Tahal;2010;Demandantes;Ambos sexos;De 45 a 64 años;5,91666667;
Tahal;2010;Demandantes;Ambos sexos;TOTAL;20,00000001;
Tahal;2011;Demandantes;Hombres;De 16 a 29 años;2,66666666;
Tahal;2011;Demandantes;Hombres;De 30 a 44 años;9,33333332;
Tahal;2011;Demandantes;Hombres;De 45 a 64 años;5,83333334;
Tahal;2011;Demandantes;Hombres;TOTAL;17,83333332;
Tahal;2011;Demandantes;Mujeres;De 16 a 29 años;3,58333333;
Tahal;2011;Demandantes;Mujeres;De 30 a 44 años;1,99999999;
Tahal;2011;Demandantes;Mujeres;De 45 a 64 años;2;
Tahal;2011;Demandantes;Mujeres;TOTAL;7,58333332;
Tahal;2011;Demandantes;Ambos sexos;De 16 a 29 años;6,24999999;
Tahal;2011;Demandantes;Ambos sexos;De 30 a 44 años;11,33333331;
Tahal;2011;Demandantes;Ambos sexos;De 45 a 64 años;7,83333334;
Tahal;2011;Demandantes;Ambos sexos;TOTAL;25,41666664;
Tahal;2012;Demandantes;Hombres;De 16 a 29 años;0,58333333;
Tahal;2012;Demandantes;Hombres;De 30 a 44 años;12,49999999;
Tahal;2012;Demandantes;Hombres;De 45 a 64 años;4,08333334;
Tahal;2012;Demandantes;Hombres;TOTAL;17,16666666;
Tahal;2012;Demandantes;Mujeres;De 16 a 29 años;2,25;
Tahal;2012;Demandantes;Mujeres;De 30 a 44 años;3,58333334;
Tahal;2012;Demandantes;Mujeres;De 45 a 64 años;3,08333333;
Tahal;2012;Demandantes;Mujeres;TOTAL;8,91666667;
Tahal;2012;Demandantes;Ambos sexos;De 16 a 29 años;2,83333333;
Tahal;2012;Demandantes;Ambos sexos;De 30 a 44 años;16,08333333;
Tahal;2012;Demandantes;Ambos sexos;De 45 a 64 años;7,16666667;
Tahal;2012;Demandantes;Ambos sexos;TOTAL;26,08333333;
Terque;2010;Demandantes;Hombres;De 16 a 29 años;3,75;
Terque;2010;Demandantes;Hombres;De 30 a 44 años;4,49999999;
Terque;2010;Demandantes;Hombres;De 45 a 64 años;10,99999999;
Terque;2010;Demandantes;Hombres;TOTAL;19,24999998;
Terque;2010;Demandantes;Mujeres;De 16 a 29 años;4,5;
Terque;2010;Demandantes;Mujeres;De 30 a 44 años;4,75;
Terque;2010;Demandantes;Mujeres;De 45 a 64 años;8,41666666;
Terque;2010;Demandantes;Mujeres;TOTAL;17,66666666;
Terque;2010;Demandantes;Ambos sexos;De 16 a 29 años;8,25;
Terque;2010;Demandantes;Ambos sexos;De 30 a 44 años;9,24999999;
Terque;2010;Demandantes;Ambos sexos;De 45 a 64 años;19,41666665;
Terque;2010;Demandantes;Ambos sexos;TOTAL;36,91666664;
Terque;2011;Demandantes;Hombres;De 16 a 29 años;3,58333334;
Terque;2011;Demandantes;Hombres;De 30 a 44 años;6,00000001;
Terque;2011;Demandantes;Hombres;De 45 a 64 años;8,75;
Terque;2011;Demandantes;Hombres;TOTAL;18,33333335;
Terque;2011;Demandantes;Mujeres;De 16 a 29 años;5,83333335;
Terque;2011;Demandantes;Mujeres;De 30 a 44 años;8,16666667;
Terque;2011;Demandantes;Mujeres;De 45 a 64 años;6,83333333;
Terque;2011;Demandantes;Mujeres;TOTAL;20,83333335;
Terque;2011;Demandantes;Ambos sexos;De 16 a 29 años;9,41666669;
Terque;2011;Demandantes;Ambos sexos;De 30 a 44 años;14,16666668;
Terque;2011;Demandantes;Ambos sexos;De 45 a 64 años;15,58333333;
Terque;2011;Demandantes;Ambos sexos;TOTAL;39,1666667;
Terque;2012;Demandantes;Hombres;De 16 a 29 años;2,91666667;
Terque;2012;Demandantes;Hombres;De 30 a 44 años;4,66666667;
Terque;2012;Demandantes;Hombres;De 45 a 64 años;10,99999999;
Terque;2012;Demandantes;Hombres;TOTAL;18,58333333;
Terque;2012;Demandantes;Mujeres;De 16 a 29 años;3,33333333;
Terque;2012;Demandantes;Mujeres;De 30 a 44 años;9,08333333;
Terque;2012;Demandantes;Mujeres;De 45 a 64 años;6,58333333;
Terque;2012;Demandantes;Mujeres;TOTAL;18,99999999;
Terque;2012;Demandantes;Ambos sexos;De 16 a 29 años;6,25;
Terque;2012;Demandantes;Ambos sexos;De 30 a 44 años;13,75;
Terque;2012;Demandantes;Ambos sexos;De 45 a 64 años;17,58333332;
Terque;2012;Demandantes;Ambos sexos;TOTAL;37,58333332;
Tíjola;2010;Demandantes;Hombres;De 16 a 29 años;41;
Tíjola;2010;Demandantes;Hombres;De 30 a 44 años;78,33333333;
Tíjola;2010;Demandantes;Hombres;De 45 a 64 años;75,41666666;
Tíjola;2010;Demandantes;Hombres;TOTAL;194,74999999;
Tíjola;2010;Demandantes;Mujeres;De 16 a 29 años;41,66666665;
Tíjola;2010;Demandantes;Mujeres;De 30 a 44 años;59,24999999;
Tíjola;2010;Demandantes;Mujeres;De 45 a 64 años;35,08333333;
Tíjola;2010;Demandantes;Mujeres;TOTAL;135,99999997;
Tíjola;2010;Demandantes;Ambos sexos;De 16 a 29 años;82,66666665;
Tíjola;2010;Demandantes;Ambos sexos;De 30 a 44 años;137,58333332;
Tíjola;2010;Demandantes;Ambos sexos;De 45 a 64 años;110,49999999;
Tíjola;2010;Demandantes;Ambos sexos;TOTAL;330,74999996;
Tíjola;2011;Demandantes;Hombres;De 16 a 29 años;50,66666665;
Tíjola;2011;Demandantes;Hombres;De 30 a 44 años;76,25000002;
Tíjola;2011;Demandantes;Hombres;De 45 a 64 años;73,83333334;
Tíjola;2011;Demandantes;Hombres;TOTAL;200,75000001;
Tíjola;2011;Demandantes;Mujeres;De 16 a 29 años;35,75;
Tíjola;2011;Demandantes;Mujeres;De 30 a 44 años;62,33333334;
Tíjola;2011;Demandantes;Mujeres;De 45 a 64 años;37,91666667;
Tíjola;2011;Demandantes;Mujeres;TOTAL;136,00000001;
Tíjola;2011;Demandantes;Ambos sexos;De 16 a 29 años;86,41666665;
Tíjola;2011;Demandantes;Ambos sexos;De 30 a 44 años;138,58333336;
Tíjola;2011;Demandantes;Ambos sexos;De 45 a 64 años;111,75000001;
Tíjola;2011;Demandantes;Ambos sexos;TOTAL;336,75000002;
Tíjola;2012;Demandantes;Hombres;De 16 a 29 años;51,24999998;
Tíjola;2012;Demandantes;Hombres;De 30 a 44 años;68,83333334;
Tíjola;2012;Demandantes;Hombres;De 45 a 64 años;88,33333333;
Tíjola;2012;Demandantes;Hombres;TOTAL;208,41666665;
Tíjola;2012;Demandantes;Mujeres;De 16 a 29 años;36,16666668;
Tíjola;2012;Demandantes;Mujeres;De 30 a 44 años;61,74999999;
Tíjola;2012;Demandantes;Mujeres;De 45 a 64 años;57,16666666;
Tíjola;2012;Demandantes;Mujeres;TOTAL;155,08333333;
Tíjola;2012;Demandantes;Ambos sexos;De 16 a 29 años;87,41666666;
Tíjola;2012;Demandantes;Ambos sexos;De 30 a 44 años;130,58333333;
Tíjola;2012;Demandantes;Ambos sexos;De 45 a 64 años;145,49999999;
Tíjola;2012;Demandantes;Ambos sexos;TOTAL;363,49999998;
Turre;2010;Demandantes;Hombres;De 16 a 29 años;52,33333335;
Turre;2010;Demandantes;Hombres;De 30 a 44 años;93,58333332;
Turre;2010;Demandantes;Hombres;De 45 a 64 años;75,25000001;
Turre;2010;Demandantes;Hombres;TOTAL;221,16666668;
Turre;2010;Demandantes;Mujeres;De 16 a 29 años;47,5;
Turre;2010;Demandantes;Mujeres;De 30 a 44 años;85,41666668;
Turre;2010;Demandantes;Mujeres;De 45 a 64 años;47,58333331;
Turre;2010;Demandantes;Mujeres;TOTAL;180,49999999;
Turre;2010;Demandantes;Ambos sexos;De 16 a 29 años;99,83333335;
Turre;2010;Demandantes;Ambos sexos;De 30 a 44 años;179;
Turre;2010;Demandantes;Ambos sexos;De 45 a 64 años;122,83333332;
Turre;2010;Demandantes;Ambos sexos;TOTAL;401,66666667;
Turre;2011;Demandantes;Hombres;De 16 a 29 años;54,5;
Turre;2011;Demandantes;Hombres;De 30 a 44 años;100,24999998;
Turre;2011;Demandantes;Hombres;De 45 a 64 años;81,16666668;
Turre;2011;Demandantes;Hombres;TOTAL;235,91666666;
Turre;2011;Demandantes;Mujeres;De 16 a 29 años;35,66666666;
Turre;2011;Demandantes;Mujeres;De 30 a 44 años;83,16666666;
Turre;2011;Demandantes;Mujeres;De 45 a 64 años;48,16666665;
Turre;2011;Demandantes;Mujeres;TOTAL;166,99999997;
Turre;2011;Demandantes;Ambos sexos;De 16 a 29 años;90,16666666;
Turre;2011;Demandantes;Ambos sexos;De 30 a 44 años;183,41666664;
Turre;2011;Demandantes;Ambos sexos;De 45 a 64 años;129,33333333;
Turre;2011;Demandantes;Ambos sexos;TOTAL;402,91666663;
Turre;2012;Demandantes;Hombres;De 16 a 29 años;55,08333332;
Turre;2012;Demandantes;Hombres;De 30 a 44 años;94,66666667;
Turre;2012;Demandantes;Hombres;De 45 a 64 años;89,50000001;
Turre;2012;Demandantes;Hombres;TOTAL;239,25;
Turre;2012;Demandantes;Mujeres;De 16 a 29 años;43,99999998;
Turre;2012;Demandantes;Mujeres;De 30 a 44 años;93,16666668;
Turre;2012;Demandantes;Mujeres;De 45 a 64 años;54,08333334;
Turre;2012;Demandantes;Mujeres;TOTAL;191,25;
Turre;2012;Demandantes;Ambos sexos;De 16 a 29 años;99,0833333;
Turre;2012;Demandantes;Ambos sexos;De 30 a 44 años;187,83333335;
Turre;2012;Demandantes;Ambos sexos;De 45 a 64 años;143,58333335;
Turre;2012;Demandantes;Ambos sexos;TOTAL;430,5;
Turrillas;2010;Demandantes;Hombres;De 16 a 29 años;0,58333333;
Turrillas;2010;Demandantes;Hombres;De 30 a 44 años;2,08333333;
Turrillas;2010;Demandantes;Hombres;De 45 a 64 años;0,66666667;
Turrillas;2010;Demandantes;Hombres;TOTAL;3,33333333;
Turrillas;2010;Demandantes;Mujeres;De 16 a 29 años;0,41666666;
Turrillas;2010;Demandantes;Mujeres;De 30 a 44 años;0,41666667;
Turrillas;2010;Demandantes;Mujeres;De 45 a 64 años;1,08333333;
Turrillas;2010;Demandantes;Mujeres;TOTAL;1,91666666;
Turrillas;2010;Demandantes;Ambos sexos;De 16 a 29 años;0,99999999;
Turrillas;2010;Demandantes;Ambos sexos;De 30 a 44 años;2,5;
Turrillas;2010;Demandantes;Ambos sexos;De 45 a 64 años;1,75;
Turrillas;2010;Demandantes;Ambos sexos;TOTAL;5,24999999;
Turrillas;2011;Demandantes;Hombres;De 16 a 29 años;2,66666667;
Turrillas;2011;Demandantes;Hombres;De 30 a 44 años;2,41666667;
Turrillas;2011;Demandantes;Hombres;De 45 a 64 años;3,41666667;
Turrillas;2011;Demandantes;Hombres;TOTAL;8,50000001;
Turrillas;2011;Demandantes;Mujeres;De 16 a 29 años;0,58333333;
Turrillas;2011;Demandantes;Mujeres;De 30 a 44 años;-;
Turrillas;2011;Demandantes;Mujeres;De 45 a 64 años;0,91666667;
Turrillas;2011;Demandantes;Mujeres;TOTAL;1,5;
Turrillas;2011;Demandantes;Ambos sexos;De 16 a 29 años;3,25;
Turrillas;2011;Demandantes;Ambos sexos;De 30 a 44 años;2,41666667;
Turrillas;2011;Demandantes;Ambos sexos;De 45 a 64 años;4,33333334;
Turrillas;2011;Demandantes;Ambos sexos;TOTAL;10,00000001;
Turrillas;2012;Demandantes;Hombres;De 16 a 29 años;2,58333334;
Turrillas;2012;Demandantes;Hombres;De 30 a 44 años;3,08333334;
Turrillas;2012;Demandantes;Hombres;De 45 a 64 años;3,66666667;
Turrillas;2012;Demandantes;Hombres;TOTAL;9,33333335;
Turrillas;2012;Demandantes;Mujeres;De 16 a 29 años;0,75;
Turrillas;2012;Demandantes;Mujeres;De 30 a 44 años;-;
Turrillas;2012;Demandantes;Mujeres;De 45 a 64 años;0,58333333;
Turrillas;2012;Demandantes;Mujeres;TOTAL;1,33333333;
Turrillas;2012;Demandantes;Ambos sexos;De 16 a 29 años;3,33333334;
Turrillas;2012;Demandantes;Ambos sexos;De 30 a 44 años;3,08333334;
Turrillas;2012;Demandantes;Ambos sexos;De 45 a 64 años;4,25;
Turrillas;2012;Demandantes;Ambos sexos;TOTAL;10,66666668;
Uleila del Campo;2010;Demandantes;Hombres;De 16 a 29 años;10,99999999;
Uleila del Campo;2010;Demandantes;Hombres;De 30 a 44 años;18,83333334;
Uleila del Campo;2010;Demandantes;Hombres;De 45 a 64 años;19,58333332;
Uleila del Campo;2010;Demandantes;Hombres;TOTAL;49,41666665;
Uleila del Campo;2010;Demandantes;Mujeres;De 16 a 29 años;9,5;
Uleila del Campo;2010;Demandantes;Mujeres;De 30 a 44 años;13,91666666;
Uleila del Campo;2010;Demandantes;Mujeres;De 45 a 64 años;11,83333334;
Uleila del Campo;2010;Demandantes;Mujeres;TOTAL;35,25;
Uleila del Campo;2010;Demandantes;Ambos sexos;De 16 a 29 años;20,49999999;
Uleila del Campo;2010;Demandantes;Ambos sexos;De 30 a 44 años;32,75;
Uleila del Campo;2010;Demandantes;Ambos sexos;De 45 a 64 años;31,41666666;
Uleila del Campo;2010;Demandantes;Ambos sexos;TOTAL;84,66666665;
Uleila del Campo;2011;Demandantes;Hombres;De 16 a 29 años;13;
Uleila del Campo;2011;Demandantes;Hombres;De 30 a 44 años;20,66666666;
Uleila del Campo;2011;Demandantes;Hombres;De 45 a 64 años;21,91666668;
Uleila del Campo;2011;Demandantes;Hombres;TOTAL;55,58333334;
Uleila del Campo;2011;Demandantes;Mujeres;De 16 a 29 años;12,16666666;
Uleila del Campo;2011;Demandantes;Mujeres;De 30 a 44 años;12,75;
Uleila del Campo;2011;Demandantes;Mujeres;De 45 a 64 años;14,66666668;
Uleila del Campo;2011;Demandantes;Mujeres;TOTAL;39,58333334;
Uleila del Campo;2011;Demandantes;Ambos sexos;De 16 a 29 años;25,16666666;
Uleila del Campo;2011;Demandantes;Ambos sexos;De 30 a 44 años;33,41666666;
Uleila del Campo;2011;Demandantes;Ambos sexos;De 45 a 64 años;36,58333336;
Uleila del Campo;2011;Demandantes;Ambos sexos;TOTAL;95,16666668;
Uleila del Campo;2012;Demandantes;Hombres;De 16 a 29 años;8,83333332;
Uleila del Campo;2012;Demandantes;Hombres;De 30 a 44 años;20,91666666;
Uleila del Campo;2012;Demandantes;Hombres;De 45 a 64 años;24,5;
Uleila del Campo;2012;Demandantes;Hombres;TOTAL;54,24999998;
Uleila del Campo;2012;Demandantes;Mujeres;De 16 a 29 años;8,16666667;
Uleila del Campo;2012;Demandantes;Mujeres;De 30 a 44 años;16,16666666;
Uleila del Campo;2012;Demandantes;Mujeres;De 45 a 64 años;20,16666668;
Uleila del Campo;2012;Demandantes;Mujeres;TOTAL;44,50000001;
Uleila del Campo;2012;Demandantes;Ambos sexos;De 16 a 29 años;16,99999999;
Uleila del Campo;2012;Demandantes;Ambos sexos;De 30 a 44 años;37,08333332;
Uleila del Campo;2012;Demandantes;Ambos sexos;De 45 a 64 años;44,66666668;
Uleila del Campo;2012;Demandantes;Ambos sexos;TOTAL;98,74999999;
Urrácal;2010;Demandantes;Hombres;De 16 a 29 años;5,41666666;
Urrácal;2010;Demandantes;Hombres;De 30 a 44 años;2,16666666;
Urrácal;2010;Demandantes;Hombres;De 45 a 64 años;4,41666666;
Urrácal;2010;Demandantes;Hombres;TOTAL;11,99999998;
Urrácal;2010;Demandantes;Mujeres;De 16 a 29 años;6,33333333;
Urrácal;2010;Demandantes;Mujeres;De 30 a 44 años;2,58333333;
Urrácal;2010;Demandantes;Mujeres;De 45 a 64 años;3,08333333;
Urrácal;2010;Demandantes;Mujeres;TOTAL;11,99999999;
Urrácal;2010;Demandantes;Ambos sexos;De 16 a 29 años;11,74999999;
Urrácal;2010;Demandantes;Ambos sexos;De 30 a 44 años;4,74999999;
Urrácal;2010;Demandantes;Ambos sexos;De 45 a 64 años;7,49999999;
Urrácal;2010;Demandantes;Ambos sexos;TOTAL;23,99999997;
Urrácal;2011;Demandantes;Hombres;De 16 a 29 años;5,25;
Urrácal;2011;Demandantes;Hombres;De 30 a 44 años;3,25;
Urrácal;2011;Demandantes;Hombres;De 45 a 64 años;2,41666666;
Urrácal;2011;Demandantes;Hombres;TOTAL;10,91666666;
Urrácal;2011;Demandantes;Mujeres;De 16 a 29 años;4,33333333;
Urrácal;2011;Demandantes;Mujeres;De 30 a 44 años;2,08333333;
Urrácal;2011;Demandantes;Mujeres;De 45 a 64 años;4,16666666;
Urrácal;2011;Demandantes;Mujeres;TOTAL;10,58333332;
Urrácal;2011;Demandantes;Ambos sexos;De 16 a 29 años;9,58333333;
Urrácal;2011;Demandantes;Ambos sexos;De 30 a 44 años;5,33333333;
Urrácal;2011;Demandantes;Ambos sexos;De 45 a 64 años;6,58333332;
Urrácal;2011;Demandantes;Ambos sexos;TOTAL;21,49999998;
Urrácal;2012;Demandantes;Hombres;De 16 a 29 años;3,91666666;
Urrácal;2012;Demandantes;Hombres;De 30 a 44 años;4,91666667;
Urrácal;2012;Demandantes;Hombres;De 45 a 64 años;5,16666667;
Urrácal;2012;Demandantes;Hombres;TOTAL;14;
Urrácal;2012;Demandantes;Mujeres;De 16 a 29 años;2,83333333;
Urrácal;2012;Demandantes;Mujeres;De 30 a 44 años;4,16666667;
Urrácal;2012;Demandantes;Mujeres;De 45 a 64 años;5,33333333;
Urrácal;2012;Demandantes;Mujeres;TOTAL;12,33333333;
Urrácal;2012;Demandantes;Ambos sexos;De 16 a 29 años;6,74999999;
Urrácal;2012;Demandantes;Ambos sexos;De 30 a 44 años;9,08333334;
Urrácal;2012;Demandantes;Ambos sexos;De 45 a 64 años;10,5;
Urrácal;2012;Demandantes;Ambos sexos;TOTAL;26,33333333;
Velefique;2010;Demandantes;Hombres;De 16 a 29 años;2,16666667;
Velefique;2010;Demandantes;Hombres;De 30 a 44 años;2,58333334;
Velefique;2010;Demandantes;Hombres;De 45 a 64 años;4,41666668;
Velefique;2010;Demandantes;Hombres;TOTAL;9,16666669;
Velefique;2010;Demandantes;Mujeres;De 16 a 29 años;0,33333333;
Velefique;2010;Demandantes;Mujeres;De 30 a 44 años;-;
Velefique;2010;Demandantes;Mujeres;De 45 a 64 años;1,25;
Velefique;2010;Demandantes;Mujeres;TOTAL;1,58333333;
Velefique;2010;Demandantes;Ambos sexos;De 16 a 29 años;2,5;
Velefique;2010;Demandantes;Ambos sexos;De 30 a 44 años;2,58333334;
Velefique;2010;Demandantes;Ambos sexos;De 45 a 64 años;5,66666668;
Velefique;2010;Demandantes;Ambos sexos;TOTAL;10,75000002;
Velefique;2011;Demandantes;Hombres;De 16 a 29 años;1,91666667;
Velefique;2011;Demandantes;Hombres;De 30 a 44 años;3,83333333;
Velefique;2011;Demandantes;Hombres;De 45 a 64 años;6,83333334;
Velefique;2011;Demandantes;Hombres;TOTAL;12,58333334;
Velefique;2011;Demandantes;Mujeres;De 16 a 29 años;0,16666667;
Velefique;2011;Demandantes;Mujeres;De 30 a 44 años;0,5;
Velefique;2011;Demandantes;Mujeres;De 45 a 64 años;1,58333334;
Velefique;2011;Demandantes;Mujeres;TOTAL;2,25000001;
Velefique;2011;Demandantes;Ambos sexos;De 16 a 29 años;2,08333334;
Velefique;2011;Demandantes;Ambos sexos;De 30 a 44 años;4,33333333;
Velefique;2011;Demandantes;Ambos sexos;De 45 a 64 años;8,41666668;
Velefique;2011;Demandantes;Ambos sexos;TOTAL;14,83333335;
Velefique;2012;Demandantes;Hombres;De 16 a 29 años;1,33333333;
Velefique;2012;Demandantes;Hombres;De 30 a 44 años;3,33333333;
Velefique;2012;Demandantes;Hombres;De 45 a 64 años;6,00000001;
Velefique;2012;Demandantes;Hombres;TOTAL;10,66666667;
Velefique;2012;Demandantes;Mujeres;De 16 a 29 años;0,58333333;
Velefique;2012;Demandantes;Mujeres;De 30 a 44 años;1,91666667;
Velefique;2012;Demandantes;Mujeres;De 45 a 64 años;1,83333334;
Velefique;2012;Demandantes;Mujeres;TOTAL;4,33333334;
Velefique;2012;Demandantes;Ambos sexos;De 16 a 29 años;1,91666666;
Velefique;2012;Demandantes;Ambos sexos;De 30 a 44 años;5,25;
Velefique;2012;Demandantes;Ambos sexos;De 45 a 64 años;7,83333335;
Velefique;2012;Demandantes;Ambos sexos;TOTAL;15,00000001;
Vélez-Blanco;2010;Demandantes;Hombres;De 16 a 29 años;20,33333333;
Vélez-Blanco;2010;Demandantes;Hombres;De 30 a 44 años;16,66666667;
Vélez-Blanco;2010;Demandantes;Hombres;De 45 a 64 años;26,24999999;
Vélez-Blanco;2010;Demandantes;Hombres;TOTAL;63,24999999;
Vélez-Blanco;2010;Demandantes;Mujeres;De 16 a 29 años;7,74999998;
Vélez-Blanco;2010;Demandantes;Mujeres;De 30 a 44 años;15,58333333;
Vélez-Blanco;2010;Demandantes;Mujeres;De 45 a 64 años;8,33333332;
Vélez-Blanco;2010;Demandantes;Mujeres;TOTAL;31,66666663;
Vélez-Blanco;2010;Demandantes;Ambos sexos;De 16 a 29 años;28,08333331;
Vélez-Blanco;2010;Demandantes;Ambos sexos;De 30 a 44 años;32,25;
Vélez-Blanco;2010;Demandantes;Ambos sexos;De 45 a 64 años;34,58333331;
Vélez-Blanco;2010;Demandantes;Ambos sexos;TOTAL;94,91666662;
Vélez-Blanco;2011;Demandantes;Hombres;De 16 a 29 años;19,83333332;
Vélez-Blanco;2011;Demandantes;Hombres;De 30 a 44 años;16,91666667;
Vélez-Blanco;2011;Demandantes;Hombres;De 45 a 64 años;23,41666667;
Vélez-Blanco;2011;Demandantes;Hombres;TOTAL;60,16666666;
Vélez-Blanco;2011;Demandantes;Mujeres;De 16 a 29 años;11,74999999;
Vélez-Blanco;2011;Demandantes;Mujeres;De 30 a 44 años;13,08333334;
Vélez-Blanco;2011;Demandantes;Mujeres;De 45 a 64 años;7,33333333;
Vélez-Blanco;2011;Demandantes;Mujeres;TOTAL;32,16666666;
Vélez-Blanco;2011;Demandantes;Ambos sexos;De 16 a 29 años;31,58333331;
Vélez-Blanco;2011;Demandantes;Ambos sexos;De 30 a 44 años;30,00000001;
Vélez-Blanco;2011;Demandantes;Ambos sexos;De 45 a 64 años;30,75;
Vélez-Blanco;2011;Demandantes;Ambos sexos;TOTAL;92,33333332;
Vélez-Blanco;2012;Demandantes;Hombres;De 16 a 29 años;21,25;
Vélez-Blanco;2012;Demandantes;Hombres;De 30 a 44 años;17,66666666;
Vélez-Blanco;2012;Demandantes;Hombres;De 45 a 64 años;19,58333331;
Vélez-Blanco;2012;Demandantes;Hombres;TOTAL;58,49999997;
Vélez-Blanco;2012;Demandantes;Mujeres;De 16 a 29 años;15,41666666;
Vélez-Blanco;2012;Demandantes;Mujeres;De 30 a 44 años;15,33333332;
Vélez-Blanco;2012;Demandantes;Mujeres;De 45 a 64 años;16,50000001;
Vélez-Blanco;2012;Demandantes;Mujeres;TOTAL;47,24999999;
Vélez-Blanco;2012;Demandantes;Ambos sexos;De 16 a 29 años;36,66666666;
Vélez-Blanco;2012;Demandantes;Ambos sexos;De 30 a 44 años;32,99999998;
Vélez-Blanco;2012;Demandantes;Ambos sexos;De 45 a 64 años;36,08333332;
Vélez-Blanco;2012;Demandantes;Ambos sexos;TOTAL;105,74999996;
Vélez-Rubio;2010;Demandantes;Hombres;De 16 a 29 años;69,91666664;
Vélez-Rubio;2010;Demandantes;Hombres;De 30 a 44 años;96,1666667;
Vélez-Rubio;2010;Demandantes;Hombres;De 45 a 64 años;97,83333333;
Vélez-Rubio;2010;Demandantes;Hombres;TOTAL;263,91666667;
Vélez-Rubio;2010;Demandantes;Mujeres;De 16 a 29 años;49,41666666;
Vélez-Rubio;2010;Demandantes;Mujeres;De 30 a 44 años;91,83333333;
Vélez-Rubio;2010;Demandantes;Mujeres;De 45 a 64 años;44,33333333;
Vélez-Rubio;2010;Demandantes;Mujeres;TOTAL;185,58333332;
Vélez-Rubio;2010;Demandantes;Ambos sexos;De 16 a 29 años;119,3333333;
Vélez-Rubio;2010;Demandantes;Ambos sexos;De 30 a 44 años;188,00000003;
Vélez-Rubio;2010;Demandantes;Ambos sexos;De 45 a 64 años;142,16666666;
Vélez-Rubio;2010;Demandantes;Ambos sexos;TOTAL;449,49999999;
Vélez-Rubio;2011;Demandantes;Hombres;De 16 a 29 años;69,66666666;
Vélez-Rubio;2011;Demandantes;Hombres;De 30 a 44 años;110,33333331;
Vélez-Rubio;2011;Demandantes;Hombres;De 45 a 64 años;95,75;
Vélez-Rubio;2011;Demandantes;Hombres;TOTAL;275,74999997;
Vélez-Rubio;2011;Demandantes;Mujeres;De 16 a 29 años;54,66666666;
Vélez-Rubio;2011;Demandantes;Mujeres;De 30 a 44 años;93,00000001;
Vélez-Rubio;2011;Demandantes;Mujeres;De 45 a 64 años;56,75000001;
Vélez-Rubio;2011;Demandantes;Mujeres;TOTAL;204,41666668;
Vélez-Rubio;2011;Demandantes;Ambos sexos;De 16 a 29 años;124,33333332;
Vélez-Rubio;2011;Demandantes;Ambos sexos;De 30 a 44 años;203,33333332;
Vélez-Rubio;2011;Demandantes;Ambos sexos;De 45 a 64 años;152,50000001;
Vélez-Rubio;2011;Demandantes;Ambos sexos;TOTAL;480,16666665;
Vélez-Rubio;2012;Demandantes;Hombres;De 16 a 29 años;77,16666664;
Vélez-Rubio;2012;Demandantes;Hombres;De 30 a 44 años;129,08333334;
Vélez-Rubio;2012;Demandantes;Hombres;De 45 a 64 años;116,91666666;
Vélez-Rubio;2012;Demandantes;Hombres;TOTAL;323,16666664;
Vélez-Rubio;2012;Demandantes;Mujeres;De 16 a 29 años;62,41666667;
Vélez-Rubio;2012;Demandantes;Mujeres;De 30 a 44 años;111,16666667;
Vélez-Rubio;2012;Demandantes;Mujeres;De 45 a 64 años;61,16666667;
Vélez-Rubio;2012;Demandantes;Mujeres;TOTAL;234,75000001;
Vélez-Rubio;2012;Demandantes;Ambos sexos;De 16 a 29 años;139,58333331;
Vélez-Rubio;2012;Demandantes;Ambos sexos;De 30 a 44 años;240,25000001;
Vélez-Rubio;2012;Demandantes;Ambos sexos;De 45 a 64 años;178,08333333;
Vélez-Rubio;2012;Demandantes;Ambos sexos;TOTAL;557,91666665;
Vera;2010;Demandantes;Hombres;De 16 a 29 años;174,66666666;
Vera;2010;Demandantes;Hombres;De 30 a 44 años;379,00000004;
Vera;2010;Demandantes;Hombres;De 45 a 64 años;219,83333331;
Vera;2010;Demandantes;Hombres;TOTAL;773,50000001;
Vera;2010;Demandantes;Mujeres;De 16 a 29 años;155,08333332;
Vera;2010;Demandantes;Mujeres;De 30 a 44 años;339,58333333;
Vera;2010;Demandantes;Mujeres;De 45 a 64 años;138,99999998;
Vera;2010;Demandantes;Mujeres;TOTAL;633,66666663;
Vera;2010;Demandantes;Ambos sexos;De 16 a 29 años;329,74999998;
Vera;2010;Demandantes;Ambos sexos;De 30 a 44 años;718,58333337;
Vera;2010;Demandantes;Ambos sexos;De 45 a 64 años;358,83333329;
Vera;2010;Demandantes;Ambos sexos;TOTAL;1407,16666664;
Vera;2011;Demandantes;Hombres;De 16 a 29 años;152,58333334;
Vera;2011;Demandantes;Hombres;De 30 a 44 años;359,5;
Vera;2011;Demandantes;Hombres;De 45 a 64 años;253,58333334;
Vera;2011;Demandantes;Hombres;TOTAL;765,66666668;
Vera;2011;Demandantes;Mujeres;De 16 a 29 años;150,08333332;
Vera;2011;Demandantes;Mujeres;De 30 a 44 años;334,66666663;
Vera;2011;Demandantes;Mujeres;De 45 a 64 años;168,66666666;
Vera;2011;Demandantes;Mujeres;TOTAL;653,41666661;
Vera;2011;Demandantes;Ambos sexos;De 16 a 29 años;302,66666666;
Vera;2011;Demandantes;Ambos sexos;De 30 a 44 años;694,16666663;
Vera;2011;Demandantes;Ambos sexos;De 45 a 64 años;422,25;
Vera;2011;Demandantes;Ambos sexos;TOTAL;1419,08333329;
Vera;2012;Demandantes;Hombres;De 16 a 29 años;142,16666667;
Vera;2012;Demandantes;Hombres;De 30 a 44 años;359,33333336;
Vera;2012;Demandantes;Hombres;De 45 a 64 años;305,91666665;
Vera;2012;Demandantes;Hombres;TOTAL;807,41666668;
Vera;2012;Demandantes;Mujeres;De 16 a 29 años;146,08333333;
Vera;2012;Demandantes;Mujeres;De 30 a 44 años;328,41666668;
Vera;2012;Demandantes;Mujeres;De 45 a 64 años;218,33333332;
Vera;2012;Demandantes;Mujeres;TOTAL;692,83333333;
Vera;2012;Demandantes;Ambos sexos;De 16 a 29 años;288,25;
Vera;2012;Demandantes;Ambos sexos;De 30 a 44 años;687,75000004;
Vera;2012;Demandantes;Ambos sexos;De 45 a 64 años;524,24999997;
Vera;2012;Demandantes;Ambos sexos;TOTAL;1500,25000001;
Viator;2010;Demandantes;Hombres;De 16 a 29 años;78,66666667;
Viator;2010;Demandantes;Hombres;De 30 a 44 años;113,83333331;
Viator;2010;Demandantes;Hombres;De 45 a 64 años;97,33333334;
Viator;2010;Demandantes;Hombres;TOTAL;289,83333332;
Viator;2010;Demandantes;Mujeres;De 16 a 29 años;76,5;
Viator;2010;Demandantes;Mujeres;De 30 a 44 años;122,25000001;
Viator;2010;Demandantes;Mujeres;De 45 a 64 años;55,75;
Viator;2010;Demandantes;Mujeres;TOTAL;254,50000001;
Viator;2010;Demandantes;Ambos sexos;De 16 a 29 años;155,16666667;
Viator;2010;Demandantes;Ambos sexos;De 30 a 44 años;236,08333332;
Viator;2010;Demandantes;Ambos sexos;De 45 a 64 años;153,08333334;
Viator;2010;Demandantes;Ambos sexos;TOTAL;544,33333333;
Viator;2011;Demandantes;Hombres;De 16 a 29 años;90,33333333;
Viator;2011;Demandantes;Hombres;De 30 a 44 años;127,16666667;
Viator;2011;Demandantes;Hombres;De 45 a 64 años;112,58333332;
Viator;2011;Demandantes;Hombres;TOTAL;330,08333332;
Viator;2011;Demandantes;Mujeres;De 16 a 29 años;80,5;
Viator;2011;Demandantes;Mujeres;De 30 a 44 años;149,91666666;
Viator;2011;Demandantes;Mujeres;De 45 a 64 años;73,91666667;
Viator;2011;Demandantes;Mujeres;TOTAL;304,33333333;
Viator;2011;Demandantes;Ambos sexos;De 16 a 29 años;170,83333333;
Viator;2011;Demandantes;Ambos sexos;De 30 a 44 años;277,08333333;
Viator;2011;Demandantes;Ambos sexos;De 45 a 64 años;186,49999999;
Viator;2011;Demandantes;Ambos sexos;TOTAL;634,41666665;
Viator;2012;Demandantes;Hombres;De 16 a 29 años;88,66666667;
Viator;2012;Demandantes;Hombres;De 30 a 44 años;144,33333331;
Viator;2012;Demandantes;Hombres;De 45 a 64 años;128,75000001;
Viator;2012;Demandantes;Hombres;TOTAL;361,74999999;
Viator;2012;Demandantes;Mujeres;De 16 a 29 años;105,49999999;
Viator;2012;Demandantes;Mujeres;De 30 a 44 años;165,58333333;
Viator;2012;Demandantes;Mujeres;De 45 a 64 años;92,99999999;
Viator;2012;Demandantes;Mujeres;TOTAL;364,08333331;
Viator;2012;Demandantes;Ambos sexos;De 16 a 29 años;194,16666666;
Viator;2012;Demandantes;Ambos sexos;De 30 a 44 años;309,91666664;
Viator;2012;Demandantes;Ambos sexos;De 45 a 64 años;221,75;
Viator;2012;Demandantes;Ambos sexos;TOTAL;725,8333333;
Vícar;2010;Demandantes;Hombres;De 16 a 29 años;385,83333333;
Vícar;2010;Demandantes;Hombres;De 30 a 44 años;697,24999998;
Vícar;2010;Demandantes;Hombres;De 45 a 64 años;392,58333333;
Vícar;2010;Demandantes;Hombres;TOTAL;1475,66666664;
Vícar;2010;Demandantes;Mujeres;De 16 a 29 años;373,91666668;
Vícar;2010;Demandantes;Mujeres;De 30 a 44 años;553,5;
Vícar;2010;Demandantes;Mujeres;De 45 a 64 años;273,24999998;
Vícar;2010;Demandantes;Mujeres;TOTAL;1200,66666666;
Vícar;2010;Demandantes;Ambos sexos;De 16 a 29 años;759,75000001;
Vícar;2010;Demandantes;Ambos sexos;De 30 a 44 años;1250,74999998;
Vícar;2010;Demandantes;Ambos sexos;De 45 a 64 años;665,83333331;
Vícar;2010;Demandantes;Ambos sexos;TOTAL;2676,3333333;
Vícar;2011;Demandantes;Hombres;De 16 a 29 años;329,00000001;
Vícar;2011;Demandantes;Hombres;De 30 a 44 años;677,33333332;
Vícar;2011;Demandantes;Hombres;De 45 a 64 años;430,25000001;
Vícar;2011;Demandantes;Hombres;TOTAL;1436,58333334;
Vícar;2011;Demandantes;Mujeres;De 16 a 29 años;371,91666665;
Vícar;2011;Demandantes;Mujeres;De 30 a 44 años;580,74999998;
Vícar;2011;Demandantes;Mujeres;De 45 a 64 años;328,16666664;
Vícar;2011;Demandantes;Mujeres;TOTAL;1280,83333327;
Vícar;2011;Demandantes;Ambos sexos;De 16 a 29 años;700,91666666;
Vícar;2011;Demandantes;Ambos sexos;De 30 a 44 años;1258,0833333;
Vícar;2011;Demandantes;Ambos sexos;De 45 a 64 años;758,41666665;
Vícar;2011;Demandantes;Ambos sexos;TOTAL;2717,41666661;
Vícar;2012;Demandantes;Hombres;De 16 a 29 años;326,33333333;
Vícar;2012;Demandantes;Hombres;De 30 a 44 años;697,66666666;
Vícar;2012;Demandantes;Hombres;De 45 a 64 años;514,3333333;
Vícar;2012;Demandantes;Hombres;TOTAL;1538,33333329;
Vícar;2012;Demandantes;Mujeres;De 16 a 29 años;374,91666667;
Vícar;2012;Demandantes;Mujeres;De 30 a 44 años;606,66666665;
Vícar;2012;Demandantes;Mujeres;De 45 a 64 años;367,83333334;
Vícar;2012;Demandantes;Mujeres;TOTAL;1349,41666666;
Vícar;2012;Demandantes;Ambos sexos;De 16 a 29 años;701,25;
Vícar;2012;Demandantes;Ambos sexos;De 30 a 44 años;1304,33333331;
Vícar;2012;Demandantes;Ambos sexos;De 45 a 64 años;882,16666664;
Vícar;2012;Demandantes;Ambos sexos;TOTAL;2887,74999995;
Zurgena;2010;Demandantes;Hombres;De 16 a 29 años;29,5;
Zurgena;2010;Demandantes;Hombres;De 30 a 44 años;37,49999999;
Zurgena;2010;Demandantes;Hombres;De 45 a 64 años;37;
Zurgena;2010;Demandantes;Hombres;TOTAL;103,99999999;
Zurgena;2010;Demandantes;Mujeres;De 16 a 29 años;14,91666668;
Zurgena;2010;Demandantes;Mujeres;De 30 a 44 años;26,33333333;
Zurgena;2010;Demandantes;Mujeres;De 45 a 64 años;20;
Zurgena;2010;Demandantes;Mujeres;TOTAL;61,25000001;
Zurgena;2010;Demandantes;Ambos sexos;De 16 a 29 años;44,41666668;
Zurgena;2010;Demandantes;Ambos sexos;De 30 a 44 años;63,83333332;
Zurgena;2010;Demandantes;Ambos sexos;De 45 a 64 años;57;
Zurgena;2010;Demandantes;Ambos sexos;TOTAL;165,25;
Zurgena;2011;Demandantes;Hombres;De 16 a 29 años;37,5;
Zurgena;2011;Demandantes;Hombres;De 30 a 44 años;44,25;
Zurgena;2011;Demandantes;Hombres;De 45 a 64 años;48,83333333;
Zurgena;2011;Demandantes;Hombres;TOTAL;130,58333333;
Zurgena;2011;Demandantes;Mujeres;De 16 a 29 años;21,33333333;
Zurgena;2011;Demandantes;Mujeres;De 30 a 44 años;24,24999999;
Zurgena;2011;Demandantes;Mujeres;De 45 a 64 años;23,49999999;
Zurgena;2011;Demandantes;Mujeres;TOTAL;69,08333331;
Zurgena;2011;Demandantes;Ambos sexos;De 16 a 29 años;58,83333333;
Zurgena;2011;Demandantes;Ambos sexos;De 30 a 44 años;68,49999999;
Zurgena;2011;Demandantes;Ambos sexos;De 45 a 64 años;72,33333332;
Zurgena;2011;Demandantes;Ambos sexos;TOTAL;199,66666664;
Zurgena;2012;Demandantes;Hombres;De 16 a 29 años;33,66666667;
Zurgena;2012;Demandantes;Hombres;De 30 a 44 años;50,16666666;
Zurgena;2012;Demandantes;Hombres;De 45 a 64 años;57,91666667;
Zurgena;2012;Demandantes;Hombres;TOTAL;141,75;
Zurgena;2012;Demandantes;Mujeres;De 16 a 29 años;25,58333334;
Zurgena;2012;Demandantes;Mujeres;De 30 a 44 años;35,16666667;
Zurgena;2012;Demandantes;Mujeres;De 45 a 64 años;25,41666668;
Zurgena;2012;Demandantes;Mujeres;TOTAL;86,16666669;
Zurgena;2012;Demandantes;Ambos sexos;De 16 a 29 años;59,25000001;
Zurgena;2012;Demandantes;Ambos sexos;De 30 a 44 años;85,33333333;
Zurgena;2012;Demandantes;Ambos sexos;De 45 a 64 años;83,33333335;
Zurgena;2012;Demandantes;Ambos sexos;TOTAL;227,91666669;
Cádiz;2010;Demandantes;Hombres;De 16 a 29 años;21418,9166666;
Cádiz;2010;Demandantes;Hombres;De 30 a 44 años;32049,99999986;
Cádiz;2010;Demandantes;Hombres;De 45 a 64 años;25913,41666665;
Cádiz;2010;Demandantes;Hombres;TOTAL;79382,33333311;
Cádiz;2010;Demandantes;Mujeres;De 16 a 29 años;19072,91666657;
Cádiz;2010;Demandantes;Mujeres;De 30 a 44 años;35558,66666656;
Cádiz;2010;Demandantes;Mujeres;De 45 a 64 años;34827,5000001;
Cádiz;2010;Demandantes;Mujeres;TOTAL;89459,08333323;
Cádiz;2010;Demandantes;Ambos sexos;De 16 a 29 años;40491,83333317;
Cádiz;2010;Demandantes;Ambos sexos;De 30 a 44 años;67608,66666642;
Cádiz;2010;Demandantes;Ambos sexos;De 45 a 64 años;60740,91666675;
Cádiz;2010;Demandantes;Ambos sexos;TOTAL;168841,41666634;
Cádiz;2011;Demandantes;Hombres;De 16 a 29 años;21682,08333326;
Cádiz;2011;Demandantes;Hombres;De 30 a 44 años;32659,99999987;
Cádiz;2011;Demandantes;Hombres;De 45 a 64 años;28494,00000005;
Cádiz;2011;Demandantes;Hombres;TOTAL;82836,08333318;
Cádiz;2011;Demandantes;Mujeres;De 16 a 29 años;20478,66666661;
Cádiz;2011;Demandantes;Mujeres;De 30 a 44 años;36956,8333333;
Cádiz;2011;Demandantes;Mujeres;De 45 a 64 años;36754,7499998;
Cádiz;2011;Demandantes;Mujeres;TOTAL;94190,24999971;
Cádiz;2011;Demandantes;Ambos sexos;De 16 a 29 años;42160,74999987;
Cádiz;2011;Demandantes;Ambos sexos;De 30 a 44 años;69616,83333317;
Cádiz;2011;Demandantes;Ambos sexos;De 45 a 64 años;65248,74999985;
Cádiz;2011;Demandantes;Ambos sexos;TOTAL;177026,33333289;
Cádiz;2012;Demandantes;Hombres;De 16 a 29 años;23028,83333332;
Cádiz;2012;Demandantes;Hombres;De 30 a 44 años;36035,9166667;
Cádiz;2012;Demandantes;Hombres;De 45 a 64 años;32975,83333327;
Cádiz;2012;Demandantes;Hombres;TOTAL;92040,58333329;
Cádiz;2012;Demandantes;Mujeres;De 16 a 29 años;22489,75;
Cádiz;2012;Demandantes;Mujeres;De 30 a 44 años;40161,25;
Cádiz;2012;Demandantes;Mujeres;De 45 a 64 años;40100,08333333;
Cádiz;2012;Demandantes;Mujeres;TOTAL;102751,08333333;
Cádiz;2012;Demandantes;Ambos sexos;De 16 a 29 años;45518,58333332;
Cádiz;2012;Demandantes;Ambos sexos;De 30 a 44 años;76197,1666667;
Cádiz;2012;Demandantes;Ambos sexos;De 45 a 64 años;73075,9166666;
Cádiz;2012;Demandantes;Ambos sexos;TOTAL;194791,66666662;
Alcalá de los Gazules;2010;Demandantes;Hombres;De 16 a 29 años;103,08333332;
Alcalá de los Gazules;2010;Demandantes;Hombres;De 30 a 44 años;144,58333334;
Alcalá de los Gazules;2010;Demandantes;Hombres;De 45 a 64 años;113,24999999;
Alcalá de los Gazules;2010;Demandantes;Hombres;TOTAL;360,91666665;
Alcalá de los Gazules;2010;Demandantes;Mujeres;De 16 a 29 años;124,41666666;
Alcalá de los Gazules;2010;Demandantes;Mujeres;De 30 a 44 años;186,25;
Alcalá de los Gazules;2010;Demandantes;Mujeres;De 45 a 64 años;141,41666667;
Alcalá de los Gazules;2010;Demandantes;Mujeres;TOTAL;452,08333333;
Alcalá de los Gazules;2010;Demandantes;Ambos sexos;De 16 a 29 años;227,49999998;
Alcalá de los Gazules;2010;Demandantes;Ambos sexos;De 30 a 44 años;330,83333334;
Alcalá de los Gazules;2010;Demandantes;Ambos sexos;De 45 a 64 años;254,66666666;
Alcalá de los Gazules;2010;Demandantes;Ambos sexos;TOTAL;812,99999998;
Alcalá de los Gazules;2011;Demandantes;Hombres;De 16 a 29 años;115,08333333;
Alcalá de los Gazules;2011;Demandantes;Hombres;De 30 a 44 años;155,33333332;
Alcalá de los Gazules;2011;Demandantes;Hombres;De 45 a 64 años;136,75;
Alcalá de los Gazules;2011;Demandantes;Hombres;TOTAL;407,16666665;
Alcalá de los Gazules;2011;Demandantes;Mujeres;De 16 a 29 años;124,74999999;
Alcalá de los Gazules;2011;Demandantes;Mujeres;De 30 a 44 años;209,50000002;
Alcalá de los Gazules;2011;Demandantes;Mujeres;De 45 a 64 años;150,75000001;
Alcalá de los Gazules;2011;Demandantes;Mujeres;TOTAL;485,00000002;
Alcalá de los Gazules;2011;Demandantes;Ambos sexos;De 16 a 29 años;239,83333332;
Alcalá de los Gazules;2011;Demandantes;Ambos sexos;De 30 a 44 años;364,83333334;
Alcalá de los Gazules;2011;Demandantes;Ambos sexos;De 45 a 64 años;287,50000001;
Alcalá de los Gazules;2011;Demandantes;Ambos sexos;TOTAL;892,16666667;
Alcalá de los Gazules;2012;Demandantes;Hombres;De 16 a 29 años;134,33333333;
Alcalá de los Gazules;2012;Demandantes;Hombres;De 30 a 44 años;169,41666667;
Alcalá de los Gazules;2012;Demandantes;Hombres;De 45 a 64 años;145,58333332;
Alcalá de los Gazules;2012;Demandantes;Hombres;TOTAL;449,33333332;
Alcalá de los Gazules;2012;Demandantes;Mujeres;De 16 a 29 años;141,08333333;
Alcalá de los Gazules;2012;Demandantes;Mujeres;De 30 a 44 años;238,50000001;
Alcalá de los Gazules;2012;Demandantes;Mujeres;De 45 a 64 años;170,16666666;
Alcalá de los Gazules;2012;Demandantes;Mujeres;TOTAL;549,75;
Alcalá de los Gazules;2012;Demandantes;Ambos sexos;De 16 a 29 años;275,41666666;
Alcalá de los Gazules;2012;Demandantes;Ambos sexos;De 30 a 44 años;407,91666668;
Alcalá de los Gazules;2012;Demandantes;Ambos sexos;De 45 a 64 años;315,74999998;
Alcalá de los Gazules;2012;Demandantes;Ambos sexos;TOTAL;999,08333332;
Alcalá del Valle;2010;Demandantes;Hombres;De 16 a 29 años;63,74999999;
Alcalá del Valle;2010;Demandantes;Hombres;De 30 a 44 años;135,08333335;
Alcalá del Valle;2010;Demandantes;Hombres;De 45 a 64 años;88,74999999;
Alcalá del Valle;2010;Demandantes;Hombres;TOTAL;287,58333333;
Alcalá del Valle;2010;Demandantes;Mujeres;De 16 a 29 años;37,58333333;
Alcalá del Valle;2010;Demandantes;Mujeres;De 30 a 44 años;39,41666666;
Alcalá del Valle;2010;Demandantes;Mujeres;De 45 a 64 años;25,16666667;
Alcalá del Valle;2010;Demandantes;Mujeres;TOTAL;102,16666666;
Alcalá del Valle;2010;Demandantes;Ambos sexos;De 16 a 29 años;101,33333332;
Alcalá del Valle;2010;Demandantes;Ambos sexos;De 30 a 44 años;174,50000001;
Alcalá del Valle;2010;Demandantes;Ambos sexos;De 45 a 64 años;113,91666666;
Alcalá del Valle;2010;Demandantes;Ambos sexos;TOTAL;389,74999999;
Alcalá del Valle;2011;Demandantes;Hombres;De 16 a 29 años;62,66666665;
Alcalá del Valle;2011;Demandantes;Hombres;De 30 a 44 años;113,16666667;
Alcalá del Valle;2011;Demandantes;Hombres;De 45 a 64 años;86,75000001;
Alcalá del Valle;2011;Demandantes;Hombres;TOTAL;262,58333333;
Alcalá del Valle;2011;Demandantes;Mujeres;De 16 a 29 años;40,24999999;
Alcalá del Valle;2011;Demandantes;Mujeres;De 30 a 44 años;34,08333334;
Alcalá del Valle;2011;Demandantes;Mujeres;De 45 a 64 años;29,16666667;
Alcalá del Valle;2011;Demandantes;Mujeres;TOTAL;103,5;
Alcalá del Valle;2011;Demandantes;Ambos sexos;De 16 a 29 años;102,91666664;
Alcalá del Valle;2011;Demandantes;Ambos sexos;De 30 a 44 años;147,25000001;
Alcalá del Valle;2011;Demandantes;Ambos sexos;De 45 a 64 años;115,91666668;
Alcalá del Valle;2011;Demandantes;Ambos sexos;TOTAL;366,08333333;
Alcalá del Valle;2012;Demandantes;Hombres;De 16 a 29 años;70,16666666;
Alcalá del Valle;2012;Demandantes;Hombres;De 30 a 44 años;120,83333334;
Alcalá del Valle;2012;Demandantes;Hombres;De 45 a 64 años;108,66666666;
Alcalá del Valle;2012;Demandantes;Hombres;TOTAL;299,66666666;
Alcalá del Valle;2012;Demandantes;Mujeres;De 16 a 29 años;56,33333332;
Alcalá del Valle;2012;Demandantes;Mujeres;De 30 a 44 años;30,66666666;
Alcalá del Valle;2012;Demandantes;Mujeres;De 45 a 64 años;34,08333333;
Alcalá del Valle;2012;Demandantes;Mujeres;TOTAL;121,08333331;
Alcalá del Valle;2012;Demandantes;Ambos sexos;De 16 a 29 años;126,49999998;
Alcalá del Valle;2012;Demandantes;Ambos sexos;De 30 a 44 años;151,5;
Alcalá del Valle;2012;Demandantes;Ambos sexos;De 45 a 64 años;142,74999999;
Alcalá del Valle;2012;Demandantes;Ambos sexos;TOTAL;420,74999997;
Algar;2010;Demandantes;Hombres;De 16 a 29 años;22,08333334;
Algar;2010;Demandantes;Hombres;De 30 a 44 años;39,33333333;
Algar;2010;Demandantes;Hombres;De 45 a 64 años;26,33333335;
Algar;2010;Demandantes;Hombres;TOTAL;87,75000002;
Algar;2010;Demandantes;Mujeres;De 16 a 29 años;23,66666668;
Algar;2010;Demandantes;Mujeres;De 30 a 44 años;44,25000001;
Algar;2010;Demandantes;Mujeres;De 45 a 64 años;39,16666666;
Algar;2010;Demandantes;Mujeres;TOTAL;107,08333335;
Algar;2010;Demandantes;Ambos sexos;De 16 a 29 años;45,75000002;
Algar;2010;Demandantes;Ambos sexos;De 30 a 44 años;83,58333334;
Algar;2010;Demandantes;Ambos sexos;De 45 a 64 años;65,50000001;
Algar;2010;Demandantes;Ambos sexos;TOTAL;194,83333337;
Algar;2011;Demandantes;Hombres;De 16 a 29 años;22,91666667;
Algar;2011;Demandantes;Hombres;De 30 a 44 años;35,41666667;
Algar;2011;Demandantes;Hombres;De 45 a 64 años;26,08333333;
Algar;2011;Demandantes;Hombres;TOTAL;84,41666667;
Algar;2011;Demandantes;Mujeres;De 16 a 29 años;25,25000002;
Algar;2011;Demandantes;Mujeres;De 30 a 44 años;43,08333335;
Algar;2011;Demandantes;Mujeres;De 45 a 64 años;43,74999999;
Algar;2011;Demandantes;Mujeres;TOTAL;112,08333336;
Algar;2011;Demandantes;Ambos sexos;De 16 a 29 años;48,16666669;
Algar;2011;Demandantes;Ambos sexos;De 30 a 44 años;78,50000002;
Algar;2011;Demandantes;Ambos sexos;De 45 a 64 años;69,83333332;
Algar;2011;Demandantes;Ambos sexos;TOTAL;196,50000003;
Algar;2012;Demandantes;Hombres;De 16 a 29 años;25,33333332;
Algar;2012;Demandantes;Hombres;De 30 a 44 años;45,91666667;
Algar;2012;Demandantes;Hombres;De 45 a 64 años;29;
Algar;2012;Demandantes;Hombres;TOTAL;100,24999999;
Algar;2012;Demandantes;Mujeres;De 16 a 29 años;34,75000002;
Algar;2012;Demandantes;Mujeres;De 30 a 44 años;50,50000002;
Algar;2012;Demandantes;Mujeres;De 45 a 64 años;51,83333335;
Algar;2012;Demandantes;Mujeres;TOTAL;137,08333339;
Algar;2012;Demandantes;Ambos sexos;De 16 a 29 años;60,08333334;
Algar;2012;Demandantes;Ambos sexos;De 30 a 44 años;96,41666669;
Algar;2012;Demandantes;Ambos sexos;De 45 a 64 años;80,83333335;
Algar;2012;Demandantes;Ambos sexos;TOTAL;237,33333338;
Algeciras;2010;Demandantes;Hombres;De 16 a 29 años;1950,49999998;
Algeciras;2010;Demandantes;Hombres;De 30 a 44 años;2838,16666663;
Algeciras;2010;Demandantes;Hombres;De 45 a 64 años;2307,8333333;
Algeciras;2010;Demandantes;Hombres;TOTAL;7096,49999991;
Algeciras;2010;Demandantes;Mujeres;De 16 a 29 años;1855,58333332;
Algeciras;2010;Demandantes;Mujeres;De 30 a 44 años;3274,33333335;
Algeciras;2010;Demandantes;Mujeres;De 45 a 64 años;3212,33333333;
Algeciras;2010;Demandantes;Mujeres;TOTAL;8342,25;
Algeciras;2010;Demandantes;Ambos sexos;De 16 a 29 años;3806,0833333;
Algeciras;2010;Demandantes;Ambos sexos;De 30 a 44 años;6112,49999998;
Algeciras;2010;Demandantes;Ambos sexos;De 45 a 64 años;5520,16666663;
Algeciras;2010;Demandantes;Ambos sexos;TOTAL;15438,74999991;
Algeciras;2011;Demandantes;Hombres;De 16 a 29 años;1791,24999999;
Algeciras;2011;Demandantes;Hombres;De 30 a 44 años;2786,74999999;
Algeciras;2011;Demandantes;Hombres;De 45 a 64 años;2477,16666673;
Algeciras;2011;Demandantes;Hombres;TOTAL;7055,16666671;
Algeciras;2011;Demandantes;Mujeres;De 16 a 29 años;1910,49999998;
Algeciras;2011;Demandantes;Mujeres;De 30 a 44 años;3418,33333333;
Algeciras;2011;Demandantes;Mujeres;De 45 a 64 años;3354,99999999;
Algeciras;2011;Demandantes;Mujeres;TOTAL;8683,8333333;
Algeciras;2011;Demandantes;Ambos sexos;De 16 a 29 años;3701,74999997;
Algeciras;2011;Demandantes;Ambos sexos;De 30 a 44 años;6205,08333332;
Algeciras;2011;Demandantes;Ambos sexos;De 45 a 64 años;5832,16666672;
Algeciras;2011;Demandantes;Ambos sexos;TOTAL;15739,00000001;
Algeciras;2012;Demandantes;Hombres;De 16 a 29 años;2011,9166667;
Algeciras;2012;Demandantes;Hombres;De 30 a 44 años;3021,08333332;
Algeciras;2012;Demandantes;Hombres;De 45 a 64 años;2814,25000002;
Algeciras;2012;Demandantes;Hombres;TOTAL;7847,25000004;
Algeciras;2012;Demandantes;Mujeres;De 16 a 29 años;2174,66666667;
Algeciras;2012;Demandantes;Mujeres;De 30 a 44 años;3804,91666665;
Algeciras;2012;Demandantes;Mujeres;De 45 a 64 años;3722,08333331;
Algeciras;2012;Demandantes;Mujeres;TOTAL;9701,66666663;
Algeciras;2012;Demandantes;Ambos sexos;De 16 a 29 años;4186,58333337;
Algeciras;2012;Demandantes;Ambos sexos;De 30 a 44 años;6825,99999997;
Algeciras;2012;Demandantes;Ambos sexos;De 45 a 64 años;6536,33333333;
Algeciras;2012;Demandantes;Ambos sexos;TOTAL;17548,91666667;
Algodonales;2010;Demandantes;Hombres;De 16 a 29 años;101,5;
Algodonales;2010;Demandantes;Hombres;De 30 a 44 años;141,41666669;
Algodonales;2010;Demandantes;Hombres;De 45 a 64 años;119,49999999;
Algodonales;2010;Demandantes;Hombres;TOTAL;362,41666668;
Algodonales;2010;Demandantes;Mujeres;De 16 a 29 años;89,83333333;
Algodonales;2010;Demandantes;Mujeres;De 30 a 44 años;91,91666668;
Algodonales;2010;Demandantes;Mujeres;De 45 a 64 años;65,58333335;
Algodonales;2010;Demandantes;Mujeres;TOTAL;247,33333336;
Algodonales;2010;Demandantes;Ambos sexos;De 16 a 29 años;191,33333333;
Algodonales;2010;Demandantes;Ambos sexos;De 30 a 44 años;233,33333337;
Algodonales;2010;Demandantes;Ambos sexos;De 45 a 64 años;185,08333334;
Algodonales;2010;Demandantes;Ambos sexos;TOTAL;609,75000004;
Algodonales;2011;Demandantes;Hombres;De 16 a 29 años;101,99999998;
Algodonales;2011;Demandantes;Hombres;De 30 a 44 años;135,66666667;
Algodonales;2011;Demandantes;Hombres;De 45 a 64 años;130,83333335;
Algodonales;2011;Demandantes;Hombres;TOTAL;368,5;
Algodonales;2011;Demandantes;Mujeres;De 16 a 29 años;104,83333335;
Algodonales;2011;Demandantes;Mujeres;De 30 a 44 años;95,41666668;
Algodonales;2011;Demandantes;Mujeres;De 45 a 64 años;69,16666667;
Algodonales;2011;Demandantes;Mujeres;TOTAL;269,4166667;
Algodonales;2011;Demandantes;Ambos sexos;De 16 a 29 años;206,83333333;
Algodonales;2011;Demandantes;Ambos sexos;De 30 a 44 años;231,08333335;
Algodonales;2011;Demandantes;Ambos sexos;De 45 a 64 años;200,00000002;
Algodonales;2011;Demandantes;Ambos sexos;TOTAL;637,9166667;
Algodonales;2012;Demandantes;Hombres;De 16 a 29 años;97,00000002;
Algodonales;2012;Demandantes;Hombres;De 30 a 44 años;144,41666665;
Algodonales;2012;Demandantes;Hombres;De 45 a 64 años;148,25000002;
Algodonales;2012;Demandantes;Hombres;TOTAL;389,66666669;
Algodonales;2012;Demandantes;Mujeres;De 16 a 29 años;102,83333333;
Algodonales;2012;Demandantes;Mujeres;De 30 a 44 años;102,3333333;
Algodonales;2012;Demandantes;Mujeres;De 45 a 64 años;82,41666665;
Algodonales;2012;Demandantes;Mujeres;TOTAL;287,58333328;
Algodonales;2012;Demandantes;Ambos sexos;De 16 a 29 años;199,83333335;
Algodonales;2012;Demandantes;Ambos sexos;De 30 a 44 años;246,74999995;
Algodonales;2012;Demandantes;Ambos sexos;De 45 a 64 años;230,66666667;
Algodonales;2012;Demandantes;Ambos sexos;TOTAL;677,24999997;
Arcos de la Frontera;2010;Demandantes;Hombres;De 16 a 29 años;707,41666665;
Arcos de la Frontera;2010;Demandantes;Hombres;De 30 a 44 años;1166,58333333;
Arcos de la Frontera;2010;Demandantes;Hombres;De 45 a 64 años;848,25000001;
Arcos de la Frontera;2010;Demandantes;Hombres;TOTAL;2722,24999999;
Arcos de la Frontera;2010;Demandantes;Mujeres;De 16 a 29 años;557,58333336;
Arcos de la Frontera;2010;Demandantes;Mujeres;De 30 a 44 años;1167,91666666;
Arcos de la Frontera;2010;Demandantes;Mujeres;De 45 a 64 años;865,50000002;
Arcos de la Frontera;2010;Demandantes;Mujeres;TOTAL;2591,00000004;
Arcos de la Frontera;2010;Demandantes;Ambos sexos;De 16 a 29 años;1265,00000001;
Arcos de la Frontera;2010;Demandantes;Ambos sexos;De 30 a 44 años;2334,49999999;
Arcos de la Frontera;2010;Demandantes;Ambos sexos;De 45 a 64 años;1713,75000003;
Arcos de la Frontera;2010;Demandantes;Ambos sexos;TOTAL;5313,25000003;
Arcos de la Frontera;2011;Demandantes;Hombres;De 16 a 29 años;727;
Arcos de la Frontera;2011;Demandantes;Hombres;De 30 a 44 años;1182,91666665;
Arcos de la Frontera;2011;Demandantes;Hombres;De 45 a 64 años;971,83333336;
Arcos de la Frontera;2011;Demandantes;Hombres;TOTAL;2881,75000001;
Arcos de la Frontera;2011;Demandantes;Mujeres;De 16 a 29 años;623,83333331;
Arcos de la Frontera;2011;Demandantes;Mujeres;De 30 a 44 años;1231,49999998;
Arcos de la Frontera;2011;Demandantes;Mujeres;De 45 a 64 años;942,16666668;
Arcos de la Frontera;2011;Demandantes;Mujeres;TOTAL;2797,49999997;
Arcos de la Frontera;2011;Demandantes;Ambos sexos;De 16 a 29 años;1350,83333331;
Arcos de la Frontera;2011;Demandantes;Ambos sexos;De 30 a 44 años;2414,41666663;
Arcos de la Frontera;2011;Demandantes;Ambos sexos;De 45 a 64 años;1914,00000004;
Arcos de la Frontera;2011;Demandantes;Ambos sexos;TOTAL;5679,24999998;
Arcos de la Frontera;2012;Demandantes;Hombres;De 16 a 29 años;829,16666664;
Arcos de la Frontera;2012;Demandantes;Hombres;De 30 a 44 años;1327,49999997;
Arcos de la Frontera;2012;Demandantes;Hombres;De 45 a 64 años;1141,58333332;
Arcos de la Frontera;2012;Demandantes;Hombres;TOTAL;3298,24999993;
Arcos de la Frontera;2012;Demandantes;Mujeres;De 16 a 29 años;727,83333334;
Arcos de la Frontera;2012;Demandantes;Mujeres;De 30 a 44 años;1327,16666666;
Arcos de la Frontera;2012;Demandantes;Mujeres;De 45 a 64 años;1067,08333332;
Arcos de la Frontera;2012;Demandantes;Mujeres;TOTAL;3122,08333332;
Arcos de la Frontera;2012;Demandantes;Ambos sexos;De 16 a 29 años;1556,99999998;
Arcos de la Frontera;2012;Demandantes;Ambos sexos;De 30 a 44 años;2654,66666663;
Arcos de la Frontera;2012;Demandantes;Ambos sexos;De 45 a 64 años;2208,66666664;
Arcos de la Frontera;2012;Demandantes;Ambos sexos;TOTAL;6420,33333325;
Barbate;2010;Demandantes;Hombres;De 16 a 29 años;589,75000004;
Barbate;2010;Demandantes;Hombres;De 30 a 44 años;853,58333335;
Barbate;2010;Demandantes;Hombres;De 45 a 64 años;676,33333336;
Barbate;2010;Demandantes;Hombres;TOTAL;2119,66666675;
Barbate;2010;Demandantes;Mujeres;De 16 a 29 años;522,74999999;
Barbate;2010;Demandantes;Mujeres;De 30 a 44 años;936,83333333;
Barbate;2010;Demandantes;Mujeres;De 45 a 64 años;964,99999998;
Barbate;2010;Demandantes;Mujeres;TOTAL;2424,5833333;
Barbate;2010;Demandantes;Ambos sexos;De 16 a 29 años;1112,50000003;
Barbate;2010;Demandantes;Ambos sexos;De 30 a 44 años;1790,41666668;
Barbate;2010;Demandantes;Ambos sexos;De 45 a 64 años;1641,33333334;
Barbate;2010;Demandantes;Ambos sexos;TOTAL;4544,25000005;
Barbate;2011;Demandantes;Hombres;De 16 a 29 años;589,99999998;
Barbate;2011;Demandantes;Hombres;De 30 a 44 años;847,16666665;
Barbate;2011;Demandantes;Hombres;De 45 a 64 años;743,41666667;
Barbate;2011;Demandantes;Hombres;TOTAL;2180,5833333;
Barbate;2011;Demandantes;Mujeres;De 16 a 29 años;541,16666666;
Barbate;2011;Demandantes;Mujeres;De 30 a 44 años;918,5;
Barbate;2011;Demandantes;Mujeres;De 45 a 64 años;971,33333334;
Barbate;2011;Demandantes;Mujeres;TOTAL;2431;
Barbate;2011;Demandantes;Ambos sexos;De 16 a 29 años;1131,16666664;
Barbate;2011;Demandantes;Ambos sexos;De 30 a 44 años;1765,66666665;
Barbate;2011;Demandantes;Ambos sexos;De 45 a 64 años;1714,75000001;
Barbate;2011;Demandantes;Ambos sexos;TOTAL;4611,5833333;
Barbate;2012;Demandantes;Hombres;De 16 a 29 años;563,25000001;
Barbate;2012;Demandantes;Hombres;De 30 a 44 años;864,99999998;
Barbate;2012;Demandantes;Hombres;De 45 a 64 años;833,24999998;
Barbate;2012;Demandantes;Hombres;TOTAL;2261,49999997;
Barbate;2012;Demandantes;Mujeres;De 16 a 29 años;554,99999999;
Barbate;2012;Demandantes;Mujeres;De 30 a 44 años;924,91666666;
Barbate;2012;Demandantes;Mujeres;De 45 a 64 años;1032,91666667;
Barbate;2012;Demandantes;Mujeres;TOTAL;2512,83333332;
Barbate;2012;Demandantes;Ambos sexos;De 16 a 29 años;1118,25;
Barbate;2012;Demandantes;Ambos sexos;De 30 a 44 años;1789,91666664;
Barbate;2012;Demandantes;Ambos sexos;De 45 a 64 años;1866,16666665;
Barbate;2012;Demandantes;Ambos sexos;TOTAL;4774,33333329;
Benalup-Casas Viejas;2010;Demandantes;Hombres;De 16 a 29 años;189,91666666;
Benalup-Casas Viejas;2010;Demandantes;Hombres;De 30 a 44 años;276,58333334;
Benalup-Casas Viejas;2010;Demandantes;Hombres;De 45 a 64 años;240,00000002;
Benalup-Casas Viejas;2010;Demandantes;Hombres;TOTAL;706,50000002;
Benalup-Casas Viejas;2010;Demandantes;Mujeres;De 16 a 29 años;142,74999999;
Benalup-Casas Viejas;2010;Demandantes;Mujeres;De 30 a 44 años;266,91666666;
Benalup-Casas Viejas;2010;Demandantes;Mujeres;De 45 a 64 años;233,08333333;
Benalup-Casas Viejas;2010;Demandantes;Mujeres;TOTAL;642,74999998;
Benalup-Casas Viejas;2010;Demandantes;Ambos sexos;De 16 a 29 años;332,66666665;
Benalup-Casas Viejas;2010;Demandantes;Ambos sexos;De 30 a 44 años;543,5;
Benalup-Casas Viejas;2010;Demandantes;Ambos sexos;De 45 a 64 años;473,08333335;
Benalup-Casas Viejas;2010;Demandantes;Ambos sexos;TOTAL;1349,25;
Benalup-Casas Viejas;2011;Demandantes;Hombres;De 16 a 29 años;187,08333332;
Benalup-Casas Viejas;2011;Demandantes;Hombres;De 30 a 44 años;285,16666666;
Benalup-Casas Viejas;2011;Demandantes;Hombres;De 45 a 64 años;262,33333331;
Benalup-Casas Viejas;2011;Demandantes;Hombres;TOTAL;734,58333329;
Benalup-Casas Viejas;2011;Demandantes;Mujeres;De 16 a 29 años;146,83333334;
Benalup-Casas Viejas;2011;Demandantes;Mujeres;De 30 a 44 años;281,41666666;
Benalup-Casas Viejas;2011;Demandantes;Mujeres;De 45 a 64 años;252,83333333;
Benalup-Casas Viejas;2011;Demandantes;Mujeres;TOTAL;681,08333333;
Benalup-Casas Viejas;2011;Demandantes;Ambos sexos;De 16 a 29 años;333,91666666;
Benalup-Casas Viejas;2011;Demandantes;Ambos sexos;De 30 a 44 años;566,58333332;
Benalup-Casas Viejas;2011;Demandantes;Ambos sexos;De 45 a 64 años;515,16666664;
Benalup-Casas Viejas;2011;Demandantes;Ambos sexos;TOTAL;1415,66666662;
Benalup-Casas Viejas;2012;Demandantes;Hombres;De 16 a 29 años;198,33333334;
Benalup-Casas Viejas;2012;Demandantes;Hombres;De 30 a 44 años;339,33333335;
Benalup-Casas Viejas;2012;Demandantes;Hombres;De 45 a 64 años;291,33333334;
Benalup-Casas Viejas;2012;Demandantes;Hombres;TOTAL;829,00000003;
Benalup-Casas Viejas;2012;Demandantes;Mujeres;De 16 a 29 años;167,08333333;
Benalup-Casas Viejas;2012;Demandantes;Mujeres;De 30 a 44 años;291,83333335;
Benalup-Casas Viejas;2012;Demandantes;Mujeres;De 45 a 64 años;288,41666667;
Benalup-Casas Viejas;2012;Demandantes;Mujeres;TOTAL;747,33333335;
Benalup-Casas Viejas;2012;Demandantes;Ambos sexos;De 16 a 29 años;365,41666667;
Benalup-Casas Viejas;2012;Demandantes;Ambos sexos;De 30 a 44 años;631,1666667;
Benalup-Casas Viejas;2012;Demandantes;Ambos sexos;De 45 a 64 años;579,75000001;
Benalup-Casas Viejas;2012;Demandantes;Ambos sexos;TOTAL;1576,33333338;
Benaocaz;2010;Demandantes;Hombres;De 16 a 29 años;12,83333333;
Benaocaz;2010;Demandantes;Hombres;De 30 a 44 años;15,91666666;
Benaocaz;2010;Demandantes;Hombres;De 45 a 64 años;13,91666667;
Benaocaz;2010;Demandantes;Hombres;TOTAL;42,66666666;
Benaocaz;2010;Demandantes;Mujeres;De 16 a 29 años;7,58333333;
Benaocaz;2010;Demandantes;Mujeres;De 30 a 44 años;18,91666667;
Benaocaz;2010;Demandantes;Mujeres;De 45 a 64 años;19,16666666;
Benaocaz;2010;Demandantes;Mujeres;TOTAL;45,66666666;
Benaocaz;2010;Demandantes;Ambos sexos;De 16 a 29 años;20,41666666;
Benaocaz;2010;Demandantes;Ambos sexos;De 30 a 44 años;34,83333333;
Benaocaz;2010;Demandantes;Ambos sexos;De 45 a 64 años;33,08333333;
Benaocaz;2010;Demandantes;Ambos sexos;TOTAL;88,33333332;
Benaocaz;2011;Demandantes;Hombres;De 16 a 29 años;16,66666666;
Benaocaz;2011;Demandantes;Hombres;De 30 a 44 años;20;
Benaocaz;2011;Demandantes;Hombres;De 45 a 64 años;22,66666667;
Benaocaz;2011;Demandantes;Hombres;TOTAL;59,33333333;
Benaocaz;2011;Demandantes;Mujeres;De 16 a 29 años;10,08333334;
Benaocaz;2011;Demandantes;Mujeres;De 30 a 44 años;16,41666667;
Benaocaz;2011;Demandantes;Mujeres;De 45 a 64 años;20;
Benaocaz;2011;Demandantes;Mujeres;TOTAL;46,50000001;
Benaocaz;2011;Demandantes;Ambos sexos;De 16 a 29 años;26,75;
Benaocaz;2011;Demandantes;Ambos sexos;De 30 a 44 años;36,41666667;
Benaocaz;2011;Demandantes;Ambos sexos;De 45 a 64 años;42,66666667;
Benaocaz;2011;Demandantes;Ambos sexos;TOTAL;105,83333334;
Benaocaz;2012;Demandantes;Hombres;De 16 a 29 años;12,91666667;
Benaocaz;2012;Demandantes;Hombres;De 30 a 44 años;15,58333335;
Benaocaz;2012;Demandantes;Hombres;De 45 a 64 años;18,66666669;
Benaocaz;2012;Demandantes;Hombres;TOTAL;47,16666671;
Benaocaz;2012;Demandantes;Mujeres;De 16 a 29 años;11,99999999;
Benaocaz;2012;Demandantes;Mujeres;De 30 a 44 años;17,75000001;
Benaocaz;2012;Demandantes;Mujeres;De 45 a 64 años;25,75;
Benaocaz;2012;Demandantes;Mujeres;TOTAL;55,5;
Benaocaz;2012;Demandantes;Ambos sexos;De 16 a 29 años;24,91666666;
Benaocaz;2012;Demandantes;Ambos sexos;De 30 a 44 años;33,33333336;
Benaocaz;2012;Demandantes;Ambos sexos;De 45 a 64 años;44,41666669;
Benaocaz;2012;Demandantes;Ambos sexos;TOTAL;102,66666671;
Bornos;2010;Demandantes;Hombres;De 16 a 29 años;159,83333333;
Bornos;2010;Demandantes;Hombres;De 30 a 44 años;258,58333333;
Bornos;2010;Demandantes;Hombres;De 45 a 64 años;174,50000001;
Bornos;2010;Demandantes;Hombres;TOTAL;592,91666667;
Bornos;2010;Demandantes;Mujeres;De 16 a 29 años;115,24999999;
Bornos;2010;Demandantes;Mujeres;De 30 a 44 años;124,91666664;
Bornos;2010;Demandantes;Mujeres;De 45 a 64 años;55,66666667;
Bornos;2010;Demandantes;Mujeres;TOTAL;295,8333333;
Bornos;2010;Demandantes;Ambos sexos;De 16 a 29 años;275,08333332;
Bornos;2010;Demandantes;Ambos sexos;De 30 a 44 años;383,49999997;
Bornos;2010;Demandantes;Ambos sexos;De 45 a 64 años;230,16666668;
Bornos;2010;Demandantes;Ambos sexos;TOTAL;888,74999997;
Bornos;2011;Demandantes;Hombres;De 16 a 29 años;169,66666667;
Bornos;2011;Demandantes;Hombres;De 30 a 44 años;264,33333332;
Bornos;2011;Demandantes;Hombres;De 45 a 64 años;197,66666668;
Bornos;2011;Demandantes;Hombres;TOTAL;631,66666667;
Bornos;2011;Demandantes;Mujeres;De 16 a 29 años;127,33333332;
Bornos;2011;Demandantes;Mujeres;De 30 a 44 años;132,83333334;
Bornos;2011;Demandantes;Mujeres;De 45 a 64 años;65,91666667;
Bornos;2011;Demandantes;Mujeres;TOTAL;326,08333333;
Bornos;2011;Demandantes;Ambos sexos;De 16 a 29 años;296,99999999;
Bornos;2011;Demandantes;Ambos sexos;De 30 a 44 años;397,16666666;
Bornos;2011;Demandantes;Ambos sexos;De 45 a 64 años;263,58333335;
Bornos;2011;Demandantes;Ambos sexos;TOTAL;957,75;
Bornos;2012;Demandantes;Hombres;De 16 a 29 años;191,33333332;
Bornos;2012;Demandantes;Hombres;De 30 a 44 años;301,66666666;
Bornos;2012;Demandantes;Hombres;De 45 a 64 años;235,25;
Bornos;2012;Demandantes;Hombres;TOTAL;728,24999998;
Bornos;2012;Demandantes;Mujeres;De 16 a 29 años;136,49999999;
Bornos;2012;Demandantes;Mujeres;De 30 a 44 años;132,91666669;
Bornos;2012;Demandantes;Mujeres;De 45 a 64 años;83,99999998;
Bornos;2012;Demandantes;Mujeres;TOTAL;353,41666666;
Bornos;2012;Demandantes;Ambos sexos;De 16 a 29 años;327,83333331;
Bornos;2012;Demandantes;Ambos sexos;De 30 a 44 años;434,58333335;
Bornos;2012;Demandantes;Ambos sexos;De 45 a 64 años;319,24999998;
Bornos;2012;Demandantes;Ambos sexos;TOTAL;1081,66666664;
Cádiz (capital);2010;Demandantes;Hombres;De 16 a 29 años;1736,33333334;
Cádiz (capital);2010;Demandantes;Hombres;De 30 a 44 años;2612,91666667;
Cádiz (capital);2010;Demandantes;Hombres;De 45 a 64 años;2072,58333334;
Cádiz (capital);2010;Demandantes;Hombres;TOTAL;6421,83333335;
Cádiz (capital);2010;Demandantes;Mujeres;De 16 a 29 años;1664,16666666;
Cádiz (capital);2010;Demandantes;Mujeres;De 30 a 44 años;3123,75000001;
Cádiz (capital);2010;Demandantes;Mujeres;De 45 a 64 años;3442,24999997;
Cádiz (capital);2010;Demandantes;Mujeres;TOTAL;8230,16666664;
Cádiz (capital);2010;Demandantes;Ambos sexos;De 16 a 29 años;3400,5;
Cádiz (capital);2010;Demandantes;Ambos sexos;De 30 a 44 años;5736,66666668;
Cádiz (capital);2010;Demandantes;Ambos sexos;De 45 a 64 años;5514,83333331;
Cádiz (capital);2010;Demandantes;Ambos sexos;TOTAL;14651,99999999;
Cádiz (capital);2011;Demandantes;Hombres;De 16 a 29 años;1768,83333333;
Cádiz (capital);2011;Demandantes;Hombres;De 30 a 44 años;2775,49999998;
Cádiz (capital);2011;Demandantes;Hombres;De 45 a 64 años;2349,91666664;
Cádiz (capital);2011;Demandantes;Hombres;TOTAL;6894,24999995;
Cádiz (capital);2011;Demandantes;Mujeres;De 16 a 29 años;1791,50000001;
Cádiz (capital);2011;Demandantes;Mujeres;De 30 a 44 años;3315,83333332;
Cádiz (capital);2011;Demandantes;Mujeres;De 45 a 64 años;3569,33333331;
Cádiz (capital);2011;Demandantes;Mujeres;TOTAL;8676,66666664;
Cádiz (capital);2011;Demandantes;Ambos sexos;De 16 a 29 años;3560,33333334;
Cádiz (capital);2011;Demandantes;Ambos sexos;De 30 a 44 años;6091,3333333;
Cádiz (capital);2011;Demandantes;Ambos sexos;De 45 a 64 años;5919,24999995;
Cádiz (capital);2011;Demandantes;Ambos sexos;TOTAL;15570,91666659;
Cádiz (capital);2012;Demandantes;Hombres;De 16 a 29 años;1851,91666664;
Cádiz (capital);2012;Demandantes;Hombres;De 30 a 44 años;3099,41666666;
Cádiz (capital);2012;Demandantes;Hombres;De 45 a 64 años;2641,83333334;
Cádiz (capital);2012;Demandantes;Hombres;TOTAL;7593,16666664;
Cádiz (capital);2012;Demandantes;Mujeres;De 16 a 29 años;1873,49999999;
Cádiz (capital);2012;Demandantes;Mujeres;De 30 a 44 años;3612,24999999;
Cádiz (capital);2012;Demandantes;Mujeres;De 45 a 64 años;3647,58333331;
Cádiz (capital);2012;Demandantes;Mujeres;TOTAL;9133,33333329;
Cádiz (capital);2012;Demandantes;Ambos sexos;De 16 a 29 años;3725,41666663;
Cádiz (capital);2012;Demandantes;Ambos sexos;De 30 a 44 años;6711,66666665;
Cádiz (capital);2012;Demandantes;Ambos sexos;De 45 a 64 años;6289,41666665;
Cádiz (capital);2012;Demandantes;Ambos sexos;TOTAL;16726,49999993;
Castellar de la Frontera;2010;Demandantes;Hombres;De 16 a 29 años;43,08333334;
Castellar de la Frontera;2010;Demandantes;Hombres;De 30 a 44 años;62,00000001;
Castellar de la Frontera;2010;Demandantes;Hombres;De 45 a 64 años;49,41666665;
Castellar de la Frontera;2010;Demandantes;Hombres;TOTAL;154,5;
Castellar de la Frontera;2010;Demandantes;Mujeres;De 16 a 29 años;43,75;
Castellar de la Frontera;2010;Demandantes;Mujeres;De 30 a 44 años;118,16666664;
Castellar de la Frontera;2010;Demandantes;Mujeres;De 45 a 64 años;89,33333336;
Castellar de la Frontera;2010;Demandantes;Mujeres;TOTAL;251,25;
Castellar de la Frontera;2010;Demandantes;Ambos sexos;De 16 a 29 años;86,83333334;
Castellar de la Frontera;2010;Demandantes;Ambos sexos;De 30 a 44 años;180,16666665;
Castellar de la Frontera;2010;Demandantes;Ambos sexos;De 45 a 64 años;138,75000001;
Castellar de la Frontera;2010;Demandantes;Ambos sexos;TOTAL;405,75;
Castellar de la Frontera;2011;Demandantes;Hombres;De 16 a 29 años;51,58333334;
Castellar de la Frontera;2011;Demandantes;Hombres;De 30 a 44 años;74;
Castellar de la Frontera;2011;Demandantes;Hombres;De 45 a 64 años;60,74999999;
Castellar de la Frontera;2011;Demandantes;Hombres;TOTAL;186,33333333;
Castellar de la Frontera;2011;Demandantes;Mujeres;De 16 a 29 años;46,91666667;
Castellar de la Frontera;2011;Demandantes;Mujeres;De 30 a 44 años;104,16666668;
Castellar de la Frontera;2011;Demandantes;Mujeres;De 45 a 64 años;99,91666666;
Castellar de la Frontera;2011;Demandantes;Mujeres;TOTAL;251,00000001;
Castellar de la Frontera;2011;Demandantes;Ambos sexos;De 16 a 29 años;98,50000001;
Castellar de la Frontera;2011;Demandantes;Ambos sexos;De 30 a 44 años;178,16666668;
Castellar de la Frontera;2011;Demandantes;Ambos sexos;De 45 a 64 años;160,66666665;
Castellar de la Frontera;2011;Demandantes;Ambos sexos;TOTAL;437,33333334;
Castellar de la Frontera;2012;Demandantes;Hombres;De 16 a 29 años;57,08333335;
Castellar de la Frontera;2012;Demandantes;Hombres;De 30 a 44 años;79,25;
Castellar de la Frontera;2012;Demandantes;Hombres;De 45 a 64 años;79,74999999;
Castellar de la Frontera;2012;Demandantes;Hombres;TOTAL;216,08333334;
Castellar de la Frontera;2012;Demandantes;Mujeres;De 16 a 29 años;58,25;
Castellar de la Frontera;2012;Demandantes;Mujeres;De 30 a 44 años;121,91666667;
Castellar de la Frontera;2012;Demandantes;Mujeres;De 45 a 64 años;108,33333334;
Castellar de la Frontera;2012;Demandantes;Mujeres;TOTAL;288,50000001;
Castellar de la Frontera;2012;Demandantes;Ambos sexos;De 16 a 29 años;115,33333335;
Castellar de la Frontera;2012;Demandantes;Ambos sexos;De 30 a 44 años;201,16666667;
Castellar de la Frontera;2012;Demandantes;Ambos sexos;De 45 a 64 años;188,08333333;
Castellar de la Frontera;2012;Demandantes;Ambos sexos;TOTAL;504,58333335;
Chiclana de la Frontera;2010;Demandantes;Hombres;De 16 a 29 años;1525,58333331;
Chiclana de la Frontera;2010;Demandantes;Hombres;De 30 a 44 años;2225,24999998;
Chiclana de la Frontera;2010;Demandantes;Hombres;De 45 a 64 años;1631,16666666;
Chiclana de la Frontera;2010;Demandantes;Hombres;TOTAL;5381,99999995;
Chiclana de la Frontera;2010;Demandantes;Mujeres;De 16 a 29 años;1271,66666669;
Chiclana de la Frontera;2010;Demandantes;Mujeres;De 30 a 44 años;2508,99999996;
Chiclana de la Frontera;2010;Demandantes;Mujeres;De 45 a 64 años;2221,16666666;
Chiclana de la Frontera;2010;Demandantes;Mujeres;TOTAL;6001,83333331;
Chiclana de la Frontera;2010;Demandantes;Ambos sexos;De 16 a 29 años;2797,25;
Chiclana de la Frontera;2010;Demandantes;Ambos sexos;De 30 a 44 años;4734,24999994;
Chiclana de la Frontera;2010;Demandantes;Ambos sexos;De 45 a 64 años;3852,33333332;
Chiclana de la Frontera;2010;Demandantes;Ambos sexos;TOTAL;11383,83333326;
Chiclana de la Frontera;2011;Demandantes;Hombres;De 16 a 29 años;1642,50000001;
Chiclana de la Frontera;2011;Demandantes;Hombres;De 30 a 44 años;2376,75;
Chiclana de la Frontera;2011;Demandantes;Hombres;De 45 a 64 años;1906,41666667;
Chiclana de la Frontera;2011;Demandantes;Hombres;TOTAL;5925,66666668;
Chiclana de la Frontera;2011;Demandantes;Mujeres;De 16 a 29 años;1389,08333333;
Chiclana de la Frontera;2011;Demandantes;Mujeres;De 30 a 44 años;2643,91666665;
Chiclana de la Frontera;2011;Demandantes;Mujeres;De 45 a 64 años;2473,33333332;
Chiclana de la Frontera;2011;Demandantes;Mujeres;TOTAL;6506,3333333;
Chiclana de la Frontera;2011;Demandantes;Ambos sexos;De 16 a 29 años;3031,58333334;
Chiclana de la Frontera;2011;Demandantes;Ambos sexos;De 30 a 44 años;5020,66666665;
Chiclana de la Frontera;2011;Demandantes;Ambos sexos;De 45 a 64 años;4379,74999999;
Chiclana de la Frontera;2011;Demandantes;Ambos sexos;TOTAL;12431,99999998;
Chiclana de la Frontera;2012;Demandantes;Hombres;De 16 a 29 años;1660,58333337;
Chiclana de la Frontera;2012;Demandantes;Hombres;De 30 a 44 años;2665,00000002;
Chiclana de la Frontera;2012;Demandantes;Hombres;De 45 a 64 años;2244,91666666;
Chiclana de la Frontera;2012;Demandantes;Hombres;TOTAL;6570,50000005;
Chiclana de la Frontera;2012;Demandantes;Mujeres;De 16 a 29 años;1522,41666667;
Chiclana de la Frontera;2012;Demandantes;Mujeres;De 30 a 44 años;2888,75000002;
Chiclana de la Frontera;2012;Demandantes;Mujeres;De 45 a 64 años;2756,25000002;
Chiclana de la Frontera;2012;Demandantes;Mujeres;TOTAL;7167,41666671;
Chiclana de la Frontera;2012;Demandantes;Ambos sexos;De 16 a 29 años;3183,00000004;
Chiclana de la Frontera;2012;Demandantes;Ambos sexos;De 30 a 44 años;5553,75000004;
Chiclana de la Frontera;2012;Demandantes;Ambos sexos;De 45 a 64 años;5001,16666668;
Chiclana de la Frontera;2012;Demandantes;Ambos sexos;TOTAL;13737,91666676;
Chipiona;2010;Demandantes;Hombres;De 16 a 29 años;405,25000002;
Chipiona;2010;Demandantes;Hombres;De 30 a 44 años;552,33333331;
Chipiona;2010;Demandantes;Hombres;De 45 a 64 años;460,58333334;
Chipiona;2010;Demandantes;Hombres;TOTAL;1418,16666667;
Chipiona;2010;Demandantes;Mujeres;De 16 a 29 años;388,33333334;
Chipiona;2010;Demandantes;Mujeres;De 30 a 44 años;533,83333333;
Chipiona;2010;Demandantes;Mujeres;De 45 a 64 años;619,58333334;
Chipiona;2010;Demandantes;Mujeres;TOTAL;1541,75000001;
Chipiona;2010;Demandantes;Ambos sexos;De 16 a 29 años;793,58333336;
Chipiona;2010;Demandantes;Ambos sexos;De 30 a 44 años;1086,16666664;
Chipiona;2010;Demandantes;Ambos sexos;De 45 a 64 años;1080,16666668;
Chipiona;2010;Demandantes;Ambos sexos;TOTAL;2959,91666668;
Chipiona;2011;Demandantes;Hombres;De 16 a 29 años;417,58333334;
Chipiona;2011;Demandantes;Hombres;De 30 a 44 años;565,24999998;
Chipiona;2011;Demandantes;Hombres;De 45 a 64 años;505,66666667;
Chipiona;2011;Demandantes;Hombres;TOTAL;1488,49999999;
Chipiona;2011;Demandantes;Mujeres;De 16 a 29 años;429,41666667;
Chipiona;2011;Demandantes;Mujeres;De 30 a 44 años;571,41666669;
Chipiona;2011;Demandantes;Mujeres;De 45 a 64 años;645,91666666;
Chipiona;2011;Demandantes;Mujeres;TOTAL;1646,75000002;
Chipiona;2011;Demandantes;Ambos sexos;De 16 a 29 años;847,00000001;
Chipiona;2011;Demandantes;Ambos sexos;De 30 a 44 años;1136,66666667;
Chipiona;2011;Demandantes;Ambos sexos;De 45 a 64 años;1151,58333333;
Chipiona;2011;Demandantes;Ambos sexos;TOTAL;3135,25000001;
Chipiona;2012;Demandantes;Hombres;De 16 a 29 años;435;
Chipiona;2012;Demandantes;Hombres;De 30 a 44 años;601,25000002;
Chipiona;2012;Demandantes;Hombres;De 45 a 64 años;552,99999998;
Chipiona;2012;Demandantes;Hombres;TOTAL;1589,25;
Chipiona;2012;Demandantes;Mujeres;De 16 a 29 años;465,25000001;
Chipiona;2012;Demandantes;Mujeres;De 30 a 44 años;633,74999999;
Chipiona;2012;Demandantes;Mujeres;De 45 a 64 años;704,16666666;
Chipiona;2012;Demandantes;Mujeres;TOTAL;1803,16666666;
Chipiona;2012;Demandantes;Ambos sexos;De 16 a 29 años;900,25000001;
Chipiona;2012;Demandantes;Ambos sexos;De 30 a 44 años;1235,00000001;
Chipiona;2012;Demandantes;Ambos sexos;De 45 a 64 años;1257,16666664;
Chipiona;2012;Demandantes;Ambos sexos;TOTAL;3392,41666666;
Conil de la Frontera;2010;Demandantes;Hombres;De 16 a 29 años;376,08333333;
Conil de la Frontera;2010;Demandantes;Hombres;De 30 a 44 años;585,83333332;
Conil de la Frontera;2010;Demandantes;Hombres;De 45 a 64 años;414,99999999;
Conil de la Frontera;2010;Demandantes;Hombres;TOTAL;1376,91666664;
Conil de la Frontera;2010;Demandantes;Mujeres;De 16 a 29 años;291,08333332;
Conil de la Frontera;2010;Demandantes;Mujeres;De 30 a 44 años;519,83333333;
Conil de la Frontera;2010;Demandantes;Mujeres;De 45 a 64 años;455,33333331;
Conil de la Frontera;2010;Demandantes;Mujeres;TOTAL;1266,24999996;
Conil de la Frontera;2010;Demandantes;Ambos sexos;De 16 a 29 años;667,16666665;
Conil de la Frontera;2010;Demandantes;Ambos sexos;De 30 a 44 años;1105,66666665;
Conil de la Frontera;2010;Demandantes;Ambos sexos;De 45 a 64 años;870,3333333;
Conil de la Frontera;2010;Demandantes;Ambos sexos;TOTAL;2643,1666666;
Conil de la Frontera;2011;Demandantes;Hombres;De 16 a 29 años;374,16666665;
Conil de la Frontera;2011;Demandantes;Hombres;De 30 a 44 años;578,58333336;
Conil de la Frontera;2011;Demandantes;Hombres;De 45 a 64 años;480,16666665;
Conil de la Frontera;2011;Demandantes;Hombres;TOTAL;1432,91666666;
Conil de la Frontera;2011;Demandantes;Mujeres;De 16 a 29 años;321,41666667;
Conil de la Frontera;2011;Demandantes;Mujeres;De 30 a 44 años;545,58333334;
Conil de la Frontera;2011;Demandantes;Mujeres;De 45 a 64 años;508,83333335;
Conil de la Frontera;2011;Demandantes;Mujeres;TOTAL;1375,83333336;
Conil de la Frontera;2011;Demandantes;Ambos sexos;De 16 a 29 años;695,58333332;
Conil de la Frontera;2011;Demandantes;Ambos sexos;De 30 a 44 años;1124,1666667;
Conil de la Frontera;2011;Demandantes;Ambos sexos;De 45 a 64 años;989;
Conil de la Frontera;2011;Demandantes;Ambos sexos;TOTAL;2808,75000002;
Conil de la Frontera;2012;Demandantes;Hombres;De 16 a 29 años;393,83333334;
Conil de la Frontera;2012;Demandantes;Hombres;De 30 a 44 años;619,33333332;
Conil de la Frontera;2012;Demandantes;Hombres;De 45 a 64 años;539,33333332;
Conil de la Frontera;2012;Demandantes;Hombres;TOTAL;1552,49999998;
Conil de la Frontera;2012;Demandantes;Mujeres;De 16 a 29 años;328,50000003;
Conil de la Frontera;2012;Demandantes;Mujeres;De 30 a 44 años;620,08333334;
Conil de la Frontera;2012;Demandantes;Mujeres;De 45 a 64 años;553,33333335;
Conil de la Frontera;2012;Demandantes;Mujeres;TOTAL;1501,91666672;
Conil de la Frontera;2012;Demandantes;Ambos sexos;De 16 a 29 años;722,33333337;
Conil de la Frontera;2012;Demandantes;Ambos sexos;De 30 a 44 años;1239,41666666;
Conil de la Frontera;2012;Demandantes;Ambos sexos;De 45 a 64 años;1092,66666667;
Conil de la Frontera;2012;Demandantes;Ambos sexos;TOTAL;3054,4166667;
El Bosque;2010;Demandantes;Hombres;De 16 a 29 años;35,50000001;
El Bosque;2010;Demandantes;Hombres;De 30 a 44 años;59,00000002;
El Bosque;2010;Demandantes;Hombres;De 45 a 64 años;44,66666668;
El Bosque;2010;Demandantes;Hombres;TOTAL;139,16666671;
El Bosque;2010;Demandantes;Mujeres;De 16 a 29 años;30,41666666;
El Bosque;2010;Demandantes;Mujeres;De 30 a 44 años;67,41666666;
El Bosque;2010;Demandantes;Mujeres;De 45 a 64 años;42,58333333;
El Bosque;2010;Demandantes;Mujeres;TOTAL;140,41666665;
El Bosque;2010;Demandantes;Ambos sexos;De 16 a 29 años;65,91666667;
El Bosque;2010;Demandantes;Ambos sexos;De 30 a 44 años;126,41666668;
El Bosque;2010;Demandantes;Ambos sexos;De 45 a 64 años;87,25000001;
El Bosque;2010;Demandantes;Ambos sexos;TOTAL;279,58333336;
El Bosque;2011;Demandantes;Hombres;De 16 a 29 años;36,58333335;
El Bosque;2011;Demandantes;Hombres;De 30 a 44 años;61,66666665;
El Bosque;2011;Demandantes;Hombres;De 45 a 64 años;42,33333333;
El Bosque;2011;Demandantes;Hombres;TOTAL;140,58333333;
El Bosque;2011;Demandantes;Mujeres;De 16 a 29 años;32,49999999;
El Bosque;2011;Demandantes;Mujeres;De 30 a 44 años;59,74999999;
El Bosque;2011;Demandantes;Mujeres;De 45 a 64 años;43,66666667;
El Bosque;2011;Demandantes;Mujeres;TOTAL;135,91666665;
El Bosque;2011;Demandantes;Ambos sexos;De 16 a 29 años;69,08333334;
El Bosque;2011;Demandantes;Ambos sexos;De 30 a 44 años;121,41666664;
El Bosque;2011;Demandantes;Ambos sexos;De 45 a 64 años;86;
El Bosque;2011;Demandantes;Ambos sexos;TOTAL;276,49999998;
El Bosque;2012;Demandantes;Hombres;De 16 a 29 años;30,41666667;
El Bosque;2012;Demandantes;Hombres;De 30 a 44 años;60,91666667;
El Bosque;2012;Demandantes;Hombres;De 45 a 64 años;55,41666666;
El Bosque;2012;Demandantes;Hombres;TOTAL;146,75;
El Bosque;2012;Demandantes;Mujeres;De 16 a 29 años;36,33333332;
El Bosque;2012;Demandantes;Mujeres;De 30 a 44 años;67,66666669;
El Bosque;2012;Demandantes;Mujeres;De 45 a 64 años;52,33333333;
El Bosque;2012;Demandantes;Mujeres;TOTAL;156,33333334;
El Bosque;2012;Demandantes;Ambos sexos;De 16 a 29 años;66,74999999;
El Bosque;2012;Demandantes;Ambos sexos;De 30 a 44 años;128,58333336;
El Bosque;2012;Demandantes;Ambos sexos;De 45 a 64 años;107,74999999;
El Bosque;2012;Demandantes;Ambos sexos;TOTAL;303,08333334;
El Gastor;2010;Demandantes;Hombres;De 16 a 29 años;41,83333333;
El Gastor;2010;Demandantes;Hombres;De 30 a 44 años;60,33333335;
El Gastor;2010;Demandantes;Hombres;De 45 a 64 años;38,5;
El Gastor;2010;Demandantes;Hombres;TOTAL;140,66666668;
El Gastor;2010;Demandantes;Mujeres;De 16 a 29 años;17,5;
El Gastor;2010;Demandantes;Mujeres;De 30 a 44 años;31,24999999;
El Gastor;2010;Demandantes;Mujeres;De 45 a 64 años;8,91666666;
El Gastor;2010;Demandantes;Mujeres;TOTAL;57,66666665;
El Gastor;2010;Demandantes;Ambos sexos;De 16 a 29 años;59,33333333;
El Gastor;2010;Demandantes;Ambos sexos;De 30 a 44 años;91,58333334;
El Gastor;2010;Demandantes;Ambos sexos;De 45 a 64 años;47,41666666;
El Gastor;2010;Demandantes;Ambos sexos;TOTAL;198,33333333;
El Gastor;2011;Demandantes;Hombres;De 16 a 29 años;46,91666666;
El Gastor;2011;Demandantes;Hombres;De 30 a 44 años;61,66666667;
El Gastor;2011;Demandantes;Hombres;De 45 a 64 años;44,25;
El Gastor;2011;Demandantes;Hombres;TOTAL;152,83333333;
El Gastor;2011;Demandantes;Mujeres;De 16 a 29 años;21;
El Gastor;2011;Demandantes;Mujeres;De 30 a 44 años;23,33333334;
El Gastor;2011;Demandantes;Mujeres;De 45 a 64 años;10,49999999;
El Gastor;2011;Demandantes;Mujeres;TOTAL;54,83333333;
El Gastor;2011;Demandantes;Ambos sexos;De 16 a 29 años;67,91666666;
El Gastor;2011;Demandantes;Ambos sexos;De 30 a 44 años;85,00000001;
El Gastor;2011;Demandantes;Ambos sexos;De 45 a 64 años;54,74999999;
El Gastor;2011;Demandantes;Ambos sexos;TOTAL;207,66666666;
El Gastor;2012;Demandantes;Hombres;De 16 a 29 años;44,66666669;
El Gastor;2012;Demandantes;Hombres;De 30 a 44 años;67,33333331;
El Gastor;2012;Demandantes;Hombres;De 45 a 64 años;53,41666665;
El Gastor;2012;Demandantes;Hombres;TOTAL;165,41666665;
El Gastor;2012;Demandantes;Mujeres;De 16 a 29 años;27;
El Gastor;2012;Demandantes;Mujeres;De 30 a 44 años;27,08333333;
El Gastor;2012;Demandantes;Mujeres;De 45 a 64 años;13,75;
El Gastor;2012;Demandantes;Mujeres;TOTAL;67,83333333;
El Gastor;2012;Demandantes;Ambos sexos;De 16 a 29 años;71,66666669;
El Gastor;2012;Demandantes;Ambos sexos;De 30 a 44 años;94,41666664;
El Gastor;2012;Demandantes;Ambos sexos;De 45 a 64 años;67,16666665;
El Gastor;2012;Demandantes;Ambos sexos;TOTAL;233,24999998;
El Puerto de Santa María;2010;Demandantes;Hombres;De 16 a 29 años;1148,83333335;
El Puerto de Santa María;2010;Demandantes;Hombres;De 30 a 44 años;1845,99999997;
El Puerto de Santa María;2010;Demandantes;Hombres;De 45 a 64 años;1691,08333331;
El Puerto de Santa María;2010;Demandantes;Hombres;TOTAL;4685,91666663;
El Puerto de Santa María;2010;Demandantes;Mujeres;De 16 a 29 años;1137,41666664;
El Puerto de Santa María;2010;Demandantes;Mujeres;De 30 a 44 años;2351,83333332;
El Puerto de Santa María;2010;Demandantes;Mujeres;De 45 a 64 años;2383,75;
El Puerto de Santa María;2010;Demandantes;Mujeres;TOTAL;5872,99999996;
El Puerto de Santa María;2010;Demandantes;Ambos sexos;De 16 a 29 años;2286,24999999;
El Puerto de Santa María;2010;Demandantes;Ambos sexos;De 30 a 44 años;4197,83333329;
El Puerto de Santa María;2010;Demandantes;Ambos sexos;De 45 a 64 años;4074,83333331;
El Puerto de Santa María;2010;Demandantes;Ambos sexos;TOTAL;10558,91666659;
El Puerto de Santa María;2011;Demandantes;Hombres;De 16 a 29 años;1211,16666667;
El Puerto de Santa María;2011;Demandantes;Hombres;De 30 a 44 años;1910,24999998;
El Puerto de Santa María;2011;Demandantes;Hombres;De 45 a 64 años;1810,1666667;
El Puerto de Santa María;2011;Demandantes;Hombres;TOTAL;4931,58333335;
El Puerto de Santa María;2011;Demandantes;Mujeres;De 16 a 29 años;1212,83333334;
El Puerto de Santa María;2011;Demandantes;Mujeres;De 30 a 44 años;2509,66666668;
El Puerto de Santa María;2011;Demandantes;Mujeres;De 45 a 64 años;2567,16666664;
El Puerto de Santa María;2011;Demandantes;Mujeres;TOTAL;6289,66666666;
El Puerto de Santa María;2011;Demandantes;Ambos sexos;De 16 a 29 años;2424,00000001;
El Puerto de Santa María;2011;Demandantes;Ambos sexos;De 30 a 44 años;4419,91666666;
El Puerto de Santa María;2011;Demandantes;Ambos sexos;De 45 a 64 años;4377,33333334;
El Puerto de Santa María;2011;Demandantes;Ambos sexos;TOTAL;11221,25000001;
El Puerto de Santa María;2012;Demandantes;Hombres;De 16 a 29 años;1264,16666667;
El Puerto de Santa María;2012;Demandantes;Hombres;De 30 a 44 años;2139,08333335;
El Puerto de Santa María;2012;Demandantes;Hombres;De 45 a 64 años;2110,91666668;
El Puerto de Santa María;2012;Demandantes;Hombres;TOTAL;5514,1666667;
El Puerto de Santa María;2012;Demandantes;Mujeres;De 16 a 29 años;1307,91666664;
El Puerto de Santa María;2012;Demandantes;Mujeres;De 30 a 44 años;2681,49999998;
El Puerto de Santa María;2012;Demandantes;Mujeres;De 45 a 64 años;2851,74999998;
El Puerto de Santa María;2012;Demandantes;Mujeres;TOTAL;6841,1666666;
El Puerto de Santa María;2012;Demandantes;Ambos sexos;De 16 a 29 años;2572,08333331;
El Puerto de Santa María;2012;Demandantes;Ambos sexos;De 30 a 44 años;4820,58333333;
El Puerto de Santa María;2012;Demandantes;Ambos sexos;De 45 a 64 años;4962,66666666;
El Puerto de Santa María;2012;Demandantes;Ambos sexos;TOTAL;12355,3333333;
Espera;2010;Demandantes;Hombres;De 16 a 29 años;92,50000003;
Espera;2010;Demandantes;Hombres;De 30 a 44 años;130,16666667;
Espera;2010;Demandantes;Hombres;De 45 a 64 años;92,66666668;
Espera;2010;Demandantes;Hombres;TOTAL;315,33333338;
Espera;2010;Demandantes;Mujeres;De 16 a 29 años;52,83333333;
Espera;2010;Demandantes;Mujeres;De 30 a 44 años;50,16666665;
Espera;2010;Demandantes;Mujeres;De 45 a 64 años;14,66666667;
Espera;2010;Demandantes;Mujeres;TOTAL;117,66666665;
Espera;2010;Demandantes;Ambos sexos;De 16 a 29 años;145,33333336;
Espera;2010;Demandantes;Ambos sexos;De 30 a 44 años;180,33333332;
Espera;2010;Demandantes;Ambos sexos;De 45 a 64 años;107,33333335;
Espera;2010;Demandantes;Ambos sexos;TOTAL;433,00000003;
Espera;2011;Demandantes;Hombres;De 16 a 29 años;89,83333333;
Espera;2011;Demandantes;Hombres;De 30 a 44 años;134;
Espera;2011;Demandantes;Hombres;De 45 a 64 años;106,66666665;
Espera;2011;Demandantes;Hombres;TOTAL;330,49999998;
Espera;2011;Demandantes;Mujeres;De 16 a 29 años;59,24999998;
Espera;2011;Demandantes;Mujeres;De 30 a 44 años;55,66666665;
Espera;2011;Demandantes;Mujeres;De 45 a 64 años;20,66666668;
Espera;2011;Demandantes;Mujeres;TOTAL;135,58333331;
Espera;2011;Demandantes;Ambos sexos;De 16 a 29 años;149,08333331;
Espera;2011;Demandantes;Ambos sexos;De 30 a 44 años;189,66666665;
Espera;2011;Demandantes;Ambos sexos;De 45 a 64 años;127,33333333;
Espera;2011;Demandantes;Ambos sexos;TOTAL;466,08333329;
Espera;2012;Demandantes;Hombres;De 16 a 29 años;88,16666665;
Espera;2012;Demandantes;Hombres;De 30 a 44 años;164;
Espera;2012;Demandantes;Hombres;De 45 a 64 años;111,66666666;
Espera;2012;Demandantes;Hombres;TOTAL;363,83333331;
Espera;2012;Demandantes;Mujeres;De 16 a 29 años;66,66666666;
Espera;2012;Demandantes;Mujeres;De 30 a 44 años;57,83333334;
Espera;2012;Demandantes;Mujeres;De 45 a 64 años;28,08333333;
Espera;2012;Demandantes;Mujeres;TOTAL;152,58333333;
Espera;2012;Demandantes;Ambos sexos;De 16 a 29 años;154,83333331;
Espera;2012;Demandantes;Ambos sexos;De 30 a 44 años;221,83333334;
Espera;2012;Demandantes;Ambos sexos;De 45 a 64 años;139,74999999;
Espera;2012;Demandantes;Ambos sexos;TOTAL;516,41666664;
Grazalema;2010;Demandantes;Hombres;De 16 a 29 años;33,83333334;
Grazalema;2010;Demandantes;Hombres;De 30 a 44 años;39,58333331;
Grazalema;2010;Demandantes;Hombres;De 45 a 64 años;44,66666668;
Grazalema;2010;Demandantes;Hombres;TOTAL;118,08333333;
Grazalema;2010;Demandantes;Mujeres;De 16 a 29 años;23,41666667;
Grazalema;2010;Demandantes;Mujeres;De 30 a 44 años;54,91666667;
Grazalema;2010;Demandantes;Mujeres;De 45 a 64 años;50,41666667;
Grazalema;2010;Demandantes;Mujeres;TOTAL;128,75000001;
Grazalema;2010;Demandantes;Ambos sexos;De 16 a 29 años;57,25000001;
Grazalema;2010;Demandantes;Ambos sexos;De 30 a 44 años;94,49999998;
Grazalema;2010;Demandantes;Ambos sexos;De 45 a 64 años;95,08333335;
Grazalema;2010;Demandantes;Ambos sexos;TOTAL;246,83333334;
Grazalema;2011;Demandantes;Hombres;De 16 a 29 años;35;
Grazalema;2011;Demandantes;Hombres;De 30 a 44 años;39,49999999;
Grazalema;2011;Demandantes;Hombres;De 45 a 64 años;51,58333334;
Grazalema;2011;Demandantes;Hombres;TOTAL;126,08333333;
Grazalema;2011;Demandantes;Mujeres;De 16 a 29 años;33,25000002;
Grazalema;2011;Demandantes;Mujeres;De 30 a 44 años;57,16666666;
Grazalema;2011;Demandantes;Mujeres;De 45 a 64 años;50,49999998;
Grazalema;2011;Demandantes;Mujeres;TOTAL;140,91666666;
Grazalema;2011;Demandantes;Ambos sexos;De 16 a 29 años;68,25000002;
Grazalema;2011;Demandantes;Ambos sexos;De 30 a 44 años;96,66666665;
Grazalema;2011;Demandantes;Ambos sexos;De 45 a 64 años;102,08333332;
Grazalema;2011;Demandantes;Ambos sexos;TOTAL;266,99999999;
Grazalema;2012;Demandantes;Hombres;De 16 a 29 años;40,16666666;
Grazalema;2012;Demandantes;Hombres;De 30 a 44 años;47,25;
Grazalema;2012;Demandantes;Hombres;De 45 a 64 años;62,08333334;
Grazalema;2012;Demandantes;Hombres;TOTAL;149,5;
Grazalema;2012;Demandantes;Mujeres;De 16 a 29 años;41,33333333;
Grazalema;2012;Demandantes;Mujeres;De 30 a 44 años;73,41666668;
Grazalema;2012;Demandantes;Mujeres;De 45 a 64 años;54,33333336;
Grazalema;2012;Demandantes;Mujeres;TOTAL;169,08333337;
Grazalema;2012;Demandantes;Ambos sexos;De 16 a 29 años;81,49999999;
Grazalema;2012;Demandantes;Ambos sexos;De 30 a 44 años;120,66666668;
Grazalema;2012;Demandantes;Ambos sexos;De 45 a 64 años;116,4166667;
Grazalema;2012;Demandantes;Ambos sexos;TOTAL;318,58333337;
Jerez de la Frontera;2010;Demandantes;Hombres;De 16 a 29 años;3395,41666666;
Jerez de la Frontera;2010;Demandantes;Hombres;De 30 a 44 años;5376,74999995;
Jerez de la Frontera;2010;Demandantes;Hombres;De 45 a 64 años;4607,58333335;
Jerez de la Frontera;2010;Demandantes;Hombres;TOTAL;13379,74999996;
Jerez de la Frontera;2010;Demandantes;Mujeres;De 16 a 29 años;3018,16666665;
Jerez de la Frontera;2010;Demandantes;Mujeres;De 30 a 44 años;6187,58333332;
Jerez de la Frontera;2010;Demandantes;Mujeres;De 45 a 64 años;6505,99999999;
Jerez de la Frontera;2010;Demandantes;Mujeres;TOTAL;15711,74999996;
Jerez de la Frontera;2010;Demandantes;Ambos sexos;De 16 a 29 años;6413,58333331;
Jerez de la Frontera;2010;Demandantes;Ambos sexos;De 30 a 44 años;11564,33333327;
Jerez de la Frontera;2010;Demandantes;Ambos sexos;De 45 a 64 años;11113,58333334;
Jerez de la Frontera;2010;Demandantes;Ambos sexos;TOTAL;29091,49999992;
Jerez de la Frontera;2011;Demandantes;Hombres;De 16 a 29 años;3431,91666665;
Jerez de la Frontera;2011;Demandantes;Hombres;De 30 a 44 años;5560,83333336;
Jerez de la Frontera;2011;Demandantes;Hombres;De 45 a 64 años;5205,83333333;
Jerez de la Frontera;2011;Demandantes;Hombres;TOTAL;14198,58333334;
Jerez de la Frontera;2011;Demandantes;Mujeres;De 16 a 29 años;3294,5;
Jerez de la Frontera;2011;Demandantes;Mujeres;De 30 a 44 años;6369,91666662;
Jerez de la Frontera;2011;Demandantes;Mujeres;De 45 a 64 años;6915,16666662;
Jerez de la Frontera;2011;Demandantes;Mujeres;TOTAL;16579,58333324;
Jerez de la Frontera;2011;Demandantes;Ambos sexos;De 16 a 29 años;6726,41666665;
Jerez de la Frontera;2011;Demandantes;Ambos sexos;De 30 a 44 años;11930,74999998;
Jerez de la Frontera;2011;Demandantes;Ambos sexos;De 45 a 64 años;12120,99999995;
Jerez de la Frontera;2011;Demandantes;Ambos sexos;TOTAL;30778,16666658;
Jerez de la Frontera;2012;Demandantes;Hombres;De 16 a 29 años;3708,74999996;
Jerez de la Frontera;2012;Demandantes;Hombres;De 30 a 44 años;6096,91666663;
Jerez de la Frontera;2012;Demandantes;Hombres;De 45 a 64 años;6001,16666663;
Jerez de la Frontera;2012;Demandantes;Hombres;TOTAL;15806,83333322;
Jerez de la Frontera;2012;Demandantes;Mujeres;De 16 a 29 años;3600,08333333;
Jerez de la Frontera;2012;Demandantes;Mujeres;De 30 a 44 años;6964,33333329;
Jerez de la Frontera;2012;Demandantes;Mujeres;De 45 a 64 años;7622,08333334;
Jerez de la Frontera;2012;Demandantes;Mujeres;TOTAL;18186,49999996;
Jerez de la Frontera;2012;Demandantes;Ambos sexos;De 16 a 29 años;7308,83333329;
Jerez de la Frontera;2012;Demandantes;Ambos sexos;De 30 a 44 años;13061,24999992;
Jerez de la Frontera;2012;Demandantes;Ambos sexos;De 45 a 64 años;13623,24999997;
Jerez de la Frontera;2012;Demandantes;Ambos sexos;TOTAL;33993,33333318;
Jimena de la Frontera;2010;Demandantes;Hombres;De 16 a 29 años;172,5;
Jimena de la Frontera;2010;Demandantes;Hombres;De 30 a 44 años;266,5;
Jimena de la Frontera;2010;Demandantes;Hombres;De 45 a 64 años;204,16666665;
Jimena de la Frontera;2010;Demandantes;Hombres;TOTAL;643,16666665;
Jimena de la Frontera;2010;Demandantes;Mujeres;De 16 a 29 años;126,3333333;
Jimena de la Frontera;2010;Demandantes;Mujeres;De 30 a 44 años;275,99999998;
Jimena de la Frontera;2010;Demandantes;Mujeres;De 45 a 64 años;228,8333333;
Jimena de la Frontera;2010;Demandantes;Mujeres;TOTAL;631,16666658;
Jimena de la Frontera;2010;Demandantes;Ambos sexos;De 16 a 29 años;298,8333333;
Jimena de la Frontera;2010;Demandantes;Ambos sexos;De 30 a 44 años;542,49999998;
Jimena de la Frontera;2010;Demandantes;Ambos sexos;De 45 a 64 años;432,99999995;
Jimena de la Frontera;2010;Demandantes;Ambos sexos;TOTAL;1274,33333323;
Jimena de la Frontera;2011;Demandantes;Hombres;De 16 a 29 años;171,50000001;
Jimena de la Frontera;2011;Demandantes;Hombres;De 30 a 44 años;272,33333333;
Jimena de la Frontera;2011;Demandantes;Hombres;De 45 a 64 años;217,25000003;
Jimena de la Frontera;2011;Demandantes;Hombres;TOTAL;661,08333337;
Jimena de la Frontera;2011;Demandantes;Mujeres;De 16 a 29 años;145,49999998;
Jimena de la Frontera;2011;Demandantes;Mujeres;De 30 a 44 años;283,58333331;
Jimena de la Frontera;2011;Demandantes;Mujeres;De 45 a 64 años;246,16666668;
Jimena de la Frontera;2011;Demandantes;Mujeres;TOTAL;675,24999997;
Jimena de la Frontera;2011;Demandantes;Ambos sexos;De 16 a 29 años;316,99999999;
Jimena de la Frontera;2011;Demandantes;Ambos sexos;De 30 a 44 años;555,91666664;
Jimena de la Frontera;2011;Demandantes;Ambos sexos;De 45 a 64 años;463,41666671;
Jimena de la Frontera;2011;Demandantes;Ambos sexos;TOTAL;1336,33333334;
Jimena de la Frontera;2012;Demandantes;Hombres;De 16 a 29 años;179,41666665;
Jimena de la Frontera;2012;Demandantes;Hombres;De 30 a 44 años;290,00000003;
Jimena de la Frontera;2012;Demandantes;Hombres;De 45 a 64 años;270,08333336;
Jimena de la Frontera;2012;Demandantes;Hombres;TOTAL;739,50000004;
Jimena de la Frontera;2012;Demandantes;Mujeres;De 16 a 29 años;162,33333336;
Jimena de la Frontera;2012;Demandantes;Mujeres;De 30 a 44 años;304,16666662;
Jimena de la Frontera;2012;Demandantes;Mujeres;De 45 a 64 años;263,66666669;
Jimena de la Frontera;2012;Demandantes;Mujeres;TOTAL;730,16666667;
Jimena de la Frontera;2012;Demandantes;Ambos sexos;De 16 a 29 años;341,75000001;
Jimena de la Frontera;2012;Demandantes;Ambos sexos;De 30 a 44 años;594,16666665;
Jimena de la Frontera;2012;Demandantes;Ambos sexos;De 45 a 64 años;533,75000005;
Jimena de la Frontera;2012;Demandantes;Ambos sexos;TOTAL;1469,66666671;
La Línea de la Concepción;2010;Demandantes;Hombres;De 16 a 29 años;1261,00000001;
La Línea de la Concepción;2010;Demandantes;Hombres;De 30 a 44 años;1943,91666666;
La Línea de la Concepción;2010;Demandantes;Hombres;De 45 a 64 años;1765,08333334;
La Línea de la Concepción;2010;Demandantes;Hombres;TOTAL;4970,00000001;
La Línea de la Concepción;2010;Demandantes;Mujeres;De 16 a 29 años;1115,33333336;
La Línea de la Concepción;2010;Demandantes;Mujeres;De 30 a 44 años;1968,99999999;
La Línea de la Concepción;2010;Demandantes;Mujeres;De 45 a 64 años;2129,24999999;
La Línea de la Concepción;2010;Demandantes;Mujeres;TOTAL;5213,58333334;
La Línea de la Concepción;2010;Demandantes;Ambos sexos;De 16 a 29 años;2376,33333337;
La Línea de la Concepción;2010;Demandantes;Ambos sexos;De 30 a 44 años;3912,91666665;
La Línea de la Concepción;2010;Demandantes;Ambos sexos;De 45 a 64 años;3894,33333333;
La Línea de la Concepción;2010;Demandantes;Ambos sexos;TOTAL;10183,58333335;
La Línea de la Concepción;2011;Demandantes;Hombres;De 16 a 29 años;1168,83333332;
La Línea de la Concepción;2011;Demandantes;Hombres;De 30 a 44 años;1868,41666666;
La Línea de la Concepción;2011;Demandantes;Hombres;De 45 a 64 años;1844,08333332;
La Línea de la Concepción;2011;Demandantes;Hombres;TOTAL;4881,3333333;
La Línea de la Concepción;2011;Demandantes;Mujeres;De 16 a 29 años;1102,66666668;
La Línea de la Concepción;2011;Demandantes;Mujeres;De 30 a 44 años;1993,00000002;
La Línea de la Concepción;2011;Demandantes;Mujeres;De 45 a 64 años;2173,58333331;
La Línea de la Concepción;2011;Demandantes;Mujeres;TOTAL;5269,25000001;
La Línea de la Concepción;2011;Demandantes;Ambos sexos;De 16 a 29 años;2271,5;
La Línea de la Concepción;2011;Demandantes;Ambos sexos;De 30 a 44 años;3861,41666668;
La Línea de la Concepción;2011;Demandantes;Ambos sexos;De 45 a 64 años;4017,66666663;
La Línea de la Concepción;2011;Demandantes;Ambos sexos;TOTAL;10150,58333331;
La Línea de la Concepción;2012;Demandantes;Hombres;De 16 a 29 años;1171,24999999;
La Línea de la Concepción;2012;Demandantes;Hombres;De 30 a 44 años;1968,41666667;
La Línea de la Concepción;2012;Demandantes;Hombres;De 45 a 64 años;2098,58333331;
La Línea de la Concepción;2012;Demandantes;Hombres;TOTAL;5238,24999997;
La Línea de la Concepción;2012;Demandantes;Mujeres;De 16 a 29 años;1156,91666666;
La Línea de la Concepción;2012;Demandantes;Mujeres;De 30 a 44 años;2059,83333333;
La Línea de la Concepción;2012;Demandantes;Mujeres;De 45 a 64 años;2340,41666666;
La Línea de la Concepción;2012;Demandantes;Mujeres;TOTAL;5557,16666665;
La Línea de la Concepción;2012;Demandantes;Ambos sexos;De 16 a 29 años;2328,16666665;
La Línea de la Concepción;2012;Demandantes;Ambos sexos;De 30 a 44 años;4028,25;
La Línea de la Concepción;2012;Demandantes;Ambos sexos;De 45 a 64 años;4438,99999997;
La Línea de la Concepción;2012;Demandantes;Ambos sexos;TOTAL;10795,41666662;
Los Barrios;2010;Demandantes;Hombres;De 16 a 29 años;358,24999999;
Los Barrios;2010;Demandantes;Hombres;De 30 a 44 años;496,33333335;
Los Barrios;2010;Demandantes;Hombres;De 45 a 64 años;395,58333335;
Los Barrios;2010;Demandantes;Hombres;TOTAL;1250,16666669;
Los Barrios;2010;Demandantes;Mujeres;De 16 a 29 años;351,58333331;
Los Barrios;2010;Demandantes;Mujeres;De 30 a 44 años;669,25000003;
Los Barrios;2010;Demandantes;Mujeres;De 45 a 64 años;533,58333335;
Los Barrios;2010;Demandantes;Mujeres;TOTAL;1554,41666669;
Los Barrios;2010;Demandantes;Ambos sexos;De 16 a 29 años;709,8333333;
Los Barrios;2010;Demandantes;Ambos sexos;De 30 a 44 años;1165,58333338;
Los Barrios;2010;Demandantes;Ambos sexos;De 45 a 64 años;929,1666667;
Los Barrios;2010;Demandantes;Ambos sexos;TOTAL;2804,58333338;
Los Barrios;2011;Demandantes;Hombres;De 16 a 29 años;351,16666668;
Los Barrios;2011;Demandantes;Hombres;De 30 a 44 años;518,66666664;
Los Barrios;2011;Demandantes;Hombres;De 45 a 64 años;428,33333334;
Los Barrios;2011;Demandantes;Hombres;TOTAL;1298,16666666;
Los Barrios;2011;Demandantes;Mujeres;De 16 a 29 años;369,91666666;
Los Barrios;2011;Demandantes;Mujeres;De 30 a 44 años;697,49999999;
Los Barrios;2011;Demandantes;Mujeres;De 45 a 64 años;575,33333332;
Los Barrios;2011;Demandantes;Mujeres;TOTAL;1642,74999997;
Los Barrios;2011;Demandantes;Ambos sexos;De 16 a 29 años;721,08333334;
Los Barrios;2011;Demandantes;Ambos sexos;De 30 a 44 años;1216,16666663;
Los Barrios;2011;Demandantes;Ambos sexos;De 45 a 64 años;1003,66666666;
Los Barrios;2011;Demandantes;Ambos sexos;TOTAL;2940,91666663;
Los Barrios;2012;Demandantes;Hombres;De 16 a 29 años;398,5;
Los Barrios;2012;Demandantes;Hombres;De 30 a 44 años;589,50000002;
Los Barrios;2012;Demandantes;Hombres;De 45 a 64 años;518,99999999;
Los Barrios;2012;Demandantes;Hombres;TOTAL;1507,00000001;
Los Barrios;2012;Demandantes;Mujeres;De 16 a 29 años;426,58333334;
Los Barrios;2012;Demandantes;Mujeres;De 30 a 44 años;812,5;
Los Barrios;2012;Demandantes;Mujeres;De 45 a 64 años;658,25000002;
Los Barrios;2012;Demandantes;Mujeres;TOTAL;1897,33333336;
Los Barrios;2012;Demandantes;Ambos sexos;De 16 a 29 años;825,08333334;
Los Barrios;2012;Demandantes;Ambos sexos;De 30 a 44 años;1402,00000002;
Los Barrios;2012;Demandantes;Ambos sexos;De 45 a 64 años;1177,25000001;
Los Barrios;2012;Demandantes;Ambos sexos;TOTAL;3404,33333337;
Medina Sidonia;2010;Demandantes;Hombres;De 16 a 29 años;281,25000002;
Medina Sidonia;2010;Demandantes;Hombres;De 30 a 44 años;438,83333333;
Medina Sidonia;2010;Demandantes;Hombres;De 45 a 64 años;309,66666665;
Medina Sidonia;2010;Demandantes;Hombres;TOTAL;1029,75;
Medina Sidonia;2010;Demandantes;Mujeres;De 16 a 29 años;249,91666667;
Medina Sidonia;2010;Demandantes;Mujeres;De 30 a 44 años;482,75;
Medina Sidonia;2010;Demandantes;Mujeres;De 45 a 64 años;422,41666667;
Medina Sidonia;2010;Demandantes;Mujeres;TOTAL;1155,08333334;
Medina Sidonia;2010;Demandantes;Ambos sexos;De 16 a 29 años;531,16666669;
Medina Sidonia;2010;Demandantes;Ambos sexos;De 30 a 44 años;921,58333333;
Medina Sidonia;2010;Demandantes;Ambos sexos;De 45 a 64 años;732,08333332;
Medina Sidonia;2010;Demandantes;Ambos sexos;TOTAL;2184,83333334;
Medina Sidonia;2011;Demandantes;Hombres;De 16 a 29 años;270,91666666;
Medina Sidonia;2011;Demandantes;Hombres;De 30 a 44 años;452,83333332;
Medina Sidonia;2011;Demandantes;Hombres;De 45 a 64 años;352,16666666;
Medina Sidonia;2011;Demandantes;Hombres;TOTAL;1075,91666664;
Medina Sidonia;2011;Demandantes;Mujeres;De 16 a 29 años;280,58333334;
Medina Sidonia;2011;Demandantes;Mujeres;De 30 a 44 años;509,66666667;
Medina Sidonia;2011;Demandantes;Mujeres;De 45 a 64 años;433,58333333;
Medina Sidonia;2011;Demandantes;Mujeres;TOTAL;1223,83333334;
Medina Sidonia;2011;Demandantes;Ambos sexos;De 16 a 29 años;551,5;
Medina Sidonia;2011;Demandantes;Ambos sexos;De 30 a 44 años;962,49999999;
Medina Sidonia;2011;Demandantes;Ambos sexos;De 45 a 64 años;785,74999999;
Medina Sidonia;2011;Demandantes;Ambos sexos;TOTAL;2299,74999998;
Medina Sidonia;2012;Demandantes;Hombres;De 16 a 29 años;289,08333333;
Medina Sidonia;2012;Demandantes;Hombres;De 30 a 44 años;509,66666668;
Medina Sidonia;2012;Demandantes;Hombres;De 45 a 64 años;428,00000001;
Medina Sidonia;2012;Demandantes;Hombres;TOTAL;1226,75000002;
Medina Sidonia;2012;Demandantes;Mujeres;De 16 a 29 años;280;
Medina Sidonia;2012;Demandantes;Mujeres;De 30 a 44 años;553,24999999;
Medina Sidonia;2012;Demandantes;Mujeres;De 45 a 64 años;475,33333333;
Medina Sidonia;2012;Demandantes;Mujeres;TOTAL;1308,58333332;
Medina Sidonia;2012;Demandantes;Ambos sexos;De 16 a 29 años;569,08333333;
Medina Sidonia;2012;Demandantes;Ambos sexos;De 30 a 44 años;1062,91666667;
Medina Sidonia;2012;Demandantes;Ambos sexos;De 45 a 64 años;903,33333334;
Medina Sidonia;2012;Demandantes;Ambos sexos;TOTAL;2535,33333334;
Olvera;2010;Demandantes;Hombres;De 16 a 29 años;110,66666665;
Olvera;2010;Demandantes;Hombres;De 30 a 44 años;156,41666667;
Olvera;2010;Demandantes;Hombres;De 45 a 64 años;117,16666666;
Olvera;2010;Demandantes;Hombres;TOTAL;384,24999998;
Olvera;2010;Demandantes;Mujeres;De 16 a 29 años;89,25;
Olvera;2010;Demandantes;Mujeres;De 30 a 44 años;104,41666668;
Olvera;2010;Demandantes;Mujeres;De 45 a 64 años;63,00000001;
Olvera;2010;Demandantes;Mujeres;TOTAL;256,66666669;
Olvera;2010;Demandantes;Ambos sexos;De 16 a 29 años;199,91666665;
Olvera;2010;Demandantes;Ambos sexos;De 30 a 44 años;260,83333335;
Olvera;2010;Demandantes;Ambos sexos;De 45 a 64 años;180,16666667;
Olvera;2010;Demandantes;Ambos sexos;TOTAL;640,91666667;
Olvera;2011;Demandantes;Hombres;De 16 a 29 años;111,49999999;
Olvera;2011;Demandantes;Hombres;De 30 a 44 años;144,33333333;
Olvera;2011;Demandantes;Hombres;De 45 a 64 años;118,16666663;
Olvera;2011;Demandantes;Hombres;TOTAL;373,99999995;
Olvera;2011;Demandantes;Mujeres;De 16 a 29 años;103,33333333;
Olvera;2011;Demandantes;Mujeres;De 30 a 44 años;108,16666667;
Olvera;2011;Demandantes;Mujeres;De 45 a 64 años;59,83333333;
Olvera;2011;Demandantes;Mujeres;TOTAL;271,33333333;
Olvera;2011;Demandantes;Ambos sexos;De 16 a 29 años;214,83333332;
Olvera;2011;Demandantes;Ambos sexos;De 30 a 44 años;252,5;
Olvera;2011;Demandantes;Ambos sexos;De 45 a 64 años;177,99999996;
Olvera;2011;Demandantes;Ambos sexos;TOTAL;645,33333328;
Olvera;2012;Demandantes;Hombres;De 16 a 29 años;107,66666667;
Olvera;2012;Demandantes;Hombres;De 30 a 44 años;155,08333333;
Olvera;2012;Demandantes;Hombres;De 45 a 64 años;146,99999999;
Olvera;2012;Demandantes;Hombres;TOTAL;409,74999999;
Olvera;2012;Demandantes;Mujeres;De 16 a 29 años;123,16666666;
Olvera;2012;Demandantes;Mujeres;De 30 a 44 años;119,50000001;
Olvera;2012;Demandantes;Mujeres;De 45 a 64 años;69,91666667;
Olvera;2012;Demandantes;Mujeres;TOTAL;312,58333334;
Olvera;2012;Demandantes;Ambos sexos;De 16 a 29 años;230,83333333;
Olvera;2012;Demandantes;Ambos sexos;De 30 a 44 años;274,58333334;
Olvera;2012;Demandantes;Ambos sexos;De 45 a 64 años;216,91666666;
Olvera;2012;Demandantes;Ambos sexos;TOTAL;722,33333333;
Paterna de Rivera;2010;Demandantes;Hombres;De 16 a 29 años;168,08333335;
Paterna de Rivera;2010;Demandantes;Hombres;De 30 a 44 años;255,33333333;
Paterna de Rivera;2010;Demandantes;Hombres;De 45 a 64 años;135,83333333;
Paterna de Rivera;2010;Demandantes;Hombres;TOTAL;559,25000001;
Paterna de Rivera;2010;Demandantes;Mujeres;De 16 a 29 años;154,24999999;
Paterna de Rivera;2010;Demandantes;Mujeres;De 30 a 44 años;215,08333331;
Paterna de Rivera;2010;Demandantes;Mujeres;De 45 a 64 años;146,66666669;
Paterna de Rivera;2010;Demandantes;Mujeres;TOTAL;515,99999999;
Paterna de Rivera;2010;Demandantes;Ambos sexos;De 16 a 29 años;322,33333334;
Paterna de Rivera;2010;Demandantes;Ambos sexos;De 30 a 44 años;470,41666664;
Paterna de Rivera;2010;Demandantes;Ambos sexos;De 45 a 64 años;282,50000002;
Paterna de Rivera;2010;Demandantes;Ambos sexos;TOTAL;1075,25;
Paterna de Rivera;2011;Demandantes;Hombres;De 16 a 29 años;185,83333335;
Paterna de Rivera;2011;Demandantes;Hombres;De 30 a 44 años;266,91666667;
Paterna de Rivera;2011;Demandantes;Hombres;De 45 a 64 años;158,41666668;
Paterna de Rivera;2011;Demandantes;Hombres;TOTAL;611,1666667;
Paterna de Rivera;2011;Demandantes;Mujeres;De 16 a 29 años;173;
Paterna de Rivera;2011;Demandantes;Mujeres;De 30 a 44 años;221,16666667;
Paterna de Rivera;2011;Demandantes;Mujeres;De 45 a 64 años;151,33333333;
Paterna de Rivera;2011;Demandantes;Mujeres;TOTAL;545,5;
Paterna de Rivera;2011;Demandantes;Ambos sexos;De 16 a 29 años;358,83333335;
Paterna de Rivera;2011;Demandantes;Ambos sexos;De 30 a 44 años;488,08333334;
Paterna de Rivera;2011;Demandantes;Ambos sexos;De 45 a 64 años;309,75000001;
Paterna de Rivera;2011;Demandantes;Ambos sexos;TOTAL;1156,6666667;
Paterna de Rivera;2012;Demandantes;Hombres;De 16 a 29 años;195,66666666;
Paterna de Rivera;2012;Demandantes;Hombres;De 30 a 44 años;304,16666665;
Paterna de Rivera;2012;Demandantes;Hombres;De 45 a 64 años;191,66666666;
Paterna de Rivera;2012;Demandantes;Hombres;TOTAL;691,49999997;
Paterna de Rivera;2012;Demandantes;Mujeres;De 16 a 29 años;184,50000001;
Paterna de Rivera;2012;Demandantes;Mujeres;De 30 a 44 años;245,5;
Paterna de Rivera;2012;Demandantes;Mujeres;De 45 a 64 años;169,75;
Paterna de Rivera;2012;Demandantes;Mujeres;TOTAL;599,75000001;
Paterna de Rivera;2012;Demandantes;Ambos sexos;De 16 a 29 años;380,16666667;
Paterna de Rivera;2012;Demandantes;Ambos sexos;De 30 a 44 años;549,66666665;
Paterna de Rivera;2012;Demandantes;Ambos sexos;De 45 a 64 años;361,41666666;
Paterna de Rivera;2012;Demandantes;Ambos sexos;TOTAL;1291,24999998;
Prado del Rey;2010;Demandantes;Hombres;De 16 a 29 años;111,91666666;
Prado del Rey;2010;Demandantes;Hombres;De 30 a 44 años;200,75;
Prado del Rey;2010;Demandantes;Hombres;De 45 a 64 años;172,66666668;
Prado del Rey;2010;Demandantes;Hombres;TOTAL;485,33333334;
Prado del Rey;2010;Demandantes;Mujeres;De 16 a 29 años;129,25;
Prado del Rey;2010;Demandantes;Mujeres;De 30 a 44 años;265,58333333;
Prado del Rey;2010;Demandantes;Mujeres;De 45 a 64 años;177,74999998;
Prado del Rey;2010;Demandantes;Mujeres;TOTAL;572,58333331;
Prado del Rey;2010;Demandantes;Ambos sexos;De 16 a 29 años;241,16666666;
Prado del Rey;2010;Demandantes;Ambos sexos;De 30 a 44 años;466,33333333;
Prado del Rey;2010;Demandantes;Ambos sexos;De 45 a 64 años;350,41666666;
Prado del Rey;2010;Demandantes;Ambos sexos;TOTAL;1057,91666665;
Prado del Rey;2011;Demandantes;Hombres;De 16 a 29 años;118,16666667;
Prado del Rey;2011;Demandantes;Hombres;De 30 a 44 años;201,66666666;
Prado del Rey;2011;Demandantes;Hombres;De 45 a 64 años;184,66666668;
Prado del Rey;2011;Demandantes;Hombres;TOTAL;504,50000001;
Prado del Rey;2011;Demandantes;Mujeres;De 16 a 29 años;116,16666665;
Prado del Rey;2011;Demandantes;Mujeres;De 30 a 44 años;244,41666665;
Prado del Rey;2011;Demandantes;Mujeres;De 45 a 64 años;179,83333334;
Prado del Rey;2011;Demandantes;Mujeres;TOTAL;540,41666664;
Prado del Rey;2011;Demandantes;Ambos sexos;De 16 a 29 años;234,33333332;
Prado del Rey;2011;Demandantes;Ambos sexos;De 30 a 44 años;446,08333331;
Prado del Rey;2011;Demandantes;Ambos sexos;De 45 a 64 años;364,50000002;
Prado del Rey;2011;Demandantes;Ambos sexos;TOTAL;1044,91666665;
Prado del Rey;2012;Demandantes;Hombres;De 16 a 29 años;130,33333333;
Prado del Rey;2012;Demandantes;Hombres;De 30 a 44 años;203,08333334;
Prado del Rey;2012;Demandantes;Hombres;De 45 a 64 años;220,66666669;
Prado del Rey;2012;Demandantes;Hombres;TOTAL;554,08333336;
Prado del Rey;2012;Demandantes;Mujeres;De 16 a 29 años;132,08333334;
Prado del Rey;2012;Demandantes;Mujeres;De 30 a 44 años;263,66666667;
Prado del Rey;2012;Demandantes;Mujeres;De 45 a 64 años;205,66666666;
Prado del Rey;2012;Demandantes;Mujeres;TOTAL;601,41666667;
Prado del Rey;2012;Demandantes;Ambos sexos;De 16 a 29 años;262,41666667;
Prado del Rey;2012;Demandantes;Ambos sexos;De 30 a 44 años;466,75000001;
Prado del Rey;2012;Demandantes;Ambos sexos;De 45 a 64 años;426,33333335;
Prado del Rey;2012;Demandantes;Ambos sexos;TOTAL;1155,50000003;
Puerto Real;2010;Demandantes;Hombres;De 16 a 29 años;735,08333331;
Puerto Real;2010;Demandantes;Hombres;De 30 a 44 años;999,16666665;
Puerto Real;2010;Demandantes;Hombres;De 45 a 64 años;630,91666663;
Puerto Real;2010;Demandantes;Hombres;TOTAL;2365,16666659;
Puerto Real;2010;Demandantes;Mujeres;De 16 a 29 años;747,99999998;
Puerto Real;2010;Demandantes;Mujeres;De 30 a 44 años;1337,91666669;
Puerto Real;2010;Demandantes;Mujeres;De 45 a 64 años;1001,74999999;
Puerto Real;2010;Demandantes;Mujeres;TOTAL;3087,66666666;
Puerto Real;2010;Demandantes;Ambos sexos;De 16 a 29 años;1483,08333329;
Puerto Real;2010;Demandantes;Ambos sexos;De 30 a 44 años;2337,08333334;
Puerto Real;2010;Demandantes;Ambos sexos;De 45 a 64 años;1632,66666662;
Puerto Real;2010;Demandantes;Ambos sexos;TOTAL;5452,83333325;
Puerto Real;2011;Demandantes;Hombres;De 16 a 29 años;778,91666665;
Puerto Real;2011;Demandantes;Hombres;De 30 a 44 años;1073,91666667;
Puerto Real;2011;Demandantes;Hombres;De 45 a 64 años;682,83333332;
Puerto Real;2011;Demandantes;Hombres;TOTAL;2535,66666664;
Puerto Real;2011;Demandantes;Mujeres;De 16 a 29 años;828,33333336;
Puerto Real;2011;Demandantes;Mujeres;De 30 a 44 años;1404,66666667;
Puerto Real;2011;Demandantes;Mujeres;De 45 a 64 años;1088,66666667;
Puerto Real;2011;Demandantes;Mujeres;TOTAL;3321,6666667;
Puerto Real;2011;Demandantes;Ambos sexos;De 16 a 29 años;1607,25000001;
Puerto Real;2011;Demandantes;Ambos sexos;De 30 a 44 años;2478,58333334;
Puerto Real;2011;Demandantes;Ambos sexos;De 45 a 64 años;1771,49999999;
Puerto Real;2011;Demandantes;Ambos sexos;TOTAL;5857,33333334;
Puerto Real;2012;Demandantes;Hombres;De 16 a 29 años;889,50000001;
Puerto Real;2012;Demandantes;Hombres;De 30 a 44 años;1291,58333335;
Puerto Real;2012;Demandantes;Hombres;De 45 a 64 años;863,58333337;
Puerto Real;2012;Demandantes;Hombres;TOTAL;3044,66666673;
Puerto Real;2012;Demandantes;Mujeres;De 16 a 29 años;907,58333333;
Puerto Real;2012;Demandantes;Mujeres;De 30 a 44 años;1567,50000001;
Puerto Real;2012;Demandantes;Mujeres;De 45 a 64 años;1216,08333333;
Puerto Real;2012;Demandantes;Mujeres;TOTAL;3691,16666667;
Puerto Real;2012;Demandantes;Ambos sexos;De 16 a 29 años;1797,08333334;
Puerto Real;2012;Demandantes;Ambos sexos;De 30 a 44 años;2859,08333336;
Puerto Real;2012;Demandantes;Ambos sexos;De 45 a 64 años;2079,6666667;
Puerto Real;2012;Demandantes;Ambos sexos;TOTAL;6735,8333334;
Puerto Serrano;2010;Demandantes;Hombres;De 16 a 29 años;128,66666667;
Puerto Serrano;2010;Demandantes;Hombres;De 30 a 44 años;202,58333332;
Puerto Serrano;2010;Demandantes;Hombres;De 45 a 64 años;107,33333332;
Puerto Serrano;2010;Demandantes;Hombres;TOTAL;438,58333331;
Puerto Serrano;2010;Demandantes;Mujeres;De 16 a 29 años;71,41666667;
Puerto Serrano;2010;Demandantes;Mujeres;De 30 a 44 años;65,16666668;
Puerto Serrano;2010;Demandantes;Mujeres;De 45 a 64 años;13,25000001;
Puerto Serrano;2010;Demandantes;Mujeres;TOTAL;149,83333336;
Puerto Serrano;2010;Demandantes;Ambos sexos;De 16 a 29 años;200,08333334;
Puerto Serrano;2010;Demandantes;Ambos sexos;De 30 a 44 años;267,75;
Puerto Serrano;2010;Demandantes;Ambos sexos;De 45 a 64 años;120,58333333;
Puerto Serrano;2010;Demandantes;Ambos sexos;TOTAL;588,41666667;
Puerto Serrano;2011;Demandantes;Hombres;De 16 a 29 años;119,33333332;
Puerto Serrano;2011;Demandantes;Hombres;De 30 a 44 años;187,83333334;
Puerto Serrano;2011;Demandantes;Hombres;De 45 a 64 años;119,33333333;
Puerto Serrano;2011;Demandantes;Hombres;TOTAL;426,49999999;
Puerto Serrano;2011;Demandantes;Mujeres;De 16 a 29 años;88,24999999;
Puerto Serrano;2011;Demandantes;Mujeres;De 30 a 44 años;68,58333334;
Puerto Serrano;2011;Demandantes;Mujeres;De 45 a 64 años;23,33333332;
Puerto Serrano;2011;Demandantes;Mujeres;TOTAL;180,16666665;
Puerto Serrano;2011;Demandantes;Ambos sexos;De 16 a 29 años;207,58333331;
Puerto Serrano;2011;Demandantes;Ambos sexos;De 30 a 44 años;256,41666668;
Puerto Serrano;2011;Demandantes;Ambos sexos;De 45 a 64 años;142,66666665;
Puerto Serrano;2011;Demandantes;Ambos sexos;TOTAL;606,66666664;
Puerto Serrano;2012;Demandantes;Hombres;De 16 a 29 años;123,91666669;
Puerto Serrano;2012;Demandantes;Hombres;De 30 a 44 años;171,41666667;
Puerto Serrano;2012;Demandantes;Hombres;De 45 a 64 años;137,00000001;
Puerto Serrano;2012;Demandantes;Hombres;TOTAL;432,33333337;
Puerto Serrano;2012;Demandantes;Mujeres;De 16 a 29 años;105,58333331;
Puerto Serrano;2012;Demandantes;Mujeres;De 30 a 44 años;73,25;
Puerto Serrano;2012;Demandantes;Mujeres;De 45 a 64 años;31,08333332;
Puerto Serrano;2012;Demandantes;Mujeres;TOTAL;209,91666663;
Puerto Serrano;2012;Demandantes;Ambos sexos;De 16 a 29 años;229,5;
Puerto Serrano;2012;Demandantes;Ambos sexos;De 30 a 44 años;244,66666667;
Puerto Serrano;2012;Demandantes;Ambos sexos;De 45 a 64 años;168,08333333;
Puerto Serrano;2012;Demandantes;Ambos sexos;TOTAL;642,25;
Rota;2010;Demandantes;Hombres;De 16 a 29 años;414,58333333;
Rota;2010;Demandantes;Hombres;De 30 a 44 años;599,66666665;
Rota;2010;Demandantes;Hombres;De 45 a 64 años;526,25000002;
Rota;2010;Demandantes;Hombres;TOTAL;1540,5;
Rota;2010;Demandantes;Mujeres;De 16 a 29 años;404,24999999;
Rota;2010;Demandantes;Mujeres;De 30 a 44 años;782,83333333;
Rota;2010;Demandantes;Mujeres;De 45 a 64 años;654,50000001;
Rota;2010;Demandantes;Mujeres;TOTAL;1841,58333333;
Rota;2010;Demandantes;Ambos sexos;De 16 a 29 años;818,83333332;
Rota;2010;Demandantes;Ambos sexos;De 30 a 44 años;1382,49999998;
Rota;2010;Demandantes;Ambos sexos;De 45 a 64 años;1180,75000003;
Rota;2010;Demandantes;Ambos sexos;TOTAL;3382,08333333;
Rota;2011;Demandantes;Hombres;De 16 a 29 años;431,00000002;
Rota;2011;Demandantes;Hombres;De 30 a 44 años;599,08333334;
Rota;2011;Demandantes;Hombres;De 45 a 64 años;556,33333333;
Rota;2011;Demandantes;Hombres;TOTAL;1586,41666669;
Rota;2011;Demandantes;Mujeres;De 16 a 29 años;457,41666669;
Rota;2011;Demandantes;Mujeres;De 30 a 44 años;838,91666667;
Rota;2011;Demandantes;Mujeres;De 45 a 64 años;698;
Rota;2011;Demandantes;Mujeres;TOTAL;1994,33333336;
Rota;2011;Demandantes;Ambos sexos;De 16 a 29 años;888,41666671;
Rota;2011;Demandantes;Ambos sexos;De 30 a 44 años;1438,00000001;
Rota;2011;Demandantes;Ambos sexos;De 45 a 64 años;1254,33333333;
Rota;2011;Demandantes;Ambos sexos;TOTAL;3580,75000005;
Rota;2012;Demandantes;Hombres;De 16 a 29 años;498,00000001;
Rota;2012;Demandantes;Hombres;De 30 a 44 años;689,00000001;
Rota;2012;Demandantes;Hombres;De 45 a 64 años;664,83333333;
Rota;2012;Demandantes;Hombres;TOTAL;1851,83333335;
Rota;2012;Demandantes;Mujeres;De 16 a 29 años;552,08333335;
Rota;2012;Demandantes;Mujeres;De 30 a 44 años;909,75;
Rota;2012;Demandantes;Mujeres;De 45 a 64 años;760,74999999;
Rota;2012;Demandantes;Mujeres;TOTAL;2222,58333334;
Rota;2012;Demandantes;Ambos sexos;De 16 a 29 años;1050,08333336;
Rota;2012;Demandantes;Ambos sexos;De 30 a 44 años;1598,75000001;
Rota;2012;Demandantes;Ambos sexos;De 45 a 64 años;1425,58333332;
Rota;2012;Demandantes;Ambos sexos;TOTAL;4074,41666669;
San Fernando;2010;Demandantes;Hombres;De 16 a 29 años;1292,75000002;
San Fernando;2010;Demandantes;Hombres;De 30 a 44 años;1882,75000002;
San Fernando;2010;Demandantes;Hombres;De 45 a 64 años;1521,91666667;
San Fernando;2010;Demandantes;Hombres;TOTAL;4697,41666671;
San Fernando;2010;Demandantes;Mujeres;De 16 a 29 años;1336,08333332;
San Fernando;2010;Demandantes;Mujeres;De 30 a 44 años;2685,75;
San Fernando;2010;Demandantes;Mujeres;De 45 a 64 años;2680,4166667;
San Fernando;2010;Demandantes;Mujeres;TOTAL;6702,25000002;
San Fernando;2010;Demandantes;Ambos sexos;De 16 a 29 años;2628,83333334;
San Fernando;2010;Demandantes;Ambos sexos;De 30 a 44 años;4568,50000002;
San Fernando;2010;Demandantes;Ambos sexos;De 45 a 64 años;4202,33333337;
San Fernando;2010;Demandantes;Ambos sexos;TOTAL;11399,66666673;
San Fernando;2011;Demandantes;Hombres;De 16 a 29 años;1416,83333333;
San Fernando;2011;Demandantes;Hombres;De 30 a 44 años;2009,58333329;
San Fernando;2011;Demandantes;Hombres;De 45 a 64 años;1739,49999999;
San Fernando;2011;Demandantes;Hombres;TOTAL;5165,91666661;
San Fernando;2011;Demandantes;Mujeres;De 16 a 29 años;1434,58333334;
San Fernando;2011;Demandantes;Mujeres;De 30 a 44 años;2837,08333332;
San Fernando;2011;Demandantes;Mujeres;De 45 a 64 años;2863,74999999;
San Fernando;2011;Demandantes;Mujeres;TOTAL;7135,41666665;
San Fernando;2011;Demandantes;Ambos sexos;De 16 a 29 años;2851,41666667;
San Fernando;2011;Demandantes;Ambos sexos;De 30 a 44 años;4846,66666661;
San Fernando;2011;Demandantes;Ambos sexos;De 45 a 64 años;4603,24999998;
San Fernando;2011;Demandantes;Ambos sexos;TOTAL;12301,33333326;
San Fernando;2012;Demandantes;Hombres;De 16 a 29 años;1541,91666667;
San Fernando;2012;Demandantes;Hombres;De 30 a 44 años;2273,00000002;
San Fernando;2012;Demandantes;Hombres;De 45 a 64 años;2013,08333331;
San Fernando;2012;Demandantes;Hombres;TOTAL;5828;
San Fernando;2012;Demandantes;Mujeres;De 16 a 29 años;1665,75;
San Fernando;2012;Demandantes;Mujeres;De 30 a 44 años;3084,41666666;
San Fernando;2012;Demandantes;Mujeres;De 45 a 64 años;3103,91666668;
San Fernando;2012;Demandantes;Mujeres;TOTAL;7854,08333334;
San Fernando;2012;Demandantes;Ambos sexos;De 16 a 29 años;3207,66666667;
San Fernando;2012;Demandantes;Ambos sexos;De 30 a 44 años;5357,41666668;
San Fernando;2012;Demandantes;Ambos sexos;De 45 a 64 años;5116,99999999;
San Fernando;2012;Demandantes;Ambos sexos;TOTAL;13682,08333334;
San José del Valle;2010;Demandantes;Hombres;De 16 a 29 años;89,66666667;
San José del Valle;2010;Demandantes;Hombres;De 30 a 44 años;130,83333332;
San José del Valle;2010;Demandantes;Hombres;De 45 a 64 años;97,91666667;
San José del Valle;2010;Demandantes;Hombres;TOTAL;318,41666666;
San José del Valle;2010;Demandantes;Mujeres;De 16 a 29 años;70,91666668;
San José del Valle;2010;Demandantes;Mujeres;De 30 a 44 años;92,58333332;
San José del Valle;2010;Demandantes;Mujeres;De 45 a 64 años;71,66666667;
San José del Valle;2010;Demandantes;Mujeres;TOTAL;235,16666667;
San José del Valle;2010;Demandantes;Ambos sexos;De 16 a 29 años;160,58333335;
San José del Valle;2010;Demandantes;Ambos sexos;De 30 a 44 años;223,41666664;
San José del Valle;2010;Demandantes;Ambos sexos;De 45 a 64 años;169,58333334;
San José del Valle;2010;Demandantes;Ambos sexos;TOTAL;553,58333333;
San José del Valle;2011;Demandantes;Hombres;De 16 a 29 años;96,66666667;
San José del Valle;2011;Demandantes;Hombres;De 30 a 44 años;150,33333333;
San José del Valle;2011;Demandantes;Hombres;De 45 a 64 años;108,25;
San José del Valle;2011;Demandantes;Hombres;TOTAL;355,25;
San José del Valle;2011;Demandantes;Mujeres;De 16 a 29 años;77,5;
San José del Valle;2011;Demandantes;Mujeres;De 30 a 44 años;103,99999999;
San José del Valle;2011;Demandantes;Mujeres;De 45 a 64 años;76,99999998;
San José del Valle;2011;Demandantes;Mujeres;TOTAL;258,49999997;
San José del Valle;2011;Demandantes;Ambos sexos;De 16 a 29 años;174,16666667;
San José del Valle;2011;Demandantes;Ambos sexos;De 30 a 44 años;254,33333332;
San José del Valle;2011;Demandantes;Ambos sexos;De 45 a 64 años;185,24999998;
San José del Valle;2011;Demandantes;Ambos sexos;TOTAL;613,74999997;
San José del Valle;2012;Demandantes;Hombres;De 16 a 29 años;116,91666666;
San José del Valle;2012;Demandantes;Hombres;De 30 a 44 años;173,25;
San José del Valle;2012;Demandantes;Hombres;De 45 a 64 años;133,16666667;
San José del Valle;2012;Demandantes;Hombres;TOTAL;423,33333333;
San José del Valle;2012;Demandantes;Mujeres;De 16 a 29 años;109,25;
San José del Valle;2012;Demandantes;Mujeres;De 30 a 44 años;110,08333334;
San José del Valle;2012;Demandantes;Mujeres;De 45 a 64 años;89,16666668;
San José del Valle;2012;Demandantes;Mujeres;TOTAL;308,50000002;
San José del Valle;2012;Demandantes;Ambos sexos;De 16 a 29 años;226,16666666;
San José del Valle;2012;Demandantes;Ambos sexos;De 30 a 44 años;283,33333334;
San José del Valle;2012;Demandantes;Ambos sexos;De 45 a 64 años;222,33333335;
San José del Valle;2012;Demandantes;Ambos sexos;TOTAL;731,83333335;
San Roque;2010;Demandantes;Hombres;De 16 a 29 años;509,49999998;
San Roque;2010;Demandantes;Hombres;De 30 a 44 años;765,74999997;
San Roque;2010;Demandantes;Hombres;De 45 a 64 años;576,58333334;
San Roque;2010;Demandantes;Hombres;TOTAL;1851,83333329;
San Roque;2010;Demandantes;Mujeres;De 16 a 29 años;424,75;
San Roque;2010;Demandantes;Mujeres;De 30 a 44 años;805,16666667;
San Roque;2010;Demandantes;Mujeres;De 45 a 64 años;732,16666668;
San Roque;2010;Demandantes;Mujeres;TOTAL;1962,08333335;
San Roque;2010;Demandantes;Ambos sexos;De 16 a 29 años;934,24999998;
San Roque;2010;Demandantes;Ambos sexos;De 30 a 44 años;1570,91666664;
San Roque;2010;Demandantes;Ambos sexos;De 45 a 64 años;1308,75000002;
San Roque;2010;Demandantes;Ambos sexos;TOTAL;3813,91666664;
San Roque;2011;Demandantes;Hombres;De 16 a 29 años;522,16666668;
San Roque;2011;Demandantes;Hombres;De 30 a 44 años;770,66666666;
San Roque;2011;Demandantes;Hombres;De 45 a 64 años;625,33333333;
San Roque;2011;Demandantes;Hombres;TOTAL;1918,16666667;
San Roque;2011;Demandantes;Mujeres;De 16 a 29 años;462,91666665;
San Roque;2011;Demandantes;Mujeres;De 30 a 44 años;860,74999999;
San Roque;2011;Demandantes;Mujeres;De 45 a 64 años;772,41666667;
San Roque;2011;Demandantes;Mujeres;TOTAL;2096,08333331;
San Roque;2011;Demandantes;Ambos sexos;De 16 a 29 años;985,08333333;
San Roque;2011;Demandantes;Ambos sexos;De 30 a 44 años;1631,41666665;
San Roque;2011;Demandantes;Ambos sexos;De 45 a 64 años;1397,75;
San Roque;2011;Demandantes;Ambos sexos;TOTAL;4014,24999998;
San Roque;2012;Demandantes;Hombres;De 16 a 29 años;559,58333333;
San Roque;2012;Demandantes;Hombres;De 30 a 44 años;860,33333333;
San Roque;2012;Demandantes;Hombres;De 45 a 64 años;775,66666666;
San Roque;2012;Demandantes;Hombres;TOTAL;2195,58333332;
San Roque;2012;Demandantes;Mujeres;De 16 a 29 años;537,16666667;
San Roque;2012;Demandantes;Mujeres;De 30 a 44 años;929,25;
San Roque;2012;Demandantes;Mujeres;De 45 a 64 años;875,24999999;
San Roque;2012;Demandantes;Mujeres;TOTAL;2341,66666666;
San Roque;2012;Demandantes;Ambos sexos;De 16 a 29 años;1096,75;
San Roque;2012;Demandantes;Ambos sexos;De 30 a 44 años;1789,58333333;
San Roque;2012;Demandantes;Ambos sexos;De 45 a 64 años;1650,91666665;
San Roque;2012;Demandantes;Ambos sexos;TOTAL;4537,24999998;
Sanlúcar de Barrameda;2010;Demandantes;Hombres;De 16 a 29 años;1612,24999999;
Sanlúcar de Barrameda;2010;Demandantes;Hombres;De 30 a 44 años;2037,66666667;
Sanlúcar de Barrameda;2010;Demandantes;Hombres;De 45 a 64 años;1724,33333335;
Sanlúcar de Barrameda;2010;Demandantes;Hombres;TOTAL;5374,25000001;
Sanlúcar de Barrameda;2010;Demandantes;Mujeres;De 16 a 29 años;1154,41666667;
Sanlúcar de Barrameda;2010;Demandantes;Mujeres;De 30 a 44 años;1716,16666668;
Sanlúcar de Barrameda;2010;Demandantes;Mujeres;De 45 a 64 años;2361,33333333;
Sanlúcar de Barrameda;2010;Demandantes;Mujeres;TOTAL;5231,91666668;
Sanlúcar de Barrameda;2010;Demandantes;Ambos sexos;De 16 a 29 años;2766,66666666;
Sanlúcar de Barrameda;2010;Demandantes;Ambos sexos;De 30 a 44 años;3753,83333335;
Sanlúcar de Barrameda;2010;Demandantes;Ambos sexos;De 45 a 64 años;4085,66666668;
Sanlúcar de Barrameda;2010;Demandantes;Ambos sexos;TOTAL;10606,16666669;
Sanlúcar de Barrameda;2011;Demandantes;Hombres;De 16 a 29 años;1617,83333332;
Sanlúcar de Barrameda;2011;Demandantes;Hombres;De 30 a 44 años;2077,16666667;
Sanlúcar de Barrameda;2011;Demandantes;Hombres;De 45 a 64 años;1873,83333332;
Sanlúcar de Barrameda;2011;Demandantes;Hombres;TOTAL;5568,83333331;
Sanlúcar de Barrameda;2011;Demandantes;Mujeres;De 16 a 29 años;1297,74999998;
Sanlúcar de Barrameda;2011;Demandantes;Mujeres;De 30 a 44 años;1825,66666667;
Sanlúcar de Barrameda;2011;Demandantes;Mujeres;De 45 a 64 años;2474,16666663;
Sanlúcar de Barrameda;2011;Demandantes;Mujeres;TOTAL;5597,58333328;
Sanlúcar de Barrameda;2011;Demandantes;Ambos sexos;De 16 a 29 años;2915,5833333;
Sanlúcar de Barrameda;2011;Demandantes;Ambos sexos;De 30 a 44 años;3902,83333334;
Sanlúcar de Barrameda;2011;Demandantes;Ambos sexos;De 45 a 64 años;4347,99999995;
Sanlúcar de Barrameda;2011;Demandantes;Ambos sexos;TOTAL;11166,41666659;
Sanlúcar de Barrameda;2012;Demandantes;Hombres;De 16 a 29 años;1604,41666667;
Sanlúcar de Barrameda;2012;Demandantes;Hombres;De 30 a 44 años;2253,08333335;
Sanlúcar de Barrameda;2012;Demandantes;Hombres;De 45 a 64 años;2162,41666667;
Sanlúcar de Barrameda;2012;Demandantes;Hombres;TOTAL;6019,91666669;
Sanlúcar de Barrameda;2012;Demandantes;Mujeres;De 16 a 29 años;1356,33333331;
Sanlúcar de Barrameda;2012;Demandantes;Mujeres;De 30 a 44 años;1988,08333337;
Sanlúcar de Barrameda;2012;Demandantes;Mujeres;De 45 a 64 años;2625,58333333;
Sanlúcar de Barrameda;2012;Demandantes;Mujeres;TOTAL;5970,00000001;
Sanlúcar de Barrameda;2012;Demandantes;Ambos sexos;De 16 a 29 años;2960,74999998;
Sanlúcar de Barrameda;2012;Demandantes;Ambos sexos;De 30 a 44 años;4241,16666672;
Sanlúcar de Barrameda;2012;Demandantes;Ambos sexos;De 45 a 64 años;4788;
Sanlúcar de Barrameda;2012;Demandantes;Ambos sexos;TOTAL;11989,9166667;
Setenil de las Bodegas;2010;Demandantes;Hombres;De 16 a 29 años;45,24999999;
Setenil de las Bodegas;2010;Demandantes;Hombres;De 30 a 44 años;85,24999999;
Setenil de las Bodegas;2010;Demandantes;Hombres;De 45 a 64 años;67,16666667;
Setenil de las Bodegas;2010;Demandantes;Hombres;TOTAL;197,66666665;
Setenil de las Bodegas;2010;Demandantes;Mujeres;De 16 a 29 años;33,08333334;
Setenil de las Bodegas;2010;Demandantes;Mujeres;De 30 a 44 años;38,75;
Setenil de las Bodegas;2010;Demandantes;Mujeres;De 45 a 64 años;13,91666667;
Setenil de las Bodegas;2010;Demandantes;Mujeres;TOTAL;85,75000001;
Setenil de las Bodegas;2010;Demandantes;Ambos sexos;De 16 a 29 años;78,33333333;
Setenil de las Bodegas;2010;Demandantes;Ambos sexos;De 30 a 44 años;123,99999999;
Setenil de las Bodegas;2010;Demandantes;Ambos sexos;De 45 a 64 años;81,08333334;
Setenil de las Bodegas;2010;Demandantes;Ambos sexos;TOTAL;283,41666666;
Setenil de las Bodegas;2011;Demandantes;Hombres;De 16 a 29 años;39,33333332;
Setenil de las Bodegas;2011;Demandantes;Hombres;De 30 a 44 años;72,83333331;
Setenil de las Bodegas;2011;Demandantes;Hombres;De 45 a 64 años;66,75;
Setenil de las Bodegas;2011;Demandantes;Hombres;TOTAL;178,91666663;
Setenil de las Bodegas;2011;Demandantes;Mujeres;De 16 a 29 años;33,91666667;
Setenil de las Bodegas;2011;Demandantes;Mujeres;De 30 a 44 años;37,99999999;
Setenil de las Bodegas;2011;Demandantes;Mujeres;De 45 a 64 años;11,83333332;
Setenil de las Bodegas;2011;Demandantes;Mujeres;TOTAL;83,74999998;
Setenil de las Bodegas;2011;Demandantes;Ambos sexos;De 16 a 29 años;73,24999999;
Setenil de las Bodegas;2011;Demandantes;Ambos sexos;De 30 a 44 años;110,8333333;
Setenil de las Bodegas;2011;Demandantes;Ambos sexos;De 45 a 64 años;78,58333332;
Setenil de las Bodegas;2011;Demandantes;Ambos sexos;TOTAL;262,66666661;
Setenil de las Bodegas;2012;Demandantes;Hombres;De 16 a 29 años;39;
Setenil de las Bodegas;2012;Demandantes;Hombres;De 30 a 44 años;76,75;
Setenil de las Bodegas;2012;Demandantes;Hombres;De 45 a 64 años;81,49999999;
Setenil de las Bodegas;2012;Demandantes;Hombres;TOTAL;197,24999999;
Setenil de las Bodegas;2012;Demandantes;Mujeres;De 16 a 29 años;47,91666667;
Setenil de las Bodegas;2012;Demandantes;Mujeres;De 30 a 44 años;45,83333334;
Setenil de las Bodegas;2012;Demandantes;Mujeres;De 45 a 64 años;15,08333334;
Setenil de las Bodegas;2012;Demandantes;Mujeres;TOTAL;108,83333335;
Setenil de las Bodegas;2012;Demandantes;Ambos sexos;De 16 a 29 años;86,91666667;
Setenil de las Bodegas;2012;Demandantes;Ambos sexos;De 30 a 44 años;122,58333334;
Setenil de las Bodegas;2012;Demandantes;Ambos sexos;De 45 a 64 años;96,58333333;
Setenil de las Bodegas;2012;Demandantes;Ambos sexos;TOTAL;306,08333334;
Tarifa;2010;Demandantes;Hombres;De 16 a 29 años;293,83333332;
Tarifa;2010;Demandantes;Hombres;De 30 a 44 años;401,33333334;
Tarifa;2010;Demandantes;Hombres;De 45 a 64 años;315,33333332;
Tarifa;2010;Demandantes;Hombres;TOTAL;1010,49999998;
Tarifa;2010;Demandantes;Mujeres;De 16 a 29 años;310;
Tarifa;2010;Demandantes;Mujeres;De 30 a 44 años;570,25000001;
Tarifa;2010;Demandantes;Mujeres;De 45 a 64 años;470,25000002;
Tarifa;2010;Demandantes;Mujeres;TOTAL;1350,50000003;
Tarifa;2010;Demandantes;Ambos sexos;De 16 a 29 años;603,83333332;
Tarifa;2010;Demandantes;Ambos sexos;De 30 a 44 años;971,58333335;
Tarifa;2010;Demandantes;Ambos sexos;De 45 a 64 años;785,58333334;
Tarifa;2010;Demandantes;Ambos sexos;TOTAL;2361,00000001;
Tarifa;2011;Demandantes;Hombres;De 16 a 29 años;284,33333332;
Tarifa;2011;Demandantes;Hombres;De 30 a 44 años;391,25000002;
Tarifa;2011;Demandantes;Hombres;De 45 a 64 años;311,08333334;
Tarifa;2011;Demandantes;Hombres;TOTAL;986,66666668;
Tarifa;2011;Demandantes;Mujeres;De 16 a 29 años;307,41666664;
Tarifa;2011;Demandantes;Mujeres;De 30 a 44 años;588,16666665;
Tarifa;2011;Demandantes;Mujeres;De 45 a 64 años;489;
Tarifa;2011;Demandantes;Mujeres;TOTAL;1384,58333329;
Tarifa;2011;Demandantes;Ambos sexos;De 16 a 29 años;591,74999996;
Tarifa;2011;Demandantes;Ambos sexos;De 30 a 44 años;979,41666667;
Tarifa;2011;Demandantes;Ambos sexos;De 45 a 64 años;800,08333334;
Tarifa;2011;Demandantes;Ambos sexos;TOTAL;2371,24999997;
Tarifa;2012;Demandantes;Hombres;De 16 a 29 años;303,83333332;
Tarifa;2012;Demandantes;Hombres;De 30 a 44 años;416,83333333;
Tarifa;2012;Demandantes;Hombres;De 45 a 64 años;349,66666668;
Tarifa;2012;Demandantes;Hombres;TOTAL;1070,33333333;
Tarifa;2012;Demandantes;Mujeres;De 16 a 29 años;333,41666667;
Tarifa;2012;Demandantes;Mujeres;De 30 a 44 años;604,33333331;
Tarifa;2012;Demandantes;Mujeres;De 45 a 64 años;521,58333334;
Tarifa;2012;Demandantes;Mujeres;TOTAL;1459,33333332;
Tarifa;2012;Demandantes;Ambos sexos;De 16 a 29 años;637,24999999;
Tarifa;2012;Demandantes;Ambos sexos;De 30 a 44 años;1021,16666664;
Tarifa;2012;Demandantes;Ambos sexos;De 45 a 64 años;871,25000002;
Tarifa;2012;Demandantes;Ambos sexos;TOTAL;2529,66666665;
Torre Alháquime;2010;Demandantes;Hombres;De 16 a 29 años;11,16666665;
Torre Alháquime;2010;Demandantes;Hombres;De 30 a 44 años;16,58333333;
Torre Alháquime;2010;Demandantes;Hombres;De 45 a 64 años;11,83333333;
Torre Alháquime;2010;Demandantes;Hombres;TOTAL;39,58333331;
Torre Alháquime;2010;Demandantes;Mujeres;De 16 a 29 años;10;
Torre Alháquime;2010;Demandantes;Mujeres;De 30 a 44 años;1,66666666;
Torre Alháquime;2010;Demandantes;Mujeres;De 45 a 64 años;1,16666667;
Torre Alháquime;2010;Demandantes;Mujeres;TOTAL;12,83333333;
Torre Alháquime;2010;Demandantes;Ambos sexos;De 16 a 29 años;21,16666665;
Torre Alháquime;2010;Demandantes;Ambos sexos;De 30 a 44 años;18,24999999;
Torre Alháquime;2010;Demandantes;Ambos sexos;De 45 a 64 años;13;
Torre Alháquime;2010;Demandantes;Ambos sexos;TOTAL;52,41666664;
Torre Alháquime;2011;Demandantes;Hombres;De 16 a 29 años;9,58333333;
Torre Alháquime;2011;Demandantes;Hombres;De 30 a 44 años;16,83333334;
Torre Alháquime;2011;Demandantes;Hombres;De 45 a 64 años;10,66666667;
Torre Alháquime;2011;Demandantes;Hombres;TOTAL;37,08333334;
Torre Alháquime;2011;Demandantes;Mujeres;De 16 a 29 años;10,33333334;
Torre Alháquime;2011;Demandantes;Mujeres;De 30 a 44 años;4,83333334;
Torre Alháquime;2011;Demandantes;Mujeres;De 45 a 64 años;1,75;
Torre Alháquime;2011;Demandantes;Mujeres;TOTAL;16,91666668;
Torre Alháquime;2011;Demandantes;Ambos sexos;De 16 a 29 años;19,91666667;
Torre Alháquime;2011;Demandantes;Ambos sexos;De 30 a 44 años;21,66666668;
Torre Alháquime;2011;Demandantes;Ambos sexos;De 45 a 64 años;12,41666667;
Torre Alháquime;2011;Demandantes;Ambos sexos;TOTAL;54,00000002;
Torre Alháquime;2012;Demandantes;Hombres;De 16 a 29 años;9,16666666;
Torre Alháquime;2012;Demandantes;Hombres;De 30 a 44 años;20,41666667;
Torre Alháquime;2012;Demandantes;Hombres;De 45 a 64 años;13,08333333;
Torre Alháquime;2012;Demandantes;Hombres;TOTAL;42,66666666;
Torre Alháquime;2012;Demandantes;Mujeres;De 16 a 29 años;8,08333334;
Torre Alháquime;2012;Demandantes;Mujeres;De 30 a 44 años;7,33333334;
Torre Alháquime;2012;Demandantes;Mujeres;De 45 a 64 años;2,83333333;
Torre Alháquime;2012;Demandantes;Mujeres;TOTAL;18,25000001;
Torre Alháquime;2012;Demandantes;Ambos sexos;De 16 a 29 años;17,25;
Torre Alháquime;2012;Demandantes;Ambos sexos;De 30 a 44 años;27,75000001;
Torre Alháquime;2012;Demandantes;Ambos sexos;De 45 a 64 años;15,91666666;
Torre Alháquime;2012;Demandantes;Ambos sexos;TOTAL;60,91666667;
Trebujena;2010;Demandantes;Hombres;De 16 a 29 años;152,16666665;
Trebujena;2010;Demandantes;Hombres;De 30 a 44 años;196,50000001;
Trebujena;2010;Demandantes;Hombres;De 45 a 64 años;142,08333334;
Trebujena;2010;Demandantes;Hombres;TOTAL;490,75;
Trebujena;2010;Demandantes;Mujeres;De 16 a 29 años;106,41666667;
Trebujena;2010;Demandantes;Mujeres;De 30 a 44 años;137,74999999;
Trebujena;2010;Demandantes;Mujeres;De 45 a 64 años;81,83333335;
Trebujena;2010;Demandantes;Mujeres;TOTAL;326,00000001;
Trebujena;2010;Demandantes;Ambos sexos;De 16 a 29 años;258,58333332;
Trebujena;2010;Demandantes;Ambos sexos;De 30 a 44 años;334,25;
Trebujena;2010;Demandantes;Ambos sexos;De 45 a 64 años;223,91666669;
Trebujena;2010;Demandantes;Ambos sexos;TOTAL;816,75000001;
Trebujena;2011;Demandantes;Hombres;De 16 a 29 años;163,5;
Trebujena;2011;Demandantes;Hombres;De 30 a 44 años;207,91666666;
Trebujena;2011;Demandantes;Hombres;De 45 a 64 años;155,75;
Trebujena;2011;Demandantes;Hombres;TOTAL;527,16666666;
Trebujena;2011;Demandantes;Mujeres;De 16 a 29 años;144,24999998;
Trebujena;2011;Demandantes;Mujeres;De 30 a 44 años;159,75000003;
Trebujena;2011;Demandantes;Mujeres;De 45 a 64 años;87,41666667;
Trebujena;2011;Demandantes;Mujeres;TOTAL;391,41666668;
Trebujena;2011;Demandantes;Ambos sexos;De 16 a 29 años;307,74999998;
Trebujena;2011;Demandantes;Ambos sexos;De 30 a 44 años;367,66666669;
Trebujena;2011;Demandantes;Ambos sexos;De 45 a 64 años;243,16666667;
Trebujena;2011;Demandantes;Ambos sexos;TOTAL;918,58333334;
Trebujena;2012;Demandantes;Hombres;De 16 a 29 años;166,16666668;
Trebujena;2012;Demandantes;Hombres;De 30 a 44 años;252,08333334;
Trebujena;2012;Demandantes;Hombres;De 45 a 64 años;195,83333333;
Trebujena;2012;Demandantes;Hombres;TOTAL;614,08333335;
Trebujena;2012;Demandantes;Mujeres;De 16 a 29 años;144,08333332;
Trebujena;2012;Demandantes;Mujeres;De 30 a 44 años;208,41666668;
Trebujena;2012;Demandantes;Mujeres;De 45 a 64 años;94,66666666;
Trebujena;2012;Demandantes;Mujeres;TOTAL;447,16666666;
Trebujena;2012;Demandantes;Ambos sexos;De 16 a 29 años;310,25;
Trebujena;2012;Demandantes;Ambos sexos;De 30 a 44 años;460,50000002;
Trebujena;2012;Demandantes;Ambos sexos;De 45 a 64 años;290,49999999;
Trebujena;2012;Demandantes;Ambos sexos;TOTAL;1061,25000001;
Ubrique;2010;Demandantes;Hombres;De 16 a 29 años;289,74999998;
Ubrique;2010;Demandantes;Hombres;De 30 a 44 años;575,08333331;
Ubrique;2010;Demandantes;Hombres;De 45 a 64 años;617,24999999;
Ubrique;2010;Demandantes;Hombres;TOTAL;1482,08333328;
Ubrique;2010;Demandantes;Mujeres;De 16 a 29 años;269,08333336;
Ubrique;2010;Demandantes;Mujeres;De 30 a 44 años;738,16666666;
Ubrique;2010;Demandantes;Mujeres;De 45 a 64 años;918,91666666;
Ubrique;2010;Demandantes;Mujeres;TOTAL;1926,16666668;
Ubrique;2010;Demandantes;Ambos sexos;De 16 a 29 años;558,83333334;
Ubrique;2010;Demandantes;Ambos sexos;De 30 a 44 años;1313,24999997;
Ubrique;2010;Demandantes;Ambos sexos;De 45 a 64 años;1536,16666665;
Ubrique;2010;Demandantes;Ambos sexos;TOTAL;3408,24999996;
Ubrique;2011;Demandantes;Hombres;De 16 a 29 años;262,25000001;
Ubrique;2011;Demandantes;Hombres;De 30 a 44 años;430,6666667;
Ubrique;2011;Demandantes;Hombres;De 45 a 64 años;517,66666664;
Ubrique;2011;Demandantes;Hombres;TOTAL;1210,58333335;
Ubrique;2011;Demandantes;Mujeres;De 16 a 29 años;223,25000001;
Ubrique;2011;Demandantes;Mujeres;De 30 a 44 años;626,25;
Ubrique;2011;Demandantes;Mujeres;De 45 a 64 años;861,58333334;
Ubrique;2011;Demandantes;Mujeres;TOTAL;1711,08333335;
Ubrique;2011;Demandantes;Ambos sexos;De 16 a 29 años;485,50000002;
Ubrique;2011;Demandantes;Ambos sexos;De 30 a 44 años;1056,9166667;
Ubrique;2011;Demandantes;Ambos sexos;De 45 a 64 años;1379,24999998;
Ubrique;2011;Demandantes;Ambos sexos;TOTAL;2921,6666667;
Ubrique;2012;Demandantes;Hombres;De 16 a 29 años;285,83333333;
Ubrique;2012;Demandantes;Hombres;De 30 a 44 años;462,66666666;
Ubrique;2012;Demandantes;Hombres;De 45 a 64 años;546,41666668;
Ubrique;2012;Demandantes;Hombres;TOTAL;1294,91666667;
Ubrique;2012;Demandantes;Mujeres;De 16 a 29 años;227,5;
Ubrique;2012;Demandantes;Mujeres;De 30 a 44 años;624,33333332;
Ubrique;2012;Demandantes;Mujeres;De 45 a 64 años;889,91666666;
Ubrique;2012;Demandantes;Mujeres;TOTAL;1741,74999998;
Ubrique;2012;Demandantes;Ambos sexos;De 16 a 29 años;513,33333333;
Ubrique;2012;Demandantes;Ambos sexos;De 30 a 44 años;1086,99999998;
Ubrique;2012;Demandantes;Ambos sexos;De 45 a 64 años;1436,33333334;
Ubrique;2012;Demandantes;Ambos sexos;TOTAL;3036,66666665;
Vejer de la Frontera;2010;Demandantes;Hombres;De 16 a 29 años;283;
Vejer de la Frontera;2010;Demandantes;Hombres;De 30 a 44 años;432,50000001;
Vejer de la Frontera;2010;Demandantes;Hombres;De 45 a 64 años;367,58333333;
Vejer de la Frontera;2010;Demandantes;Hombres;TOTAL;1083,08333334;
Vejer de la Frontera;2010;Demandantes;Mujeres;De 16 a 29 años;243;
Vejer de la Frontera;2010;Demandantes;Mujeres;De 30 a 44 años;503,58333336;
Vejer de la Frontera;2010;Demandantes;Mujeres;De 45 a 64 años;510,50000001;
Vejer de la Frontera;2010;Demandantes;Mujeres;TOTAL;1257,08333337;
Vejer de la Frontera;2010;Demandantes;Ambos sexos;De 16 a 29 años;526;
Vejer de la Frontera;2010;Demandantes;Ambos sexos;De 30 a 44 años;936,08333337;
Vejer de la Frontera;2010;Demandantes;Ambos sexos;De 45 a 64 años;878,08333334;
Vejer de la Frontera;2010;Demandantes;Ambos sexos;TOTAL;2340,16666671;
Vejer de la Frontera;2011;Demandantes;Hombres;De 16 a 29 años;309,16666668;
Vejer de la Frontera;2011;Demandantes;Hombres;De 30 a 44 años;453,49999999;
Vejer de la Frontera;2011;Demandantes;Hombres;De 45 a 64 años;398,58333334;
Vejer de la Frontera;2011;Demandantes;Hombres;TOTAL;1161,25000001;
Vejer de la Frontera;2011;Demandantes;Mujeres;De 16 a 29 años;241,25000002;
Vejer de la Frontera;2011;Demandantes;Mujeres;De 30 a 44 años;509,33333337;
Vejer de la Frontera;2011;Demandantes;Mujeres;De 45 a 64 años;517,91666667;
Vejer de la Frontera;2011;Demandantes;Mujeres;TOTAL;1268,50000006;
Vejer de la Frontera;2011;Demandantes;Ambos sexos;De 16 a 29 años;550,4166667;
Vejer de la Frontera;2011;Demandantes;Ambos sexos;De 30 a 44 años;962,83333336;
Vejer de la Frontera;2011;Demandantes;Ambos sexos;De 45 a 64 años;916,50000001;
Vejer de la Frontera;2011;Demandantes;Ambos sexos;TOTAL;2429,75000007;
Vejer de la Frontera;2012;Demandantes;Hombres;De 16 a 29 años;320,66666667;
Vejer de la Frontera;2012;Demandantes;Hombres;De 30 a 44 años;497,74999998;
Vejer de la Frontera;2012;Demandantes;Hombres;De 45 a 64 años;465,33333331;
Vejer de la Frontera;2012;Demandantes;Hombres;TOTAL;1283,74999996;
Vejer de la Frontera;2012;Demandantes;Mujeres;De 16 a 29 años;279,66666667;
Vejer de la Frontera;2012;Demandantes;Mujeres;De 30 a 44 años;546,83333335;
Vejer de la Frontera;2012;Demandantes;Mujeres;De 45 a 64 años;540,83333333;
Vejer de la Frontera;2012;Demandantes;Mujeres;TOTAL;1367,33333335;
Vejer de la Frontera;2012;Demandantes;Ambos sexos;De 16 a 29 años;600,33333334;
Vejer de la Frontera;2012;Demandantes;Ambos sexos;De 30 a 44 años;1044,58333333;
Vejer de la Frontera;2012;Demandantes;Ambos sexos;De 45 a 64 años;1006,16666664;
Vejer de la Frontera;2012;Demandantes;Ambos sexos;TOTAL;2651,08333331;
Villaluenga del Rosario;2010;Demandantes;Hombres;De 16 a 29 años;3,33333333;
Villaluenga del Rosario;2010;Demandantes;Hombres;De 30 a 44 años;4,75;
Villaluenga del Rosario;2010;Demandantes;Hombres;De 45 a 64 años;5,99999998;
Villaluenga del Rosario;2010;Demandantes;Hombres;TOTAL;14,08333331;
Villaluenga del Rosario;2010;Demandantes;Mujeres;De 16 a 29 años;5,91666666;
Villaluenga del Rosario;2010;Demandantes;Mujeres;De 30 a 44 años;13,66666667;
Villaluenga del Rosario;2010;Demandantes;Mujeres;De 45 a 64 años;5,41666667;
Villaluenga del Rosario;2010;Demandantes;Mujeres;TOTAL;25;
Villaluenga del Rosario;2010;Demandantes;Ambos sexos;De 16 a 29 años;9,24999999;
Villaluenga del Rosario;2010;Demandantes;Ambos sexos;De 30 a 44 años;18,41666667;
Villaluenga del Rosario;2010;Demandantes;Ambos sexos;De 45 a 64 años;11,41666665;
Villaluenga del Rosario;2010;Demandantes;Ambos sexos;TOTAL;39,08333331;
Villaluenga del Rosario;2011;Demandantes;Hombres;De 16 a 29 años;7,33333333;
Villaluenga del Rosario;2011;Demandantes;Hombres;De 30 a 44 años;6,25;
Villaluenga del Rosario;2011;Demandantes;Hombres;De 45 a 64 años;10,25000002;
Villaluenga del Rosario;2011;Demandantes;Hombres;TOTAL;23,83333335;
Villaluenga del Rosario;2011;Demandantes;Mujeres;De 16 a 29 años;7,08333333;
Villaluenga del Rosario;2011;Demandantes;Mujeres;De 30 a 44 años;10,99999999;
Villaluenga del Rosario;2011;Demandantes;Mujeres;De 45 a 64 años;5,41666667;
Villaluenga del Rosario;2011;Demandantes;Mujeres;TOTAL;23,49999999;
Villaluenga del Rosario;2011;Demandantes;Ambos sexos;De 16 a 29 años;14,41666666;
Villaluenga del Rosario;2011;Demandantes;Ambos sexos;De 30 a 44 años;17,24999999;
Villaluenga del Rosario;2011;Demandantes;Ambos sexos;De 45 a 64 años;15,66666669;
Villaluenga del Rosario;2011;Demandantes;Ambos sexos;TOTAL;47,33333334;
Villaluenga del Rosario;2012;Demandantes;Hombres;De 16 a 29 años;5,08333333;
Villaluenga del Rosario;2012;Demandantes;Hombres;De 30 a 44 años;5,83333334;
Villaluenga del Rosario;2012;Demandantes;Hombres;De 45 a 64 años;14,16666667;
Villaluenga del Rosario;2012;Demandantes;Hombres;TOTAL;25,08333334;
Villaluenga del Rosario;2012;Demandantes;Mujeres;De 16 a 29 años;6,75;
Villaluenga del Rosario;2012;Demandantes;Mujeres;De 30 a 44 años;9,33333333;
Villaluenga del Rosario;2012;Demandantes;Mujeres;De 45 a 64 años;4,25000001;
Villaluenga del Rosario;2012;Demandantes;Mujeres;TOTAL;20,33333334;
Villaluenga del Rosario;2012;Demandantes;Ambos sexos;De 16 a 29 años;11,83333333;
Villaluenga del Rosario;2012;Demandantes;Ambos sexos;De 30 a 44 años;15,16666667;
Villaluenga del Rosario;2012;Demandantes;Ambos sexos;De 45 a 64 años;18,41666668;
Villaluenga del Rosario;2012;Demandantes;Ambos sexos;TOTAL;45,41666668;
Villamartín;2010;Demandantes;Hombres;De 16 a 29 años;339,58333333;
Villamartín;2010;Demandantes;Hombres;De 30 a 44 años;508,66666668;
Villamartín;2010;Demandantes;Hombres;De 45 a 64 años;317,16666666;
Villamartín;2010;Demandantes;Hombres;TOTAL;1165,41666667;
Villamartín;2010;Demandantes;Mujeres;De 16 a 29 años;240,16666667;
Villamartín;2010;Demandantes;Mujeres;De 30 a 44 años;365,83333333;
Villamartín;2010;Demandantes;Mujeres;De 45 a 64 años;142,00000003;
Villamartín;2010;Demandantes;Mujeres;TOTAL;748,00000003;
Villamartín;2010;Demandantes;Ambos sexos;De 16 a 29 años;579,75;
Villamartín;2010;Demandantes;Ambos sexos;De 30 a 44 años;874,50000001;
Villamartín;2010;Demandantes;Ambos sexos;De 45 a 64 años;459,16666669;
Villamartín;2010;Demandantes;Ambos sexos;TOTAL;1913,4166667;
Villamartín;2011;Demandantes;Hombres;De 16 a 29 años;336,41666667;
Villamartín;2011;Demandantes;Hombres;De 30 a 44 años;490,66666669;
Villamartín;2011;Demandantes;Hombres;De 45 a 64 años;363,24999999;
Villamartín;2011;Demandantes;Hombres;TOTAL;1190,33333335;
Villamartín;2011;Demandantes;Mujeres;De 16 a 29 años;267,75;
Villamartín;2011;Demandantes;Mujeres;De 30 a 44 años;362,41666664;
Villamartín;2011;Demandantes;Mujeres;De 45 a 64 años;145,41666667;
Villamartín;2011;Demandantes;Mujeres;TOTAL;775,58333331;
Villamartín;2011;Demandantes;Ambos sexos;De 16 a 29 años;604,16666667;
Villamartín;2011;Demandantes;Ambos sexos;De 30 a 44 años;853,08333333;
Villamartín;2011;Demandantes;Ambos sexos;De 45 a 64 años;508,66666666;
Villamartín;2011;Demandantes;Ambos sexos;TOTAL;1965,91666666;
Villamartín;2012;Demandantes;Hombres;De 16 a 29 años;359,25000001;
Villamartín;2012;Demandantes;Hombres;De 30 a 44 años;545,33333331;
Villamartín;2012;Demandantes;Hombres;De 45 a 64 años;429,58333333;
Villamartín;2012;Demandantes;Hombres;TOTAL;1334,16666665;
Villamartín;2012;Demandantes;Mujeres;De 16 a 29 años;286,66666669;
Villamartín;2012;Demandantes;Mujeres;De 30 a 44 años;395,74999999;
Villamartín;2012;Demandantes;Mujeres;De 45 a 64 años;181,33333334;
Villamartín;2012;Demandantes;Mujeres;TOTAL;863,75000002;
Villamartín;2012;Demandantes;Ambos sexos;De 16 a 29 años;645,9166667;
Villamartín;2012;Demandantes;Ambos sexos;De 30 a 44 años;941,0833333;
Villamartín;2012;Demandantes;Ambos sexos;De 45 a 64 años;610,91666667;
Villamartín;2012;Demandantes;Ambos sexos;TOTAL;2197,91666667;
Zahara;2010;Demandantes;Hombres;De 16 a 29 años;19,75;
Zahara;2010;Demandantes;Hombres;De 30 a 44 años;32,83333334;
Zahara;2010;Demandantes;Hombres;De 45 a 64 años;27;
Zahara;2010;Demandantes;Hombres;TOTAL;79,58333334;
Zahara;2010;Demandantes;Mujeres;De 16 a 29 años;13,74999999;
Zahara;2010;Demandantes;Mujeres;De 30 a 44 años;21,91666665;
Zahara;2010;Demandantes;Mujeres;De 45 a 64 años;10,83333334;
Zahara;2010;Demandantes;Mujeres;TOTAL;46,49999998;
Zahara;2010;Demandantes;Ambos sexos;De 16 a 29 años;33,49999999;
Zahara;2010;Demandantes;Ambos sexos;De 30 a 44 años;54,74999999;
Zahara;2010;Demandantes;Ambos sexos;De 45 a 64 años;37,83333334;
Zahara;2010;Demandantes;Ambos sexos;TOTAL;126,08333332;
Zahara;2011;Demandantes;Hombres;De 16 a 29 años;19,08333335;
Zahara;2011;Demandantes;Hombres;De 30 a 44 años;32,41666668;
Zahara;2011;Demandantes;Hombres;De 45 a 64 años;32,25000001;
Zahara;2011;Demandantes;Hombres;TOTAL;83,75000004;
Zahara;2011;Demandantes;Mujeres;De 16 a 29 años;18,99999999;
Zahara;2011;Demandantes;Mujeres;De 30 a 44 años;22,41666667;
Zahara;2011;Demandantes;Mujeres;De 45 a 64 años;12,33333333;
Zahara;2011;Demandantes;Mujeres;TOTAL;53,74999999;
Zahara;2011;Demandantes;Ambos sexos;De 16 a 29 años;38,08333334;
Zahara;2011;Demandantes;Ambos sexos;De 30 a 44 años;54,83333335;
Zahara;2011;Demandantes;Ambos sexos;De 45 a 64 años;44,58333334;
Zahara;2011;Demandantes;Ambos sexos;TOTAL;137,50000003;
Zahara;2012;Demandantes;Hombres;De 16 a 29 años;25,16666664;
Zahara;2012;Demandantes;Hombres;De 30 a 44 años;36,16666668;
Zahara;2012;Demandantes;Hombres;De 45 a 64 años;36,16666666;
Zahara;2012;Demandantes;Hombres;TOTAL;97,49999998;
Zahara;2012;Demandantes;Mujeres;De 16 a 29 años;21,00000001;
Zahara;2012;Demandantes;Mujeres;De 30 a 44 años;28,25000001;
Zahara;2012;Demandantes;Mujeres;De 45 a 64 años;14,00000001;
Zahara;2012;Demandantes;Mujeres;TOTAL;63,25000003;
Zahara;2012;Demandantes;Ambos sexos;De 16 a 29 años;46,16666665;
Zahara;2012;Demandantes;Ambos sexos;De 30 a 44 años;64,41666669;
Zahara;2012;Demandantes;Ambos sexos;De 45 a 64 años;50,16666667;
Zahara;2012;Demandantes;Ambos sexos;TOTAL;160,75000001;
Córdoba;2010;Demandantes;Hombres;De 16 a 29 años;10468,24999986;
Córdoba;2010;Demandantes;Hombres;De 30 a 44 años;13951,24999971;
Córdoba;2010;Demandantes;Hombres;De 45 a 64 años;12497,58333327;
Córdoba;2010;Demandantes;Hombres;TOTAL;36917,08333284;
Córdoba;2010;Demandantes;Mujeres;De 16 a 29 años;9644,99999995;
Córdoba;2010;Demandantes;Mujeres;De 30 a 44 años;16533,49999996;
Córdoba;2010;Demandantes;Mujeres;De 45 a 64 años;14165,49999952;
Córdoba;2010;Demandantes;Mujeres;TOTAL;40343,99999943;
Córdoba;2010;Demandantes;Ambos sexos;De 16 a 29 años;20113,24999981;
Córdoba;2010;Demandantes;Ambos sexos;De 30 a 44 años;30484,74999967;
Córdoba;2010;Demandantes;Ambos sexos;De 45 a 64 años;26663,08333279;
Córdoba;2010;Demandantes;Ambos sexos;TOTAL;77261,08333227;
Córdoba;2011;Demandantes;Hombres;De 16 a 29 años;10764,66666655;
Córdoba;2011;Demandantes;Hombres;De 30 a 44 años;14197,33333326;
Córdoba;2011;Demandantes;Hombres;De 45 a 64 años;13960,08333322;
Córdoba;2011;Demandantes;Hombres;TOTAL;38922,08333303;
Córdoba;2011;Demandantes;Mujeres;De 16 a 29 años;10706,66666677;
Córdoba;2011;Demandantes;Mujeres;De 30 a 44 años;16887,83333323;
Córdoba;2011;Demandantes;Mujeres;De 45 a 64 años;15026,9166667;
Córdoba;2011;Demandantes;Mujeres;TOTAL;42621,4166667;
Córdoba;2011;Demandantes;Ambos sexos;De 16 a 29 años;21471,33333332;
Córdoba;2011;Demandantes;Ambos sexos;De 30 a 44 años;31085,16666649;
Córdoba;2011;Demandantes;Ambos sexos;De 45 a 64 años;28986,99999992;
Córdoba;2011;Demandantes;Ambos sexos;TOTAL;81543,49999973;
Córdoba;2012;Demandantes;Hombres;De 16 a 29 años;12375,41666643;
Córdoba;2012;Demandantes;Hombres;De 30 a 44 años;16745,58333321;
Córdoba;2012;Demandantes;Hombres;De 45 a 64 años;17363,66666682;
Córdoba;2012;Demandantes;Hombres;TOTAL;46484,66666646;
Córdoba;2012;Demandantes;Mujeres;De 16 a 29 años;12328,75000001;
Córdoba;2012;Demandantes;Mujeres;De 30 a 44 años;18786,66666631;
Córdoba;2012;Demandantes;Mujeres;De 45 a 64 años;16810,66666654;
Córdoba;2012;Demandantes;Mujeres;TOTAL;47926,08333286;
Córdoba;2012;Demandantes;Ambos sexos;De 16 a 29 años;24704,16666644;
Córdoba;2012;Demandantes;Ambos sexos;De 30 a 44 años;35532,24999952;
Córdoba;2012;Demandantes;Ambos sexos;De 45 a 64 años;34174,33333336;
Córdoba;2012;Demandantes;Ambos sexos;TOTAL;94410,74999932;
Adamuz;2010;Demandantes;Hombres;De 16 a 29 años;51,58333332;
Adamuz;2010;Demandantes;Hombres;De 30 a 44 años;62,08333332;
Adamuz;2010;Demandantes;Hombres;De 45 a 64 años;53,25;
Adamuz;2010;Demandantes;Hombres;TOTAL;166,91666664;
Adamuz;2010;Demandantes;Mujeres;De 16 a 29 años;44,16666666;
Adamuz;2010;Demandantes;Mujeres;De 30 a 44 años;27,58333333;
Adamuz;2010;Demandantes;Mujeres;De 45 a 64 años;16,91666667;
Adamuz;2010;Demandantes;Mujeres;TOTAL;88,66666666;
Adamuz;2010;Demandantes;Ambos sexos;De 16 a 29 años;95,74999998;
Adamuz;2010;Demandantes;Ambos sexos;De 30 a 44 años;89,66666665;
Adamuz;2010;Demandantes;Ambos sexos;De 45 a 64 años;70,16666667;
Adamuz;2010;Demandantes;Ambos sexos;TOTAL;255,5833333;
Adamuz;2011;Demandantes;Hombres;De 16 a 29 años;51,41666667;
Adamuz;2011;Demandantes;Hombres;De 30 a 44 años;54,74999996;
Adamuz;2011;Demandantes;Hombres;De 45 a 64 años;54,58333331;
Adamuz;2011;Demandantes;Hombres;TOTAL;160,74999994;
Adamuz;2011;Demandantes;Mujeres;De 16 a 29 años;47,83333333;
Adamuz;2011;Demandantes;Mujeres;De 30 a 44 años;34,25000001;
Adamuz;2011;Demandantes;Mujeres;De 45 a 64 años;19,08333333;
Adamuz;2011;Demandantes;Mujeres;TOTAL;101,16666667;
Adamuz;2011;Demandantes;Ambos sexos;De 16 a 29 años;99,25;
Adamuz;2011;Demandantes;Ambos sexos;De 30 a 44 años;88,99999997;
Adamuz;2011;Demandantes;Ambos sexos;De 45 a 64 años;73,66666664;
Adamuz;2011;Demandantes;Ambos sexos;TOTAL;261,91666661;
Adamuz;2012;Demandantes;Hombres;De 16 a 29 años;62,58333334;
Adamuz;2012;Demandantes;Hombres;De 30 a 44 años;67,91666667;
Adamuz;2012;Demandantes;Hombres;De 45 a 64 años;70,41666669;
Adamuz;2012;Demandantes;Hombres;TOTAL;200,9166667;
Adamuz;2012;Demandantes;Mujeres;De 16 a 29 años;76,24999998;
Adamuz;2012;Demandantes;Mujeres;De 30 a 44 años;47,58333334;
Adamuz;2012;Demandantes;Mujeres;De 45 a 64 años;19,16666667;
Adamuz;2012;Demandantes;Mujeres;TOTAL;142,99999999;
Adamuz;2012;Demandantes;Ambos sexos;De 16 a 29 años;138,83333332;
Adamuz;2012;Demandantes;Ambos sexos;De 30 a 44 años;115,50000001;
Adamuz;2012;Demandantes;Ambos sexos;De 45 a 64 años;89,58333336;
Adamuz;2012;Demandantes;Ambos sexos;TOTAL;343,91666669;
Aguilar de la Frontera;2010;Demandantes;Hombres;De 16 a 29 años;178,58333332;
Aguilar de la Frontera;2010;Demandantes;Hombres;De 30 a 44 años;266,16666668;
Aguilar de la Frontera;2010;Demandantes;Hombres;De 45 a 64 años;202,75;
Aguilar de la Frontera;2010;Demandantes;Hombres;TOTAL;647,5;
Aguilar de la Frontera;2010;Demandantes;Mujeres;De 16 a 29 años;153,91666666;
Aguilar de la Frontera;2010;Demandantes;Mujeres;De 30 a 44 años;146,58333332;
Aguilar de la Frontera;2010;Demandantes;Mujeres;De 45 a 64 años;47;
Aguilar de la Frontera;2010;Demandantes;Mujeres;TOTAL;347,49999998;
Aguilar de la Frontera;2010;Demandantes;Ambos sexos;De 16 a 29 años;332,49999998;
Aguilar de la Frontera;2010;Demandantes;Ambos sexos;De 30 a 44 años;412,75;
Aguilar de la Frontera;2010;Demandantes;Ambos sexos;De 45 a 64 años;249,75;
Aguilar de la Frontera;2010;Demandantes;Ambos sexos;TOTAL;994,99999998;
Aguilar de la Frontera;2011;Demandantes;Hombres;De 16 a 29 años;180,16666665;
Aguilar de la Frontera;2011;Demandantes;Hombres;De 30 a 44 años;250,66666668;
Aguilar de la Frontera;2011;Demandantes;Hombres;De 45 a 64 años;218,16666669;
Aguilar de la Frontera;2011;Demandantes;Hombres;TOTAL;649,00000002;
Aguilar de la Frontera;2011;Demandantes;Mujeres;De 16 a 29 años;175,99999999;
Aguilar de la Frontera;2011;Demandantes;Mujeres;De 30 a 44 años;146,66666664;
Aguilar de la Frontera;2011;Demandantes;Mujeres;De 45 a 64 años;58,41666666;
Aguilar de la Frontera;2011;Demandantes;Mujeres;TOTAL;381,08333329;
Aguilar de la Frontera;2011;Demandantes;Ambos sexos;De 16 a 29 años;356,16666664;
Aguilar de la Frontera;2011;Demandantes;Ambos sexos;De 30 a 44 años;397,33333332;
Aguilar de la Frontera;2011;Demandantes;Ambos sexos;De 45 a 64 años;276,58333335;
Aguilar de la Frontera;2011;Demandantes;Ambos sexos;TOTAL;1030,08333331;
Aguilar de la Frontera;2012;Demandantes;Hombres;De 16 a 29 años;225,41666665;
Aguilar de la Frontera;2012;Demandantes;Hombres;De 30 a 44 años;260,16666665;
Aguilar de la Frontera;2012;Demandantes;Hombres;De 45 a 64 años;268,75000002;
Aguilar de la Frontera;2012;Demandantes;Hombres;TOTAL;754,33333332;
Aguilar de la Frontera;2012;Demandantes;Mujeres;De 16 a 29 años;224,08333334;
Aguilar de la Frontera;2012;Demandantes;Mujeres;De 30 a 44 años;165,75;
Aguilar de la Frontera;2012;Demandantes;Mujeres;De 45 a 64 años;68,75;
Aguilar de la Frontera;2012;Demandantes;Mujeres;TOTAL;458,58333334;
Aguilar de la Frontera;2012;Demandantes;Ambos sexos;De 16 a 29 años;449,49999999;
Aguilar de la Frontera;2012;Demandantes;Ambos sexos;De 30 a 44 años;425,91666665;
Aguilar de la Frontera;2012;Demandantes;Ambos sexos;De 45 a 64 años;337,50000002;
Aguilar de la Frontera;2012;Demandantes;Ambos sexos;TOTAL;1212,91666666;
Alcaracejos;2010;Demandantes;Hombres;De 16 a 29 años;17,16666666;
Alcaracejos;2010;Demandantes;Hombres;De 30 a 44 años;22,83333331;
Alcaracejos;2010;Demandantes;Hombres;De 45 a 64 años;27,5;
Alcaracejos;2010;Demandantes;Hombres;TOTAL;67,49999997;
Alcaracejos;2010;Demandantes;Mujeres;De 16 a 29 años;16,99999999;
Alcaracejos;2010;Demandantes;Mujeres;De 30 a 44 años;23,33333334;
Alcaracejos;2010;Demandantes;Mujeres;De 45 a 64 años;33,58333332;
Alcaracejos;2010;Demandantes;Mujeres;TOTAL;73,91666665;
Alcaracejos;2010;Demandantes;Ambos sexos;De 16 a 29 años;34,16666665;
Alcaracejos;2010;Demandantes;Ambos sexos;De 30 a 44 años;46,16666665;
Alcaracejos;2010;Demandantes;Ambos sexos;De 45 a 64 años;61,08333332;
Alcaracejos;2010;Demandantes;Ambos sexos;TOTAL;141,41666662;
Alcaracejos;2011;Demandantes;Hombres;De 16 a 29 años;14,58333333;
Alcaracejos;2011;Demandantes;Hombres;De 30 a 44 años;25,66666667;
Alcaracejos;2011;Demandantes;Hombres;De 45 a 64 años;29,75000001;
Alcaracejos;2011;Demandantes;Hombres;TOTAL;70,00000001;
Alcaracejos;2011;Demandantes;Mujeres;De 16 a 29 años;17,66666668;
Alcaracejos;2011;Demandantes;Mujeres;De 30 a 44 años;18,66666666;
Alcaracejos;2011;Demandantes;Mujeres;De 45 a 64 años;31,58333332;
Alcaracejos;2011;Demandantes;Mujeres;TOTAL;67,91666666;
Alcaracejos;2011;Demandantes;Ambos sexos;De 16 a 29 años;32,25000001;
Alcaracejos;2011;Demandantes;Ambos sexos;De 30 a 44 años;44,33333333;
Alcaracejos;2011;Demandantes;Ambos sexos;De 45 a 64 años;61,33333333;
Alcaracejos;2011;Demandantes;Ambos sexos;TOTAL;137,91666667;
Alcaracejos;2012;Demandantes;Hombres;De 16 a 29 años;25,08333334;
Alcaracejos;2012;Demandantes;Hombres;De 30 a 44 años;28,83333333;
Alcaracejos;2012;Demandantes;Hombres;De 45 a 64 años;41,00000001;
Alcaracejos;2012;Demandantes;Hombres;TOTAL;94,91666668;
Alcaracejos;2012;Demandantes;Mujeres;De 16 a 29 años;28,66666667;
Alcaracejos;2012;Demandantes;Mujeres;De 30 a 44 años;24,58333332;
Alcaracejos;2012;Demandantes;Mujeres;De 45 a 64 años;40,58333334;
Alcaracejos;2012;Demandantes;Mujeres;TOTAL;93,83333333;
Alcaracejos;2012;Demandantes;Ambos sexos;De 16 a 29 años;53,75000001;
Alcaracejos;2012;Demandantes;Ambos sexos;De 30 a 44 años;53,41666665;
Alcaracejos;2012;Demandantes;Ambos sexos;De 45 a 64 años;81,58333335;
Alcaracejos;2012;Demandantes;Ambos sexos;TOTAL;188,75000001;
Almedinilla;2010;Demandantes;Hombres;De 16 a 29 años;15,75000001;
Almedinilla;2010;Demandantes;Hombres;De 30 a 44 años;28,99999999;
Almedinilla;2010;Demandantes;Hombres;De 45 a 64 años;20,08333332;
Almedinilla;2010;Demandantes;Hombres;TOTAL;64,83333332;
Almedinilla;2010;Demandantes;Mujeres;De 16 a 29 años;19,99999999;
Almedinilla;2010;Demandantes;Mujeres;De 30 a 44 años;33,25000003;
Almedinilla;2010;Demandantes;Mujeres;De 45 a 64 años;13,16666666;
Almedinilla;2010;Demandantes;Mujeres;TOTAL;66,41666668;
Almedinilla;2010;Demandantes;Ambos sexos;De 16 a 29 años;35,75;
Almedinilla;2010;Demandantes;Ambos sexos;De 30 a 44 años;62,25000002;
Almedinilla;2010;Demandantes;Ambos sexos;De 45 a 64 años;33,24999998;
Almedinilla;2010;Demandantes;Ambos sexos;TOTAL;131,25;
Almedinilla;2011;Demandantes;Hombres;De 16 a 29 años;16,25;
Almedinilla;2011;Demandantes;Hombres;De 30 a 44 años;31,50000001;
Almedinilla;2011;Demandantes;Hombres;De 45 a 64 años;22,41666667;
Almedinilla;2011;Demandantes;Hombres;TOTAL;70,16666668;
Almedinilla;2011;Demandantes;Mujeres;De 16 a 29 años;19,91666666;
Almedinilla;2011;Demandantes;Mujeres;De 30 a 44 años;37,83333333;
Almedinilla;2011;Demandantes;Mujeres;De 45 a 64 años;11,83333333;
Almedinilla;2011;Demandantes;Mujeres;TOTAL;69,58333332;
Almedinilla;2011;Demandantes;Ambos sexos;De 16 a 29 años;36,16666666;
Almedinilla;2011;Demandantes;Ambos sexos;De 30 a 44 años;69,33333334;
Almedinilla;2011;Demandantes;Ambos sexos;De 45 a 64 años;34,25;
Almedinilla;2011;Demandantes;Ambos sexos;TOTAL;139,75;
Almedinilla;2012;Demandantes;Hombres;De 16 a 29 años;21,99999999;
Almedinilla;2012;Demandantes;Hombres;De 30 a 44 años;37,58333335;
Almedinilla;2012;Demandantes;Hombres;De 45 a 64 años;33,33333334;
Almedinilla;2012;Demandantes;Hombres;TOTAL;92,91666668;
Almedinilla;2012;Demandantes;Mujeres;De 16 a 29 años;28,16666666;
Almedinilla;2012;Demandantes;Mujeres;De 30 a 44 años;44,08333332;
Almedinilla;2012;Demandantes;Mujeres;De 45 a 64 años;18,24999999;
Almedinilla;2012;Demandantes;Mujeres;TOTAL;90,49999997;
Almedinilla;2012;Demandantes;Ambos sexos;De 16 a 29 años;50,16666665;
Almedinilla;2012;Demandantes;Ambos sexos;De 30 a 44 años;81,66666667;
Almedinilla;2012;Demandantes;Ambos sexos;De 45 a 64 años;51,58333333;
Almedinilla;2012;Demandantes;Ambos sexos;TOTAL;183,41666665;
Almodóvar del Río;2010;Demandantes;Hombres;De 16 a 29 años;121,5;
Almodóvar del Río;2010;Demandantes;Hombres;De 30 a 44 años;207,41666666;
Almodóvar del Río;2010;Demandantes;Hombres;De 45 a 64 años;169,00000002;
Almodóvar del Río;2010;Demandantes;Hombres;TOTAL;497,91666668;
Almodóvar del Río;2010;Demandantes;Mujeres;De 16 a 29 años;102,24999999;
Almodóvar del Río;2010;Demandantes;Mujeres;De 30 a 44 años;155,66666667;
Almodóvar del Río;2010;Demandantes;Mujeres;De 45 a 64 años;107,33333333;
Almodóvar del Río;2010;Demandantes;Mujeres;TOTAL;365,24999999;
Almodóvar del Río;2010;Demandantes;Ambos sexos;De 16 a 29 años;223,74999999;
Almodóvar del Río;2010;Demandantes;Ambos sexos;De 30 a 44 años;363,08333333;
Almodóvar del Río;2010;Demandantes;Ambos sexos;De 45 a 64 años;276,33333335;
Almodóvar del Río;2010;Demandantes;Ambos sexos;TOTAL;863,16666667;
Almodóvar del Río;2011;Demandantes;Hombres;De 16 a 29 años;129,5;
Almodóvar del Río;2011;Demandantes;Hombres;De 30 a 44 años;219,00000001;
Almodóvar del Río;2011;Demandantes;Hombres;De 45 a 64 años;184,16666665;
Almodóvar del Río;2011;Demandantes;Hombres;TOTAL;532,66666666;
Almodóvar del Río;2011;Demandantes;Mujeres;De 16 a 29 años;124,16666667;
Almodóvar del Río;2011;Demandantes;Mujeres;De 30 a 44 años;154,33333334;
Almodóvar del Río;2011;Demandantes;Mujeres;De 45 a 64 años;128,74999999;
Almodóvar del Río;2011;Demandantes;Mujeres;TOTAL;407,25;
Almodóvar del Río;2011;Demandantes;Ambos sexos;De 16 a 29 años;253,66666667;
Almodóvar del Río;2011;Demandantes;Ambos sexos;De 30 a 44 años;373,33333335;
Almodóvar del Río;2011;Demandantes;Ambos sexos;De 45 a 64 años;312,91666664;
Almodóvar del Río;2011;Demandantes;Ambos sexos;TOTAL;939,91666666;
Almodóvar del Río;2012;Demandantes;Hombres;De 16 a 29 años;148,08333331;
Almodóvar del Río;2012;Demandantes;Hombres;De 30 a 44 años;259;
Almodóvar del Río;2012;Demandantes;Hombres;De 45 a 64 años;232,33333335;
Almodóvar del Río;2012;Demandantes;Hombres;TOTAL;639,41666666;
Almodóvar del Río;2012;Demandantes;Mujeres;De 16 a 29 años;138,58333333;
Almodóvar del Río;2012;Demandantes;Mujeres;De 30 a 44 años;195,00000001;
Almodóvar del Río;2012;Demandantes;Mujeres;De 45 a 64 años;155,91666665;
Almodóvar del Río;2012;Demandantes;Mujeres;TOTAL;489,49999999;
Almodóvar del Río;2012;Demandantes;Ambos sexos;De 16 a 29 años;286,66666664;
Almodóvar del Río;2012;Demandantes;Ambos sexos;De 30 a 44 años;454,00000001;
Almodóvar del Río;2012;Demandantes;Ambos sexos;De 45 a 64 años;388,25;
Almodóvar del Río;2012;Demandantes;Ambos sexos;TOTAL;1128,91666665;
Añora;2010;Demandantes;Hombres;De 16 a 29 años;18,83333333;
Añora;2010;Demandantes;Hombres;De 30 a 44 años;16,91666665;
Añora;2010;Demandantes;Hombres;De 45 a 64 años;23,16666666;
Añora;2010;Demandantes;Hombres;TOTAL;58,91666664;
Añora;2010;Demandantes;Mujeres;De 16 a 29 años;20,75000001;
Añora;2010;Demandantes;Mujeres;De 30 a 44 años;27;
Añora;2010;Demandantes;Mujeres;De 45 a 64 años;38,33333333;
Añora;2010;Demandantes;Mujeres;TOTAL;86,08333334;
Añora;2010;Demandantes;Ambos sexos;De 16 a 29 años;39,58333334;
Añora;2010;Demandantes;Ambos sexos;De 30 a 44 años;43,91666665;
Añora;2010;Demandantes;Ambos sexos;De 45 a 64 años;61,49999999;
Añora;2010;Demandantes;Ambos sexos;TOTAL;144,99999998;
Añora;2011;Demandantes;Hombres;De 16 a 29 años;20,99999999;
Añora;2011;Demandantes;Hombres;De 30 a 44 años;26,00000001;
Añora;2011;Demandantes;Hombres;De 45 a 64 años;28,33333333;
Añora;2011;Demandantes;Hombres;TOTAL;75,33333333;
Añora;2011;Demandantes;Mujeres;De 16 a 29 años;26,41666668;
Añora;2011;Demandantes;Mujeres;De 30 a 44 años;28,58333333;
Añora;2011;Demandantes;Mujeres;De 45 a 64 años;41,08333334;
Añora;2011;Demandantes;Mujeres;TOTAL;96,08333335;
Añora;2011;Demandantes;Ambos sexos;De 16 a 29 años;47,41666667;
Añora;2011;Demandantes;Ambos sexos;De 30 a 44 años;54,58333334;
Añora;2011;Demandantes;Ambos sexos;De 45 a 64 años;69,41666667;
Añora;2011;Demandantes;Ambos sexos;TOTAL;171,41666668;
Añora;2012;Demandantes;Hombres;De 16 a 29 años;24,91666667;
Añora;2012;Demandantes;Hombres;De 30 a 44 años;31,24999998;
Añora;2012;Demandantes;Hombres;De 45 a 64 años;36,25000001;
Añora;2012;Demandantes;Hombres;TOTAL;92,41666666;
Añora;2012;Demandantes;Mujeres;De 16 a 29 años;29,16666667;
Añora;2012;Demandantes;Mujeres;De 30 a 44 años;30,33333334;
Añora;2012;Demandantes;Mujeres;De 45 a 64 años;44,83333334;
Añora;2012;Demandantes;Mujeres;TOTAL;104,33333335;
Añora;2012;Demandantes;Ambos sexos;De 16 a 29 años;54,08333334;
Añora;2012;Demandantes;Ambos sexos;De 30 a 44 años;61,58333332;
Añora;2012;Demandantes;Ambos sexos;De 45 a 64 años;81,08333335;
Añora;2012;Demandantes;Ambos sexos;TOTAL;196,75000001;
Baena;2010;Demandantes;Hombres;De 16 a 29 años;216,91666667;
Baena;2010;Demandantes;Hombres;De 30 a 44 años;297,58333334;
Baena;2010;Demandantes;Hombres;De 45 a 64 años;240,91666666;
Baena;2010;Demandantes;Hombres;TOTAL;755,41666667;
Baena;2010;Demandantes;Mujeres;De 16 a 29 años;200,75000001;
Baena;2010;Demandantes;Mujeres;De 30 a 44 años;277,08333334;
Baena;2010;Demandantes;Mujeres;De 45 a 64 años;134,16666665;
Baena;2010;Demandantes;Mujeres;TOTAL;612;
Baena;2010;Demandantes;Ambos sexos;De 16 a 29 años;417,66666668;
Baena;2010;Demandantes;Ambos sexos;De 30 a 44 años;574,66666668;
Baena;2010;Demandantes;Ambos sexos;De 45 a 64 años;375,08333331;
Baena;2010;Demandantes;Ambos sexos;TOTAL;1367,41666667;
Baena;2011;Demandantes;Hombres;De 16 a 29 años;225,66666667;
Baena;2011;Demandantes;Hombres;De 30 a 44 años;323,41666668;
Baena;2011;Demandantes;Hombres;De 45 a 64 años;299,58333332;
Baena;2011;Demandantes;Hombres;TOTAL;848,66666667;
Baena;2011;Demandantes;Mujeres;De 16 a 29 años;251,24999998;
Baena;2011;Demandantes;Mujeres;De 30 a 44 años;297,83333335;
Baena;2011;Demandantes;Mujeres;De 45 a 64 años;146,91666667;
Baena;2011;Demandantes;Mujeres;TOTAL;696;
Baena;2011;Demandantes;Ambos sexos;De 16 a 29 años;476,91666665;
Baena;2011;Demandantes;Ambos sexos;De 30 a 44 años;621,25000003;
Baena;2011;Demandantes;Ambos sexos;De 45 a 64 años;446,49999999;
Baena;2011;Demandantes;Ambos sexos;TOTAL;1544,66666667;
Baena;2012;Demandantes;Hombres;De 16 a 29 años;241,83333332;
Baena;2012;Demandantes;Hombres;De 30 a 44 años;381,66666666;
Baena;2012;Demandantes;Hombres;De 45 a 64 años;377,83333333;
Baena;2012;Demandantes;Hombres;TOTAL;1001,33333331;
Baena;2012;Demandantes;Mujeres;De 16 a 29 años;292,66666668;
Baena;2012;Demandantes;Mujeres;De 30 a 44 años;367,16666667;
Baena;2012;Demandantes;Mujeres;De 45 a 64 años;177,74999998;
Baena;2012;Demandantes;Mujeres;TOTAL;837,58333333;
Baena;2012;Demandantes;Ambos sexos;De 16 a 29 años;534,5;
Baena;2012;Demandantes;Ambos sexos;De 30 a 44 años;748,83333333;
Baena;2012;Demandantes;Ambos sexos;De 45 a 64 años;555,58333331;
Baena;2012;Demandantes;Ambos sexos;TOTAL;1838,91666664;
Belalcázar;2010;Demandantes;Hombres;De 16 a 29 años;44,75000001;
Belalcázar;2010;Demandantes;Hombres;De 30 a 44 años;50,25000001;
Belalcázar;2010;Demandantes;Hombres;De 45 a 64 años;50,5;
Belalcázar;2010;Demandantes;Hombres;TOTAL;145,50000002;
Belalcázar;2010;Demandantes;Mujeres;De 16 a 29 años;46;
Belalcázar;2010;Demandantes;Mujeres;De 30 a 44 años;92,91666667;
Belalcázar;2010;Demandantes;Mujeres;De 45 a 64 años;107,75;
Belalcázar;2010;Demandantes;Mujeres;TOTAL;246,66666667;
Belalcázar;2010;Demandantes;Ambos sexos;De 16 a 29 años;90,75000001;
Belalcázar;2010;Demandantes;Ambos sexos;De 30 a 44 años;143,16666668;
Belalcázar;2010;Demandantes;Ambos sexos;De 45 a 64 años;158,25;
Belalcázar;2010;Demandantes;Ambos sexos;TOTAL;392,16666669;
Belalcázar;2011;Demandantes;Hombres;De 16 a 29 años;49,25000001;
Belalcázar;2011;Demandantes;Hombres;De 30 a 44 años;49,33333334;
Belalcázar;2011;Demandantes;Hombres;De 45 a 64 años;55,58333334;
Belalcázar;2011;Demandantes;Hombres;TOTAL;154,16666669;
Belalcázar;2011;Demandantes;Mujeres;De 16 a 29 años;51,16666668;
Belalcázar;2011;Demandantes;Mujeres;De 30 a 44 años;82,08333334;
Belalcázar;2011;Demandantes;Mujeres;De 45 a 64 años;105,66666667;
Belalcázar;2011;Demandantes;Mujeres;TOTAL;238,91666669;
Belalcázar;2011;Demandantes;Ambos sexos;De 16 a 29 años;100,41666669;
Belalcázar;2011;Demandantes;Ambos sexos;De 30 a 44 años;131,41666668;
Belalcázar;2011;Demandantes;Ambos sexos;De 45 a 64 años;161,25000001;
Belalcázar;2011;Demandantes;Ambos sexos;TOTAL;393,08333338;
Belalcázar;2012;Demandantes;Hombres;De 16 a 29 años;69,33333332;
Belalcázar;2012;Demandantes;Hombres;De 30 a 44 años;62,16666666;
Belalcázar;2012;Demandantes;Hombres;De 45 a 64 años;75,25000003;
Belalcázar;2012;Demandantes;Hombres;TOTAL;206,75000001;
Belalcázar;2012;Demandantes;Mujeres;De 16 a 29 años;67,66666666;
Belalcázar;2012;Demandantes;Mujeres;De 30 a 44 años;87,58333333;
Belalcázar;2012;Demandantes;Mujeres;De 45 a 64 años;113;
Belalcázar;2012;Demandantes;Mujeres;TOTAL;268,24999999;
Belalcázar;2012;Demandantes;Ambos sexos;De 16 a 29 años;136,99999998;
Belalcázar;2012;Demandantes;Ambos sexos;De 30 a 44 años;149,74999999;
Belalcázar;2012;Demandantes;Ambos sexos;De 45 a 64 años;188,25000003;
Belalcázar;2012;Demandantes;Ambos sexos;TOTAL;475;
Belmez;2010;Demandantes;Hombres;De 16 a 29 años;57,25000001;
Belmez;2010;Demandantes;Hombres;De 30 a 44 años;55,41666668;
Belmez;2010;Demandantes;Hombres;De 45 a 64 años;74,25;
Belmez;2010;Demandantes;Hombres;TOTAL;186,91666669;
Belmez;2010;Demandantes;Mujeres;De 16 a 29 años;44,33333333;
Belmez;2010;Demandantes;Mujeres;De 30 a 44 años;59,25;
Belmez;2010;Demandantes;Mujeres;De 45 a 64 años;92,16666666;
Belmez;2010;Demandantes;Mujeres;TOTAL;195,74999999;
Belmez;2010;Demandantes;Ambos sexos;De 16 a 29 años;101,58333334;
Belmez;2010;Demandantes;Ambos sexos;De 30 a 44 años;114,66666668;
Belmez;2010;Demandantes;Ambos sexos;De 45 a 64 años;166,41666666;
Belmez;2010;Demandantes;Ambos sexos;TOTAL;382,66666668;
Belmez;2011;Demandantes;Hombres;De 16 a 29 años;66,41666667;
Belmez;2011;Demandantes;Hombres;De 30 a 44 años;59,75000002;
Belmez;2011;Demandantes;Hombres;De 45 a 64 años;84,66666669;
Belmez;2011;Demandantes;Hombres;TOTAL;210,83333338;
Belmez;2011;Demandantes;Mujeres;De 16 a 29 años;49,33333333;
Belmez;2011;Demandantes;Mujeres;De 30 a 44 años;66,66666665;
Belmez;2011;Demandantes;Mujeres;De 45 a 64 años;94,25000002;
Belmez;2011;Demandantes;Mujeres;TOTAL;210,25;
Belmez;2011;Demandantes;Ambos sexos;De 16 a 29 años;115,75;
Belmez;2011;Demandantes;Ambos sexos;De 30 a 44 años;126,41666667;
Belmez;2011;Demandantes;Ambos sexos;De 45 a 64 años;178,91666671;
Belmez;2011;Demandantes;Ambos sexos;TOTAL;421,08333338;
Belmez;2012;Demandantes;Hombres;De 16 a 29 años;88,08333333;
Belmez;2012;Demandantes;Hombres;De 30 a 44 años;82,16666665;
Belmez;2012;Demandantes;Hombres;De 45 a 64 años;101,08333335;
Belmez;2012;Demandantes;Hombres;TOTAL;271,33333333;
Belmez;2012;Demandantes;Mujeres;De 16 a 29 años;61,16666664;
Belmez;2012;Demandantes;Mujeres;De 30 a 44 años;90,83333332;
Belmez;2012;Demandantes;Mujeres;De 45 a 64 años;101,74999999;
Belmez;2012;Demandantes;Mujeres;TOTAL;253,74999995;
Belmez;2012;Demandantes;Ambos sexos;De 16 a 29 años;149,24999997;
Belmez;2012;Demandantes;Ambos sexos;De 30 a 44 años;172,99999997;
Belmez;2012;Demandantes;Ambos sexos;De 45 a 64 años;202,83333334;
Belmez;2012;Demandantes;Ambos sexos;TOTAL;525,08333328;
Benamejí;2010;Demandantes;Hombres;De 16 a 29 años;66,33333333;
Benamejí;2010;Demandantes;Hombres;De 30 a 44 años;65,91666667;
Benamejí;2010;Demandantes;Hombres;De 45 a 64 años;53,33333335;
Benamejí;2010;Demandantes;Hombres;TOTAL;185,58333335;
Benamejí;2010;Demandantes;Mujeres;De 16 a 29 años;49;
Benamejí;2010;Demandantes;Mujeres;De 30 a 44 años;46,41666668;
Benamejí;2010;Demandantes;Mujeres;De 45 a 64 años;16,16666667;
Benamejí;2010;Demandantes;Mujeres;TOTAL;111,58333335;
Benamejí;2010;Demandantes;Ambos sexos;De 16 a 29 años;115,33333333;
Benamejí;2010;Demandantes;Ambos sexos;De 30 a 44 años;112,33333335;
Benamejí;2010;Demandantes;Ambos sexos;De 45 a 64 años;69,50000002;
Benamejí;2010;Demandantes;Ambos sexos;TOTAL;297,1666667;
Benamejí;2011;Demandantes;Hombres;De 16 a 29 años;63,75000001;
Benamejí;2011;Demandantes;Hombres;De 30 a 44 años;76,58333332;
Benamejí;2011;Demandantes;Hombres;De 45 a 64 años;66,74999998;
Benamejí;2011;Demandantes;Hombres;TOTAL;207,08333331;
Benamejí;2011;Demandantes;Mujeres;De 16 a 29 años;51,00000001;
Benamejí;2011;Demandantes;Mujeres;De 30 a 44 años;36,33333333;
Benamejí;2011;Demandantes;Mujeres;De 45 a 64 años;20,16666667;
Benamejí;2011;Demandantes;Mujeres;TOTAL;107,50000001;
Benamejí;2011;Demandantes;Ambos sexos;De 16 a 29 años;114,75000002;
Benamejí;2011;Demandantes;Ambos sexos;De 30 a 44 años;112,91666665;
Benamejí;2011;Demandantes;Ambos sexos;De 45 a 64 años;86,91666665;
Benamejí;2011;Demandantes;Ambos sexos;TOTAL;314,58333332;
Benamejí;2012;Demandantes;Hombres;De 16 a 29 años;65,16666668;
Benamejí;2012;Demandantes;Hombres;De 30 a 44 años;71,08333331;
Benamejí;2012;Demandantes;Hombres;De 45 a 64 años;70,5;
Benamejí;2012;Demandantes;Hombres;TOTAL;206,74999999;
Benamejí;2012;Demandantes;Mujeres;De 16 a 29 años;66,58333335;
Benamejí;2012;Demandantes;Mujeres;De 30 a 44 años;43,33333331;
Benamejí;2012;Demandantes;Mujeres;De 45 a 64 años;24,66666666;
Benamejí;2012;Demandantes;Mujeres;TOTAL;134,58333332;
Benamejí;2012;Demandantes;Ambos sexos;De 16 a 29 años;131,75000003;
Benamejí;2012;Demandantes;Ambos sexos;De 30 a 44 años;114,41666662;
Benamejí;2012;Demandantes;Ambos sexos;De 45 a 64 años;95,16666666;
Benamejí;2012;Demandantes;Ambos sexos;TOTAL;341,33333331;
Bujalance;2010;Demandantes;Hombres;De 16 a 29 años;67,00000003;
Bujalance;2010;Demandantes;Hombres;De 30 a 44 años;109,91666665;
Bujalance;2010;Demandantes;Hombres;De 45 a 64 años;86,83333334;
Bujalance;2010;Demandantes;Hombres;TOTAL;263,75000002;
Bujalance;2010;Demandantes;Mujeres;De 16 a 29 años;78,24999999;
Bujalance;2010;Demandantes;Mujeres;De 30 a 44 años;83,33333332;
Bujalance;2010;Demandantes;Mujeres;De 45 a 64 años;39,91666665;
Bujalance;2010;Demandantes;Mujeres;TOTAL;201,49999996;
Bujalance;2010;Demandantes;Ambos sexos;De 16 a 29 años;145,25000002;
Bujalance;2010;Demandantes;Ambos sexos;De 30 a 44 años;193,24999997;
Bujalance;2010;Demandantes;Ambos sexos;De 45 a 64 años;126,74999999;
Bujalance;2010;Demandantes;Ambos sexos;TOTAL;465,24999998;
Bujalance;2011;Demandantes;Hombres;De 16 a 29 años;78,75000002;
Bujalance;2011;Demandantes;Hombres;De 30 a 44 años;101,00000001;
Bujalance;2011;Demandantes;Hombres;De 45 a 64 años;110,75000002;
Bujalance;2011;Demandantes;Hombres;TOTAL;290,50000005;
Bujalance;2011;Demandantes;Mujeres;De 16 a 29 años;97,33333334;
Bujalance;2011;Demandantes;Mujeres;De 30 a 44 años;95,41666667;
Bujalance;2011;Demandantes;Mujeres;De 45 a 64 años;46;
Bujalance;2011;Demandantes;Mujeres;TOTAL;238,75000001;
Bujalance;2011;Demandantes;Ambos sexos;De 16 a 29 años;176,08333336;
Bujalance;2011;Demandantes;Ambos sexos;De 30 a 44 años;196,41666668;
Bujalance;2011;Demandantes;Ambos sexos;De 45 a 64 años;156,75000002;
Bujalance;2011;Demandantes;Ambos sexos;TOTAL;529,25000006;
Bujalance;2012;Demandantes;Hombres;De 16 a 29 años;103,25000002;
Bujalance;2012;Demandantes;Hombres;De 30 a 44 años;136;
Bujalance;2012;Demandantes;Hombres;De 45 a 64 años;140,33333333;
Bujalance;2012;Demandantes;Hombres;TOTAL;379,58333335;
Bujalance;2012;Demandantes;Mujeres;De 16 a 29 años;119,58333334;
Bujalance;2012;Demandantes;Mujeres;De 30 a 44 años;104,0833333;
Bujalance;2012;Demandantes;Mujeres;De 45 a 64 años;50,66666667;
Bujalance;2012;Demandantes;Mujeres;TOTAL;274,33333331;
Bujalance;2012;Demandantes;Ambos sexos;De 16 a 29 años;222,83333336;
Bujalance;2012;Demandantes;Ambos sexos;De 30 a 44 años;240,0833333;
Bujalance;2012;Demandantes;Ambos sexos;De 45 a 64 años;191;
Bujalance;2012;Demandantes;Ambos sexos;TOTAL;653,91666666;
Cabra;2010;Demandantes;Hombres;De 16 a 29 años;230,66666668;
Cabra;2010;Demandantes;Hombres;De 30 a 44 años;330,16666667;
Cabra;2010;Demandantes;Hombres;De 45 a 64 años;255,16666664;
Cabra;2010;Demandantes;Hombres;TOTAL;815,99999999;
Cabra;2010;Demandantes;Mujeres;De 16 a 29 años;213,58333333;
Cabra;2010;Demandantes;Mujeres;De 30 a 44 años;373,75000001;
Cabra;2010;Demandantes;Mujeres;De 45 a 64 años;224,49999996;
Cabra;2010;Demandantes;Mujeres;TOTAL;811,8333333;
Cabra;2010;Demandantes;Ambos sexos;De 16 a 29 años;444,25000001;
Cabra;2010;Demandantes;Ambos sexos;De 30 a 44 años;703,91666668;
Cabra;2010;Demandantes;Ambos sexos;De 45 a 64 años;479,6666666;
Cabra;2010;Demandantes;Ambos sexos;TOTAL;1627,83333329;
Cabra;2011;Demandantes;Hombres;De 16 a 29 años;243,16666664;
Cabra;2011;Demandantes;Hombres;De 30 a 44 años;341,83333332;
Cabra;2011;Demandantes;Hombres;De 45 a 64 años;281,00000001;
Cabra;2011;Demandantes;Hombres;TOTAL;865,99999997;
Cabra;2011;Demandantes;Mujeres;De 16 a 29 años;255,66666665;
Cabra;2011;Demandantes;Mujeres;De 30 a 44 años;383,33333333;
Cabra;2011;Demandantes;Mujeres;De 45 a 64 años;243,66666667;
Cabra;2011;Demandantes;Mujeres;TOTAL;882,66666665;
Cabra;2011;Demandantes;Ambos sexos;De 16 a 29 años;498,83333329;
Cabra;2011;Demandantes;Ambos sexos;De 30 a 44 años;725,16666665;
Cabra;2011;Demandantes;Ambos sexos;De 45 a 64 años;524,66666668;
Cabra;2011;Demandantes;Ambos sexos;TOTAL;1748,66666662;
Cabra;2012;Demandantes;Hombres;De 16 a 29 años;261,58333333;
Cabra;2012;Demandantes;Hombres;De 30 a 44 años;394,58333332;
Cabra;2012;Demandantes;Hombres;De 45 a 64 años;377,75;
Cabra;2012;Demandantes;Hombres;TOTAL;1033,91666665;
Cabra;2012;Demandantes;Mujeres;De 16 a 29 años;284,75000002;
Cabra;2012;Demandantes;Mujeres;De 30 a 44 años;411,91666665;
Cabra;2012;Demandantes;Mujeres;De 45 a 64 años;300,91666666;
Cabra;2012;Demandantes;Mujeres;TOTAL;997,58333333;
Cabra;2012;Demandantes;Ambos sexos;De 16 a 29 años;546,33333335;
Cabra;2012;Demandantes;Ambos sexos;De 30 a 44 años;806,49999997;
Cabra;2012;Demandantes;Ambos sexos;De 45 a 64 años;678,66666666;
Cabra;2012;Demandantes;Ambos sexos;TOTAL;2031,49999998;
Cañete de las Torres;2010;Demandantes;Hombres;De 16 a 29 años;18,16666667;
Cañete de las Torres;2010;Demandantes;Hombres;De 30 a 44 años;23,33333332;
Cañete de las Torres;2010;Demandantes;Hombres;De 45 a 64 años;24,83333332;
Cañete de las Torres;2010;Demandantes;Hombres;TOTAL;66,33333331;
Cañete de las Torres;2010;Demandantes;Mujeres;De 16 a 29 años;13,16666666;
Cañete de las Torres;2010;Demandantes;Mujeres;De 30 a 44 años;28,33333334;
Cañete de las Torres;2010;Demandantes;Mujeres;De 45 a 64 años;12,66666666;
Cañete de las Torres;2010;Demandantes;Mujeres;TOTAL;54,16666666;
Cañete de las Torres;2010;Demandantes;Ambos sexos;De 16 a 29 años;31,33333333;
Cañete de las Torres;2010;Demandantes;Ambos sexos;De 30 a 44 años;51,66666666;
Cañete de las Torres;2010;Demandantes;Ambos sexos;De 45 a 64 años;37,49999998;
Cañete de las Torres;2010;Demandantes;Ambos sexos;TOTAL;120,49999997;
Cañete de las Torres;2011;Demandantes;Hombres;De 16 a 29 años;22,33333333;
Cañete de las Torres;2011;Demandantes;Hombres;De 30 a 44 años;27,41666666;
Cañete de las Torres;2011;Demandantes;Hombres;De 45 a 64 años;35,91666669;
Cañete de las Torres;2011;Demandantes;Hombres;TOTAL;85,66666668;
Cañete de las Torres;2011;Demandantes;Mujeres;De 16 a 29 años;23,08333335;
Cañete de las Torres;2011;Demandantes;Mujeres;De 30 a 44 años;28,99999998;
Cañete de las Torres;2011;Demandantes;Mujeres;De 45 a 64 años;14,58333332;
Cañete de las Torres;2011;Demandantes;Mujeres;TOTAL;66,66666665;
Cañete de las Torres;2011;Demandantes;Ambos sexos;De 16 a 29 años;45,41666668;
Cañete de las Torres;2011;Demandantes;Ambos sexos;De 30 a 44 años;56,41666664;
Cañete de las Torres;2011;Demandantes;Ambos sexos;De 45 a 64 años;50,50000001;
Cañete de las Torres;2011;Demandantes;Ambos sexos;TOTAL;152,33333333;
Cañete de las Torres;2012;Demandantes;Hombres;De 16 a 29 años;25,75;
Cañete de las Torres;2012;Demandantes;Hombres;De 30 a 44 años;39,74999999;
Cañete de las Torres;2012;Demandantes;Hombres;De 45 a 64 años;46,25;
Cañete de las Torres;2012;Demandantes;Hombres;TOTAL;111,74999999;
Cañete de las Torres;2012;Demandantes;Mujeres;De 16 a 29 años;30,66666666;
Cañete de las Torres;2012;Demandantes;Mujeres;De 30 a 44 años;32,49999999;
Cañete de las Torres;2012;Demandantes;Mujeres;De 45 a 64 años;16,24999999;
Cañete de las Torres;2012;Demandantes;Mujeres;TOTAL;79,41666664;
Cañete de las Torres;2012;Demandantes;Ambos sexos;De 16 a 29 años;56,41666666;
Cañete de las Torres;2012;Demandantes;Ambos sexos;De 30 a 44 años;72,24999998;
Cañete de las Torres;2012;Demandantes;Ambos sexos;De 45 a 64 años;62,49999999;
Cañete de las Torres;2012;Demandantes;Ambos sexos;TOTAL;191,16666663;
Carcabuey;2010;Demandantes;Hombres;De 16 a 29 años;22,41666667;
Carcabuey;2010;Demandantes;Hombres;De 30 a 44 años;30,41666666;
Carcabuey;2010;Demandantes;Hombres;De 45 a 64 años;29,33333334;
Carcabuey;2010;Demandantes;Hombres;TOTAL;82,16666667;
Carcabuey;2010;Demandantes;Mujeres;De 16 a 29 años;18,83333332;
Carcabuey;2010;Demandantes;Mujeres;De 30 a 44 años;37,58333333;
Carcabuey;2010;Demandantes;Mujeres;De 45 a 64 años;18,66666666;
Carcabuey;2010;Demandantes;Mujeres;TOTAL;75,08333331;
Carcabuey;2010;Demandantes;Ambos sexos;De 16 a 29 años;41,24999999;
Carcabuey;2010;Demandantes;Ambos sexos;De 30 a 44 años;67,99999999;
Carcabuey;2010;Demandantes;Ambos sexos;De 45 a 64 años;48;
Carcabuey;2010;Demandantes;Ambos sexos;TOTAL;157,24999998;
Carcabuey;2011;Demandantes;Hombres;De 16 a 29 años;30,16666668;
Carcabuey;2011;Demandantes;Hombres;De 30 a 44 años;27,50000001;
Carcabuey;2011;Demandantes;Hombres;De 45 a 64 años;29,75000001;
Carcabuey;2011;Demandantes;Hombres;TOTAL;87,4166667;
Carcabuey;2011;Demandantes;Mujeres;De 16 a 29 años;21,66666667;
Carcabuey;2011;Demandantes;Mujeres;De 30 a 44 años;38,83333333;
Carcabuey;2011;Demandantes;Mujeres;De 45 a 64 años;20,08333335;
Carcabuey;2011;Demandantes;Mujeres;TOTAL;80,58333335;
Carcabuey;2011;Demandantes;Ambos sexos;De 16 a 29 años;51,83333335;
Carcabuey;2011;Demandantes;Ambos sexos;De 30 a 44 años;66,33333334;
Carcabuey;2011;Demandantes;Ambos sexos;De 45 a 64 años;49,83333336;
Carcabuey;2011;Demandantes;Ambos sexos;TOTAL;168,00000005;
Carcabuey;2012;Demandantes;Hombres;De 16 a 29 años;33,66666667;
Carcabuey;2012;Demandantes;Hombres;De 30 a 44 años;23,75000001;
Carcabuey;2012;Demandantes;Hombres;De 45 a 64 años;38;
Carcabuey;2012;Demandantes;Hombres;TOTAL;95,41666668;
Carcabuey;2012;Demandantes;Mujeres;De 16 a 29 años;30,50000001;
Carcabuey;2012;Demandantes;Mujeres;De 30 a 44 años;34,83333333;
Carcabuey;2012;Demandantes;Mujeres;De 45 a 64 años;25;
Carcabuey;2012;Demandantes;Mujeres;TOTAL;90,33333334;
Carcabuey;2012;Demandantes;Ambos sexos;De 16 a 29 años;64,16666668;
Carcabuey;2012;Demandantes;Ambos sexos;De 30 a 44 años;58,58333334;
Carcabuey;2012;Demandantes;Ambos sexos;De 45 a 64 años;63;
Carcabuey;2012;Demandantes;Ambos sexos;TOTAL;185,75000002;
Cardeña;2010;Demandantes;Hombres;De 16 a 29 años;14,08333334;
Cardeña;2010;Demandantes;Hombres;De 30 a 44 años;16,16666666;
Cardeña;2010;Demandantes;Hombres;De 45 a 64 años;12,66666666;
Cardeña;2010;Demandantes;Hombres;TOTAL;42,91666666;
Cardeña;2010;Demandantes;Mujeres;De 16 a 29 años;12,83333333;
Cardeña;2010;Demandantes;Mujeres;De 30 a 44 años;24,83333332;
Cardeña;2010;Demandantes;Mujeres;De 45 a 64 años;25,83333332;
Cardeña;2010;Demandantes;Mujeres;TOTAL;63,49999997;
Cardeña;2010;Demandantes;Ambos sexos;De 16 a 29 años;26,91666667;
Cardeña;2010;Demandantes;Ambos sexos;De 30 a 44 años;40,99999998;
Cardeña;2010;Demandantes;Ambos sexos;De 45 a 64 años;38,49999998;
Cardeña;2010;Demandantes;Ambos sexos;TOTAL;106,41666663;
Cardeña;2011;Demandantes;Hombres;De 16 a 29 años;17,33333332;
Cardeña;2011;Demandantes;Hombres;De 30 a 44 años;19,33333333;
Cardeña;2011;Demandantes;Hombres;De 45 a 64 años;23,08333331;
Cardeña;2011;Demandantes;Hombres;TOTAL;59,74999996;
Cardeña;2011;Demandantes;Mujeres;De 16 a 29 años;15,33333334;
Cardeña;2011;Demandantes;Mujeres;De 30 a 44 años;29,33333335;
Cardeña;2011;Demandantes;Mujeres;De 45 a 64 años;27,91666668;
Cardeña;2011;Demandantes;Mujeres;TOTAL;72,58333337;
Cardeña;2011;Demandantes;Ambos sexos;De 16 a 29 años;32,66666666;
Cardeña;2011;Demandantes;Ambos sexos;De 30 a 44 años;48,66666668;
Cardeña;2011;Demandantes;Ambos sexos;De 45 a 64 años;50,99999999;
Cardeña;2011;Demandantes;Ambos sexos;TOTAL;132,33333333;
Cardeña;2012;Demandantes;Hombres;De 16 a 29 años;21,08333334;
Cardeña;2012;Demandantes;Hombres;De 30 a 44 años;18;
Cardeña;2012;Demandantes;Hombres;De 45 a 64 años;31,49999999;
Cardeña;2012;Demandantes;Hombres;TOTAL;70,58333333;
Cardeña;2012;Demandantes;Mujeres;De 16 a 29 años;18,66666666;
Cardeña;2012;Demandantes;Mujeres;De 30 a 44 años;36,66666666;
Cardeña;2012;Demandantes;Mujeres;De 45 a 64 años;30;
Cardeña;2012;Demandantes;Mujeres;TOTAL;85,33333332;
Cardeña;2012;Demandantes;Ambos sexos;De 16 a 29 años;39,75;
Cardeña;2012;Demandantes;Ambos sexos;De 30 a 44 años;54,66666666;
Cardeña;2012;Demandantes;Ambos sexos;De 45 a 64 años;61,49999999;
Cardeña;2012;Demandantes;Ambos sexos;TOTAL;155,91666665;
Castro del Río;2010;Demandantes;Hombres;De 16 a 29 años;75,91666666;
Castro del Río;2010;Demandantes;Hombres;De 30 a 44 años;74,83333332;
Castro del Río;2010;Demandantes;Hombres;De 45 a 64 años;64,25000001;
Castro del Río;2010;Demandantes;Hombres;TOTAL;214,99999999;
Castro del Río;2010;Demandantes;Mujeres;De 16 a 29 años;73,16666665;
Castro del Río;2010;Demandantes;Mujeres;De 30 a 44 años;82,66666669;
Castro del Río;2010;Demandantes;Mujeres;De 45 a 64 años;40,91666667;
Castro del Río;2010;Demandantes;Mujeres;TOTAL;196,75000001;
Castro del Río;2010;Demandantes;Ambos sexos;De 16 a 29 años;149,08333331;
Castro del Río;2010;Demandantes;Ambos sexos;De 30 a 44 años;157,50000001;
Castro del Río;2010;Demandantes;Ambos sexos;De 45 a 64 años;105,16666668;
Castro del Río;2010;Demandantes;Ambos sexos;TOTAL;411,75;
Castro del Río;2011;Demandantes;Hombres;De 16 a 29 años;75,24999999;
Castro del Río;2011;Demandantes;Hombres;De 30 a 44 años;91,58333331;
Castro del Río;2011;Demandantes;Hombres;De 45 a 64 años;83,83333333;
Castro del Río;2011;Demandantes;Hombres;TOTAL;250,66666663;
Castro del Río;2011;Demandantes;Mujeres;De 16 a 29 años;85,50000001;
Castro del Río;2011;Demandantes;Mujeres;De 30 a 44 años;85,49999998;
Castro del Río;2011;Demandantes;Mujeres;De 45 a 64 años;39,66666667;
Castro del Río;2011;Demandantes;Mujeres;TOTAL;210,66666666;
Castro del Río;2011;Demandantes;Ambos sexos;De 16 a 29 años;160,75;
Castro del Río;2011;Demandantes;Ambos sexos;De 30 a 44 años;177,08333329;
Castro del Río;2011;Demandantes;Ambos sexos;De 45 a 64 años;123,5;
Castro del Río;2011;Demandantes;Ambos sexos;TOTAL;461,33333329;
Castro del Río;2012;Demandantes;Hombres;De 16 a 29 años;86,49999998;
Castro del Río;2012;Demandantes;Hombres;De 30 a 44 años;102,66666664;
Castro del Río;2012;Demandantes;Hombres;De 45 a 64 años;115,25000001;
Castro del Río;2012;Demandantes;Hombres;TOTAL;304,41666663;
Castro del Río;2012;Demandantes;Mujeres;De 16 a 29 años;115,41666665;
Castro del Río;2012;Demandantes;Mujeres;De 30 a 44 años;102,91666665;
Castro del Río;2012;Demandantes;Mujeres;De 45 a 64 años;41,41666668;
Castro del Río;2012;Demandantes;Mujeres;TOTAL;259,74999998;
Castro del Río;2012;Demandantes;Ambos sexos;De 16 a 29 años;201,91666663;
Castro del Río;2012;Demandantes;Ambos sexos;De 30 a 44 años;205,58333329;
Castro del Río;2012;Demandantes;Ambos sexos;De 45 a 64 años;156,66666669;
Castro del Río;2012;Demandantes;Ambos sexos;TOTAL;564,16666661;
Conquista;2010;Demandantes;Hombres;De 16 a 29 años;4,16666667;
Conquista;2010;Demandantes;Hombres;De 30 a 44 años;2,08333333;
Conquista;2010;Demandantes;Hombres;De 45 a 64 años;2,25000001;
Conquista;2010;Demandantes;Hombres;TOTAL;8,50000001;
Conquista;2010;Demandantes;Mujeres;De 16 a 29 años;3,58333334;
Conquista;2010;Demandantes;Mujeres;De 30 a 44 años;4,99999999;
Conquista;2010;Demandantes;Mujeres;De 45 a 64 años;7,41666666;
Conquista;2010;Demandantes;Mujeres;TOTAL;15,99999999;
Conquista;2010;Demandantes;Ambos sexos;De 16 a 29 años;7,75000001;
Conquista;2010;Demandantes;Ambos sexos;De 30 a 44 años;7,08333332;
Conquista;2010;Demandantes;Ambos sexos;De 45 a 64 años;9,66666667;
Conquista;2010;Demandantes;Ambos sexos;TOTAL;24,5;
Conquista;2011;Demandantes;Hombres;De 16 a 29 años;5,08333334;
Conquista;2011;Demandantes;Hombres;De 30 a 44 años;4,41666667;
Conquista;2011;Demandantes;Hombres;De 45 a 64 años;4,25;
Conquista;2011;Demandantes;Hombres;TOTAL;13,75000001;
Conquista;2011;Demandantes;Mujeres;De 16 a 29 años;3,66666667;
Conquista;2011;Demandantes;Mujeres;De 30 a 44 años;2,83333334;
Conquista;2011;Demandantes;Mujeres;De 45 a 64 años;8,25;
Conquista;2011;Demandantes;Mujeres;TOTAL;14,75000001;
Conquista;2011;Demandantes;Ambos sexos;De 16 a 29 años;8,75000001;
Conquista;2011;Demandantes;Ambos sexos;De 30 a 44 años;7,25000001;
Conquista;2011;Demandantes;Ambos sexos;De 45 a 64 años;12,5;
Conquista;2011;Demandantes;Ambos sexos;TOTAL;28,50000002;
Conquista;2012;Demandantes;Hombres;De 16 a 29 años;6,24999999;
Conquista;2012;Demandantes;Hombres;De 30 a 44 años;5,91666667;
Conquista;2012;Demandantes;Hombres;De 45 a 64 años;2,41666666;
Conquista;2012;Demandantes;Hombres;TOTAL;14,58333332;
Conquista;2012;Demandantes;Mujeres;De 16 a 29 años;6,08333333;
Conquista;2012;Demandantes;Mujeres;De 30 a 44 años;6,08333333;
Conquista;2012;Demandantes;Mujeres;De 45 a 64 años;10,50000001;
Conquista;2012;Demandantes;Mujeres;TOTAL;22,66666667;
Conquista;2012;Demandantes;Ambos sexos;De 16 a 29 años;12,33333332;
Conquista;2012;Demandantes;Ambos sexos;De 30 a 44 años;12;
Conquista;2012;Demandantes;Ambos sexos;De 45 a 64 años;12,91666667;
Conquista;2012;Demandantes;Ambos sexos;TOTAL;37,24999999;
Córdoba (capital);2010;Demandantes;Hombres;De 16 a 29 años;4696,25000001;
Córdoba (capital);2010;Demandantes;Hombres;De 30 a 44 años;6507,24999999;
Córdoba (capital);2010;Demandantes;Hombres;De 45 a 64 años;6114,5;
Córdoba (capital);2010;Demandantes;Hombres;TOTAL;17318;
Córdoba (capital);2010;Demandantes;Mujeres;De 16 a 29 años;4278,99999999;
Córdoba (capital);2010;Demandantes;Mujeres;De 30 a 44 años;8487,99999996;
Córdoba (capital);2010;Demandantes;Mujeres;De 45 a 64 años;8876,41666662;
Córdoba (capital);2010;Demandantes;Mujeres;TOTAL;21643,41666657;
Córdoba (capital);2010;Demandantes;Ambos sexos;De 16 a 29 años;8975,25;
Córdoba (capital);2010;Demandantes;Ambos sexos;De 30 a 44 años;14995,24999995;
Córdoba (capital);2010;Demandantes;Ambos sexos;De 45 a 64 años;14990,91666662;
Córdoba (capital);2010;Demandantes;Ambos sexos;TOTAL;38961,41666657;
Córdoba (capital);2011;Demandantes;Hombres;De 16 a 29 años;4715,58333336;
Córdoba (capital);2011;Demandantes;Hombres;De 30 a 44 años;6544,91666664;
Córdoba (capital);2011;Demandantes;Hombres;De 45 a 64 años;6688,49999997;
Córdoba (capital);2011;Demandantes;Hombres;TOTAL;17948,99999997;
Córdoba (capital);2011;Demandantes;Mujeres;De 16 a 29 años;4609,99999996;
Córdoba (capital);2011;Demandantes;Mujeres;De 30 a 44 años;8522,66666665;
Córdoba (capital);2011;Demandantes;Mujeres;De 45 a 64 años;9241,16666666;
Córdoba (capital);2011;Demandantes;Mujeres;TOTAL;22373,83333327;
Córdoba (capital);2011;Demandantes;Ambos sexos;De 16 a 29 años;9325,58333332;
Córdoba (capital);2011;Demandantes;Ambos sexos;De 30 a 44 años;15067,58333329;
Córdoba (capital);2011;Demandantes;Ambos sexos;De 45 a 64 años;15929,66666663;
Córdoba (capital);2011;Demandantes;Ambos sexos;TOTAL;40322,83333324;
Córdoba (capital);2012;Demandantes;Hombres;De 16 a 29 años;5322,33333328;
Córdoba (capital);2012;Demandantes;Hombres;De 30 a 44 años;7673,74999997;
Córdoba (capital);2012;Demandantes;Hombres;De 45 a 64 años;8108,91666663;
Córdoba (capital);2012;Demandantes;Hombres;TOTAL;21104,99999988;
Córdoba (capital);2012;Demandantes;Mujeres;De 16 a 29 años;5103,16666665;
Córdoba (capital);2012;Demandantes;Mujeres;De 30 a 44 años;9295,91666662;
Córdoba (capital);2012;Demandantes;Mujeres;De 45 a 64 años;10071,1666666;
Córdoba (capital);2012;Demandantes;Mujeres;TOTAL;24470,24999987;
Córdoba (capital);2012;Demandantes;Ambos sexos;De 16 a 29 años;10425,49999993;
Córdoba (capital);2012;Demandantes;Ambos sexos;De 30 a 44 años;16969,66666659;
Córdoba (capital);2012;Demandantes;Ambos sexos;De 45 a 64 años;18180,08333323;
Córdoba (capital);2012;Demandantes;Ambos sexos;TOTAL;45575,24999975;
Doña Mencía;2010;Demandantes;Hombres;De 16 a 29 años;30,49999999;
Doña Mencía;2010;Demandantes;Hombres;De 30 a 44 años;47,75000001;
Doña Mencía;2010;Demandantes;Hombres;De 45 a 64 años;47,33333334;
Doña Mencía;2010;Demandantes;Hombres;TOTAL;125,58333334;
Doña Mencía;2010;Demandantes;Mujeres;De 16 a 29 años;43,08333333;
Doña Mencía;2010;Demandantes;Mujeres;De 30 a 44 años;41,74999999;
Doña Mencía;2010;Demandantes;Mujeres;De 45 a 64 años;28,08333333;
Doña Mencía;2010;Demandantes;Mujeres;TOTAL;112,91666665;
Doña Mencía;2010;Demandantes;Ambos sexos;De 16 a 29 años;73,58333332;
Doña Mencía;2010;Demandantes;Ambos sexos;De 30 a 44 años;89,5;
Doña Mencía;2010;Demandantes;Ambos sexos;De 45 a 64 años;75,41666667;
Doña Mencía;2010;Demandantes;Ambos sexos;TOTAL;238,49999999;
Doña Mencía;2011;Demandantes;Hombres;De 16 a 29 años;36,99999998;
Doña Mencía;2011;Demandantes;Hombres;De 30 a 44 años;52,24999999;
Doña Mencía;2011;Demandantes;Hombres;De 45 a 64 años;51,83333334;
Doña Mencía;2011;Demandantes;Hombres;TOTAL;141,08333331;
Doña Mencía;2011;Demandantes;Mujeres;De 16 a 29 años;55,49999999;
Doña Mencía;2011;Demandantes;Mujeres;De 30 a 44 años;44,66666666;
Doña Mencía;2011;Demandantes;Mujeres;De 45 a 64 años;29,66666668;
Doña Mencía;2011;Demandantes;Mujeres;TOTAL;129,83333333;
Doña Mencía;2011;Demandantes;Ambos sexos;De 16 a 29 años;92,49999997;
Doña Mencía;2011;Demandantes;Ambos sexos;De 30 a 44 años;96,91666665;
Doña Mencía;2011;Demandantes;Ambos sexos;De 45 a 64 años;81,50000002;
Doña Mencía;2011;Demandantes;Ambos sexos;TOTAL;270,91666664;
Doña Mencía;2012;Demandantes;Hombres;De 16 a 29 años;46,74999998;
Doña Mencía;2012;Demandantes;Hombres;De 30 a 44 años;74,83333333;
Doña Mencía;2012;Demandantes;Hombres;De 45 a 64 años;68,91666668;
Doña Mencía;2012;Demandantes;Hombres;TOTAL;190,49999999;
Doña Mencía;2012;Demandantes;Mujeres;De 16 a 29 años;77,66666667;
Doña Mencía;2012;Demandantes;Mujeres;De 30 a 44 años;55,08333333;
Doña Mencía;2012;Demandantes;Mujeres;De 45 a 64 años;31,16666667;
Doña Mencía;2012;Demandantes;Mujeres;TOTAL;163,91666667;
Doña Mencía;2012;Demandantes;Ambos sexos;De 16 a 29 años;124,41666665;
Doña Mencía;2012;Demandantes;Ambos sexos;De 30 a 44 años;129,91666666;
Doña Mencía;2012;Demandantes;Ambos sexos;De 45 a 64 años;100,08333335;
Doña Mencía;2012;Demandantes;Ambos sexos;TOTAL;354,41666666;
Dos Torres;2010;Demandantes;Hombres;De 16 a 29 años;23,33333334;
Dos Torres;2010;Demandantes;Hombres;De 30 a 44 años;27,25;
Dos Torres;2010;Demandantes;Hombres;De 45 a 64 años;33,83333331;
Dos Torres;2010;Demandantes;Hombres;TOTAL;84,41666665;
Dos Torres;2010;Demandantes;Mujeres;De 16 a 29 años;28,58333333;
Dos Torres;2010;Demandantes;Mujeres;De 30 a 44 años;64,83333333;
Dos Torres;2010;Demandantes;Mujeres;De 45 a 64 años;49,91666667;
Dos Torres;2010;Demandantes;Mujeres;TOTAL;143,33333333;
Dos Torres;2010;Demandantes;Ambos sexos;De 16 a 29 años;51,91666667;
Dos Torres;2010;Demandantes;Ambos sexos;De 30 a 44 años;92,08333333;
Dos Torres;2010;Demandantes;Ambos sexos;De 45 a 64 años;83,74999998;
Dos Torres;2010;Demandantes;Ambos sexos;TOTAL;227,74999998;
Dos Torres;2011;Demandantes;Hombres;De 16 a 29 años;33,50000002;
Dos Torres;2011;Demandantes;Hombres;De 30 a 44 años;26,25;
Dos Torres;2011;Demandantes;Hombres;De 45 a 64 años;36,74999999;
Dos Torres;2011;Demandantes;Hombres;TOTAL;96,50000001;
Dos Torres;2011;Demandantes;Mujeres;De 16 a 29 años;27,91666667;
Dos Torres;2011;Demandantes;Mujeres;De 30 a 44 años;48,83333336;
Dos Torres;2011;Demandantes;Mujeres;De 45 a 64 años;60,91666668;
Dos Torres;2011;Demandantes;Mujeres;TOTAL;137,66666671;
Dos Torres;2011;Demandantes;Ambos sexos;De 16 a 29 años;61,41666669;
Dos Torres;2011;Demandantes;Ambos sexos;De 30 a 44 años;75,08333336;
Dos Torres;2011;Demandantes;Ambos sexos;De 45 a 64 años;97,66666667;
Dos Torres;2011;Demandantes;Ambos sexos;TOTAL;234,16666672;
Dos Torres;2012;Demandantes;Hombres;De 16 a 29 años;38,33333334;
Dos Torres;2012;Demandantes;Hombres;De 30 a 44 años;32,91666668;
Dos Torres;2012;Demandantes;Hombres;De 45 a 64 años;60,16666667;
Dos Torres;2012;Demandantes;Hombres;TOTAL;131,41666669;
Dos Torres;2012;Demandantes;Mujeres;De 16 a 29 años;35,33333332;
Dos Torres;2012;Demandantes;Mujeres;De 30 a 44 años;60,83333333;
Dos Torres;2012;Demandantes;Mujeres;De 45 a 64 años;79,75;
Dos Torres;2012;Demandantes;Mujeres;TOTAL;175,91666665;
Dos Torres;2012;Demandantes;Ambos sexos;De 16 a 29 años;73,66666666;
Dos Torres;2012;Demandantes;Ambos sexos;De 30 a 44 años;93,75000001;
Dos Torres;2012;Demandantes;Ambos sexos;De 45 a 64 años;139,91666667;
Dos Torres;2012;Demandantes;Ambos sexos;TOTAL;307,33333334;
El Carpio;2010;Demandantes;Hombres;De 16 a 29 años;64,41666667;
El Carpio;2010;Demandantes;Hombres;De 30 a 44 años;79,91666667;
El Carpio;2010;Demandantes;Hombres;De 45 a 64 años;82,08333334;
El Carpio;2010;Demandantes;Hombres;TOTAL;226,41666668;
El Carpio;2010;Demandantes;Mujeres;De 16 a 29 años;60,00000001;
El Carpio;2010;Demandantes;Mujeres;De 30 a 44 años;92,83333334;
El Carpio;2010;Demandantes;Mujeres;De 45 a 64 años;41,58333333;
El Carpio;2010;Demandantes;Mujeres;TOTAL;194,41666668;
El Carpio;2010;Demandantes;Ambos sexos;De 16 a 29 años;124,41666668;
El Carpio;2010;Demandantes;Ambos sexos;De 30 a 44 años;172,75000001;
El Carpio;2010;Demandantes;Ambos sexos;De 45 a 64 años;123,66666667;
El Carpio;2010;Demandantes;Ambos sexos;TOTAL;420,83333336;
El Carpio;2011;Demandantes;Hombres;De 16 a 29 años;59;
El Carpio;2011;Demandantes;Hombres;De 30 a 44 años;72,08333334;
El Carpio;2011;Demandantes;Hombres;De 45 a 64 años;83,33333333;
El Carpio;2011;Demandantes;Hombres;TOTAL;214,41666667;
El Carpio;2011;Demandantes;Mujeres;De 16 a 29 años;63,58333332;
El Carpio;2011;Demandantes;Mujeres;De 30 a 44 años;95,5;
El Carpio;2011;Demandantes;Mujeres;De 45 a 64 años;52,49999999;
El Carpio;2011;Demandantes;Mujeres;TOTAL;211,58333331;
El Carpio;2011;Demandantes;Ambos sexos;De 16 a 29 años;122,58333332;
El Carpio;2011;Demandantes;Ambos sexos;De 30 a 44 años;167,58333334;
El Carpio;2011;Demandantes;Ambos sexos;De 45 a 64 años;135,83333332;
El Carpio;2011;Demandantes;Ambos sexos;TOTAL;425,99999998;
El Carpio;2012;Demandantes;Hombres;De 16 a 29 años;91,08333334;
El Carpio;2012;Demandantes;Hombres;De 30 a 44 años;119,33333333;
El Carpio;2012;Demandantes;Hombres;De 45 a 64 años;124,33333334;
El Carpio;2012;Demandantes;Hombres;TOTAL;334,75000001;
El Carpio;2012;Demandantes;Mujeres;De 16 a 29 años;85,08333335;
El Carpio;2012;Demandantes;Mujeres;De 30 a 44 años;103,16666665;
El Carpio;2012;Demandantes;Mujeres;De 45 a 64 años;64,66666668;
El Carpio;2012;Demandantes;Mujeres;TOTAL;252,91666668;
El Carpio;2012;Demandantes;Ambos sexos;De 16 a 29 años;176,16666669;
El Carpio;2012;Demandantes;Ambos sexos;De 30 a 44 años;222,49999998;
El Carpio;2012;Demandantes;Ambos sexos;De 45 a 64 años;189,00000002;
El Carpio;2012;Demandantes;Ambos sexos;TOTAL;587,66666669;
El Guijo;2010;Demandantes;Hombres;De 16 a 29 años;5,58333334;
El Guijo;2010;Demandantes;Hombres;De 30 a 44 años;7,16666667;
El Guijo;2010;Demandantes;Hombres;De 45 a 64 años;7,5;
El Guijo;2010;Demandantes;Hombres;TOTAL;20,25000001;
El Guijo;2010;Demandantes;Mujeres;De 16 a 29 años;5,74999999;
El Guijo;2010;Demandantes;Mujeres;De 30 a 44 años;5,25;
El Guijo;2010;Demandantes;Mujeres;De 45 a 64 años;7,08333333;
El Guijo;2010;Demandantes;Mujeres;TOTAL;18,08333332;
El Guijo;2010;Demandantes;Ambos sexos;De 16 a 29 años;11,33333333;
El Guijo;2010;Demandantes;Ambos sexos;De 30 a 44 años;12,41666667;
El Guijo;2010;Demandantes;Ambos sexos;De 45 a 64 años;14,58333333;
El Guijo;2010;Demandantes;Ambos sexos;TOTAL;38,33333333;
El Guijo;2011;Demandantes;Hombres;De 16 a 29 años;6,33333333;
El Guijo;2011;Demandantes;Hombres;De 30 a 44 años;5,83333333;
El Guijo;2011;Demandantes;Hombres;De 45 a 64 años;10,41666667;
El Guijo;2011;Demandantes;Hombres;TOTAL;22,58333333;
El Guijo;2011;Demandantes;Mujeres;De 16 a 29 años;4,08333333;
El Guijo;2011;Demandantes;Mujeres;De 30 a 44 años;6,33333333;
El Guijo;2011;Demandantes;Mujeres;De 45 a 64 años;6,99999999;
El Guijo;2011;Demandantes;Mujeres;TOTAL;17,41666665;
El Guijo;2011;Demandantes;Ambos sexos;De 16 a 29 años;10,41666666;
El Guijo;2011;Demandantes;Ambos sexos;De 30 a 44 años;12,16666666;
El Guijo;2011;Demandantes;Ambos sexos;De 45 a 64 años;17,41666666;
El Guijo;2011;Demandantes;Ambos sexos;TOTAL;39,99999998;
El Guijo;2012;Demandantes;Hombres;De 16 a 29 años;7,41666667;
El Guijo;2012;Demandantes;Hombres;De 30 a 44 años;9,91666666;
El Guijo;2012;Demandantes;Hombres;De 45 a 64 años;9,41666668;
El Guijo;2012;Demandantes;Hombres;TOTAL;26,75000001;
El Guijo;2012;Demandantes;Mujeres;De 16 a 29 años;7;
El Guijo;2012;Demandantes;Mujeres;De 30 a 44 años;6,74999999;
El Guijo;2012;Demandantes;Mujeres;De 45 a 64 años;9,16666667;
El Guijo;2012;Demandantes;Mujeres;TOTAL;22,91666666;
El Guijo;2012;Demandantes;Ambos sexos;De 16 a 29 años;14,41666667;
El Guijo;2012;Demandantes;Ambos sexos;De 30 a 44 años;16,66666665;
El Guijo;2012;Demandantes;Ambos sexos;De 45 a 64 años;18,58333335;
El Guijo;2012;Demandantes;Ambos sexos;TOTAL;49,66666667;
El Viso;2010;Demandantes;Hombres;De 16 a 29 años;28,5;
El Viso;2010;Demandantes;Hombres;De 30 a 44 años;29,91666665;
El Viso;2010;Demandantes;Hombres;De 45 a 64 años;36,00000002;
El Viso;2010;Demandantes;Hombres;TOTAL;94,41666667;
El Viso;2010;Demandantes;Mujeres;De 16 a 29 años;24;
El Viso;2010;Demandantes;Mujeres;De 30 a 44 años;40,16666666;
El Viso;2010;Demandantes;Mujeres;De 45 a 64 años;16,33333334;
El Viso;2010;Demandantes;Mujeres;TOTAL;80,5;
El Viso;2010;Demandantes;Ambos sexos;De 16 a 29 años;52,5;
El Viso;2010;Demandantes;Ambos sexos;De 30 a 44 años;70,08333331;
El Viso;2010;Demandantes;Ambos sexos;De 45 a 64 años;52,33333336;
El Viso;2010;Demandantes;Ambos sexos;TOTAL;174,91666667;
El Viso;2011;Demandantes;Hombres;De 16 a 29 años;35,58333335;
El Viso;2011;Demandantes;Hombres;De 30 a 44 años;32,83333333;
El Viso;2011;Demandantes;Hombres;De 45 a 64 años;46,5;
El Viso;2011;Demandantes;Hombres;TOTAL;114,91666668;
El Viso;2011;Demandantes;Mujeres;De 16 a 29 años;28,5;
El Viso;2011;Demandantes;Mujeres;De 30 a 44 años;51,16666667;
El Viso;2011;Demandantes;Mujeres;De 45 a 64 años;23,00000001;
El Viso;2011;Demandantes;Mujeres;TOTAL;102,66666668;
El Viso;2011;Demandantes;Ambos sexos;De 16 a 29 años;64,08333335;
El Viso;2011;Demandantes;Ambos sexos;De 30 a 44 años;84;
El Viso;2011;Demandantes;Ambos sexos;De 45 a 64 años;69,50000001;
El Viso;2011;Demandantes;Ambos sexos;TOTAL;217,58333336;
El Viso;2012;Demandantes;Hombres;De 16 a 29 años;41,75;
El Viso;2012;Demandantes;Hombres;De 30 a 44 años;50,08333333;
El Viso;2012;Demandantes;Hombres;De 45 a 64 años;68,99999999;
El Viso;2012;Demandantes;Hombres;TOTAL;160,83333332;
El Viso;2012;Demandantes;Mujeres;De 16 a 29 años;33,00000001;
El Viso;2012;Demandantes;Mujeres;De 30 a 44 años;54,74999998;
El Viso;2012;Demandantes;Mujeres;De 45 a 64 años;28,66666666;
El Viso;2012;Demandantes;Mujeres;TOTAL;116,41666665;
El Viso;2012;Demandantes;Ambos sexos;De 16 a 29 años;74,75000001;
El Viso;2012;Demandantes;Ambos sexos;De 30 a 44 años;104,83333331;
El Viso;2012;Demandantes;Ambos sexos;De 45 a 64 años;97,66666665;
El Viso;2012;Demandantes;Ambos sexos;TOTAL;277,24999997;
Encinas Reales;2010;Demandantes;Hombres;De 16 a 29 años;41,58333335;
Encinas Reales;2010;Demandantes;Hombres;De 30 a 44 años;48,33333334;
Encinas Reales;2010;Demandantes;Hombres;De 45 a 64 años;39,99999999;
Encinas Reales;2010;Demandantes;Hombres;TOTAL;129,91666668;
Encinas Reales;2010;Demandantes;Mujeres;De 16 a 29 años;32,16666667;
Encinas Reales;2010;Demandantes;Mujeres;De 30 a 44 años;39,58333333;
Encinas Reales;2010;Demandantes;Mujeres;De 45 a 64 años;14,58333333;
Encinas Reales;2010;Demandantes;Mujeres;TOTAL;86,33333333;
Encinas Reales;2010;Demandantes;Ambos sexos;De 16 a 29 años;73,75000002;
Encinas Reales;2010;Demandantes;Ambos sexos;De 30 a 44 años;87,91666667;
Encinas Reales;2010;Demandantes;Ambos sexos;De 45 a 64 años;54,58333332;
Encinas Reales;2010;Demandantes;Ambos sexos;TOTAL;216,25000001;
Encinas Reales;2011;Demandantes;Hombres;De 16 a 29 años;29,08333335;
Encinas Reales;2011;Demandantes;Hombres;De 30 a 44 años;47,75000001;
Encinas Reales;2011;Demandantes;Hombres;De 45 a 64 años;42,91666666;
Encinas Reales;2011;Demandantes;Hombres;TOTAL;119,75000002;
Encinas Reales;2011;Demandantes;Mujeres;De 16 a 29 años;23,99999999;
Encinas Reales;2011;Demandantes;Mujeres;De 30 a 44 años;35,08333333;
Encinas Reales;2011;Demandantes;Mujeres;De 45 a 64 años;17,33333332;
Encinas Reales;2011;Demandantes;Mujeres;TOTAL;76,41666664;
Encinas Reales;2011;Demandantes;Ambos sexos;De 16 a 29 años;53,08333334;
Encinas Reales;2011;Demandantes;Ambos sexos;De 30 a 44 años;82,83333334;
Encinas Reales;2011;Demandantes;Ambos sexos;De 45 a 64 años;60,24999998;
Encinas Reales;2011;Demandantes;Ambos sexos;TOTAL;196,16666666;
Encinas Reales;2012;Demandantes;Hombres;De 16 a 29 años;24,08333332;
Encinas Reales;2012;Demandantes;Hombres;De 30 a 44 años;51,66666667;
Encinas Reales;2012;Demandantes;Hombres;De 45 a 64 años;45,91666669;
Encinas Reales;2012;Demandantes;Hombres;TOTAL;121,66666668;
Encinas Reales;2012;Demandantes;Mujeres;De 16 a 29 años;29,91666666;
Encinas Reales;2012;Demandantes;Mujeres;De 30 a 44 años;36,74999999;
Encinas Reales;2012;Demandantes;Mujeres;De 45 a 64 años;22,99999999;
Encinas Reales;2012;Demandantes;Mujeres;TOTAL;89,66666664;
Encinas Reales;2012;Demandantes;Ambos sexos;De 16 a 29 años;53,99999998;
Encinas Reales;2012;Demandantes;Ambos sexos;De 30 a 44 años;88,41666666;
Encinas Reales;2012;Demandantes;Ambos sexos;De 45 a 64 años;68,91666668;
Encinas Reales;2012;Demandantes;Ambos sexos;TOTAL;211,33333332;
Espejo;2010;Demandantes;Hombres;De 16 a 29 años;17,41666665;
Espejo;2010;Demandantes;Hombres;De 30 a 44 años;34,16666667;
Espejo;2010;Demandantes;Hombres;De 45 a 64 años;32,25000001;
Espejo;2010;Demandantes;Hombres;TOTAL;83,83333333;
Espejo;2010;Demandantes;Mujeres;De 16 a 29 años;26,66666668;
Espejo;2010;Demandantes;Mujeres;De 30 a 44 años;16,00000001;
Espejo;2010;Demandantes;Mujeres;De 45 a 64 años;10,66666666;
Espejo;2010;Demandantes;Mujeres;TOTAL;53,33333335;
Espejo;2010;Demandantes;Ambos sexos;De 16 a 29 años;44,08333333;
Espejo;2010;Demandantes;Ambos sexos;De 30 a 44 años;50,16666668;
Espejo;2010;Demandantes;Ambos sexos;De 45 a 64 años;42,91666667;
Espejo;2010;Demandantes;Ambos sexos;TOTAL;137,16666668;
Espejo;2011;Demandantes;Hombres;De 16 a 29 años;17,08333335;
Espejo;2011;Demandantes;Hombres;De 30 a 44 años;28,16666666;
Espejo;2011;Demandantes;Hombres;De 45 a 64 años;36,08333333;
Espejo;2011;Demandantes;Hombres;TOTAL;81,33333334;
Espejo;2011;Demandantes;Mujeres;De 16 a 29 años;37,41666667;
Espejo;2011;Demandantes;Mujeres;De 30 a 44 años;22,5;
Espejo;2011;Demandantes;Mujeres;De 45 a 64 años;9,58333332;
Espejo;2011;Demandantes;Mujeres;TOTAL;69,49999999;
Espejo;2011;Demandantes;Ambos sexos;De 16 a 29 años;54,50000002;
Espejo;2011;Demandantes;Ambos sexos;De 30 a 44 años;50,66666666;
Espejo;2011;Demandantes;Ambos sexos;De 45 a 64 años;45,66666665;
Espejo;2011;Demandantes;Ambos sexos;TOTAL;150,83333333;
Espejo;2012;Demandantes;Hombres;De 16 a 29 años;19,08333335;
Espejo;2012;Demandantes;Hombres;De 30 a 44 años;35,83333333;
Espejo;2012;Demandantes;Hombres;De 45 a 64 años;48,58333333;
Espejo;2012;Demandantes;Hombres;TOTAL;103,50000001;
Espejo;2012;Demandantes;Mujeres;De 16 a 29 años;40,83333333;
Espejo;2012;Demandantes;Mujeres;De 30 a 44 años;24,00000001;
Espejo;2012;Demandantes;Mujeres;De 45 a 64 años;11,83333335;
Espejo;2012;Demandantes;Mujeres;TOTAL;76,66666669;
Espejo;2012;Demandantes;Ambos sexos;De 16 a 29 años;59,91666668;
Espejo;2012;Demandantes;Ambos sexos;De 30 a 44 años;59,83333334;
Espejo;2012;Demandantes;Ambos sexos;De 45 a 64 años;60,41666668;
Espejo;2012;Demandantes;Ambos sexos;TOTAL;180,1666667;
Espiel;2010;Demandantes;Hombres;De 16 a 29 años;27,83333334;
Espiel;2010;Demandantes;Hombres;De 30 a 44 años;27,83333334;
Espiel;2010;Demandantes;Hombres;De 45 a 64 años;26,16666666;
Espiel;2010;Demandantes;Hombres;TOTAL;81,83333334;
Espiel;2010;Demandantes;Mujeres;De 16 a 29 años;40,58333333;
Espiel;2010;Demandantes;Mujeres;De 30 a 44 años;67,66666667;
Espiel;2010;Demandantes;Mujeres;De 45 a 64 años;59,75000001;
Espiel;2010;Demandantes;Mujeres;TOTAL;168,00000001;
Espiel;2010;Demandantes;Ambos sexos;De 16 a 29 años;68,41666667;
Espiel;2010;Demandantes;Ambos sexos;De 30 a 44 años;95,50000001;
Espiel;2010;Demandantes;Ambos sexos;De 45 a 64 años;85,91666667;
Espiel;2010;Demandantes;Ambos sexos;TOTAL;249,83333335;
Espiel;2011;Demandantes;Hombres;De 16 a 29 años;23,66666666;
Espiel;2011;Demandantes;Hombres;De 30 a 44 años;30,99999999;
Espiel;2011;Demandantes;Hombres;De 45 a 64 años;33,33333335;
Espiel;2011;Demandantes;Hombres;TOTAL;88;
Espiel;2011;Demandantes;Mujeres;De 16 a 29 años;44,49999999;
Espiel;2011;Demandantes;Mujeres;De 30 a 44 años;69,66666666;
Espiel;2011;Demandantes;Mujeres;De 45 a 64 años;59,74999999;
Espiel;2011;Demandantes;Mujeres;TOTAL;173,91666664;
Espiel;2011;Demandantes;Ambos sexos;De 16 a 29 años;68,16666665;
Espiel;2011;Demandantes;Ambos sexos;De 30 a 44 años;100,66666665;
Espiel;2011;Demandantes;Ambos sexos;De 45 a 64 años;93,08333334;
Espiel;2011;Demandantes;Ambos sexos;TOTAL;261,91666664;
Espiel;2012;Demandantes;Hombres;De 16 a 29 años;50,33333332;
Espiel;2012;Demandantes;Hombres;De 30 a 44 años;42,50000001;
Espiel;2012;Demandantes;Hombres;De 45 a 64 años;48,75;
Espiel;2012;Demandantes;Hombres;TOTAL;141,58333333;
Espiel;2012;Demandantes;Mujeres;De 16 a 29 años;59,66666666;
Espiel;2012;Demandantes;Mujeres;De 30 a 44 años;76,66666668;
Espiel;2012;Demandantes;Mujeres;De 45 a 64 años;73,16666668;
Espiel;2012;Demandantes;Mujeres;TOTAL;209,50000002;
Espiel;2012;Demandantes;Ambos sexos;De 16 a 29 años;109,99999998;
Espiel;2012;Demandantes;Ambos sexos;De 30 a 44 años;119,16666669;
Espiel;2012;Demandantes;Ambos sexos;De 45 a 64 años;121,91666668;
Espiel;2012;Demandantes;Ambos sexos;TOTAL;351,08333335;
Fernán-Núñez;2010;Demandantes;Hombres;De 16 a 29 años;139,83333334;
Fernán-Núñez;2010;Demandantes;Hombres;De 30 a 44 años;203,58333332;
Fernán-Núñez;2010;Demandantes;Hombres;De 45 a 64 años;179,83333334;
Fernán-Núñez;2010;Demandantes;Hombres;TOTAL;523,25;
Fernán-Núñez;2010;Demandantes;Mujeres;De 16 a 29 años;118,50000002;
Fernán-Núñez;2010;Demandantes;Mujeres;De 30 a 44 años;163;
Fernán-Núñez;2010;Demandantes;Mujeres;De 45 a 64 años;73,91666665;
Fernán-Núñez;2010;Demandantes;Mujeres;TOTAL;355,41666667;
Fernán-Núñez;2010;Demandantes;Ambos sexos;De 16 a 29 años;258,33333336;
Fernán-Núñez;2010;Demandantes;Ambos sexos;De 30 a 44 años;366,58333332;
Fernán-Núñez;2010;Demandantes;Ambos sexos;De 45 a 64 años;253,74999999;
Fernán-Núñez;2010;Demandantes;Ambos sexos;TOTAL;878,66666667;
Fernán-Núñez;2011;Demandantes;Hombres;De 16 a 29 años;151,00000001;
Fernán-Núñez;2011;Demandantes;Hombres;De 30 a 44 años;190,58333333;
Fernán-Núñez;2011;Demandantes;Hombres;De 45 a 64 años;184,33333331;
Fernán-Núñez;2011;Demandantes;Hombres;TOTAL;525,91666665;
Fernán-Núñez;2011;Demandantes;Mujeres;De 16 a 29 años;146,41666667;
Fernán-Núñez;2011;Demandantes;Mujeres;De 30 a 44 años;175,41666666;
Fernán-Núñez;2011;Demandantes;Mujeres;De 45 a 64 años;72,75;
Fernán-Núñez;2011;Demandantes;Mujeres;TOTAL;394,58333333;
Fernán-Núñez;2011;Demandantes;Ambos sexos;De 16 a 29 años;297,41666668;
Fernán-Núñez;2011;Demandantes;Ambos sexos;De 30 a 44 años;365,99999999;
Fernán-Núñez;2011;Demandantes;Ambos sexos;De 45 a 64 años;257,08333331;
Fernán-Núñez;2011;Demandantes;Ambos sexos;TOTAL;920,49999998;
Fernán-Núñez;2012;Demandantes;Hombres;De 16 a 29 años;203,83333334;
Fernán-Núñez;2012;Demandantes;Hombres;De 30 a 44 años;252,16666667;
Fernán-Núñez;2012;Demandantes;Hombres;De 45 a 64 años;236,33333332;
Fernán-Núñez;2012;Demandantes;Hombres;TOTAL;692,33333333;
Fernán-Núñez;2012;Demandantes;Mujeres;De 16 a 29 años;188,83333333;
Fernán-Núñez;2012;Demandantes;Mujeres;De 30 a 44 años;218,49999999;
Fernán-Núñez;2012;Demandantes;Mujeres;De 45 a 64 años;100,66666668;
Fernán-Núñez;2012;Demandantes;Mujeres;TOTAL;508;
Fernán-Núñez;2012;Demandantes;Ambos sexos;De 16 a 29 años;392,66666667;
Fernán-Núñez;2012;Demandantes;Ambos sexos;De 30 a 44 años;470,66666666;
Fernán-Núñez;2012;Demandantes;Ambos sexos;De 45 a 64 años;337;
Fernán-Núñez;2012;Demandantes;Ambos sexos;TOTAL;1200,33333333;
Fuente la Lancha;2010;Demandantes;Hombres;De 16 a 29 años;10,58333332;
Fuente la Lancha;2010;Demandantes;Hombres;De 30 a 44 años;5,5;
Fuente la Lancha;2010;Demandantes;Hombres;De 45 a 64 años;4,33333333;
Fuente la Lancha;2010;Demandantes;Hombres;TOTAL;20,41666665;
Fuente la Lancha;2010;Demandantes;Mujeres;De 16 a 29 años;5,25000001;
Fuente la Lancha;2010;Demandantes;Mujeres;De 30 a 44 años;4,66666668;
Fuente la Lancha;2010;Demandantes;Mujeres;De 45 a 64 años;10,66666667;
Fuente la Lancha;2010;Demandantes;Mujeres;TOTAL;20,58333336;
Fuente la Lancha;2010;Demandantes;Ambos sexos;De 16 a 29 años;15,83333333;
Fuente la Lancha;2010;Demandantes;Ambos sexos;De 30 a 44 años;10,16666668;
Fuente la Lancha;2010;Demandantes;Ambos sexos;De 45 a 64 años;15;
Fuente la Lancha;2010;Demandantes;Ambos sexos;TOTAL;41,00000001;
Fuente la Lancha;2011;Demandantes;Hombres;De 16 a 29 años;9,24999999;
Fuente la Lancha;2011;Demandantes;Hombres;De 30 a 44 años;6,66666667;
Fuente la Lancha;2011;Demandantes;Hombres;De 45 a 64 años;5,41666667;
Fuente la Lancha;2011;Demandantes;Hombres;TOTAL;21,33333333;
Fuente la Lancha;2011;Demandantes;Mujeres;De 16 a 29 años;6,33333334;
Fuente la Lancha;2011;Demandantes;Mujeres;De 30 a 44 años;7,66666667;
Fuente la Lancha;2011;Demandantes;Mujeres;De 45 a 64 años;12,83333334;
Fuente la Lancha;2011;Demandantes;Mujeres;TOTAL;26,83333335;
Fuente la Lancha;2011;Demandantes;Ambos sexos;De 16 a 29 años;15,58333333;
Fuente la Lancha;2011;Demandantes;Ambos sexos;De 30 a 44 años;14,33333334;
Fuente la Lancha;2011;Demandantes;Ambos sexos;De 45 a 64 años;18,25000001;
Fuente la Lancha;2011;Demandantes;Ambos sexos;TOTAL;48,16666668;
Fuente la Lancha;2012;Demandantes;Hombres;De 16 a 29 años;10,91666667;
Fuente la Lancha;2012;Demandantes;Hombres;De 30 a 44 años;7,5;
Fuente la Lancha;2012;Demandantes;Hombres;De 45 a 64 años;7,58333334;
Fuente la Lancha;2012;Demandantes;Hombres;TOTAL;26,00000001;
Fuente la Lancha;2012;Demandantes;Mujeres;De 16 a 29 años;8,08333332;
Fuente la Lancha;2012;Demandantes;Mujeres;De 30 a 44 años;16,66666666;
Fuente la Lancha;2012;Demandantes;Mujeres;De 45 a 64 años;15,08333334;
Fuente la Lancha;2012;Demandantes;Mujeres;TOTAL;39,83333332;
Fuente la Lancha;2012;Demandantes;Ambos sexos;De 16 a 29 años;18,99999999;
Fuente la Lancha;2012;Demandantes;Ambos sexos;De 30 a 44 años;24,16666666;
Fuente la Lancha;2012;Demandantes;Ambos sexos;De 45 a 64 años;22,66666668;
Fuente la Lancha;2012;Demandantes;Ambos sexos;TOTAL;65,83333333;
Fuente Obejuna;2010;Demandantes;Hombres;De 16 a 29 años;85,74999999;
Fuente Obejuna;2010;Demandantes;Hombres;De 30 a 44 años;87,75000001;
Fuente Obejuna;2010;Demandantes;Hombres;De 45 a 64 años;88,58333334;
Fuente Obejuna;2010;Demandantes;Hombres;TOTAL;262,08333334;
Fuente Obejuna;2010;Demandantes;Mujeres;De 16 a 29 años;88,91666668;
Fuente Obejuna;2010;Demandantes;Mujeres;De 30 a 44 años;158,66666668;
Fuente Obejuna;2010;Demandantes;Mujeres;De 45 a 64 años;239,74999999;
Fuente Obejuna;2010;Demandantes;Mujeres;TOTAL;487,33333335;
Fuente Obejuna;2010;Demandantes;Ambos sexos;De 16 a 29 años;174,66666667;
Fuente Obejuna;2010;Demandantes;Ambos sexos;De 30 a 44 años;246,41666669;
Fuente Obejuna;2010;Demandantes;Ambos sexos;De 45 a 64 años;328,33333333;
Fuente Obejuna;2010;Demandantes;Ambos sexos;TOTAL;749,41666669;
Fuente Obejuna;2011;Demandantes;Hombres;De 16 a 29 años;97,16666666;
Fuente Obejuna;2011;Demandantes;Hombres;De 30 a 44 años;99,58333333;
Fuente Obejuna;2011;Demandantes;Hombres;De 45 a 64 años;111,16666668;
Fuente Obejuna;2011;Demandantes;Hombres;TOTAL;307,91666667;
Fuente Obejuna;2011;Demandantes;Mujeres;De 16 a 29 años;94,33333332;
Fuente Obejuna;2011;Demandantes;Mujeres;De 30 a 44 años;161,41666666;
Fuente Obejuna;2011;Demandantes;Mujeres;De 45 a 64 años;244,41666667;
Fuente Obejuna;2011;Demandantes;Mujeres;TOTAL;500,16666665;
Fuente Obejuna;2011;Demandantes;Ambos sexos;De 16 a 29 años;191,49999998;
Fuente Obejuna;2011;Demandantes;Ambos sexos;De 30 a 44 años;260,99999999;
Fuente Obejuna;2011;Demandantes;Ambos sexos;De 45 a 64 años;355,58333335;
Fuente Obejuna;2011;Demandantes;Ambos sexos;TOTAL;808,08333332;
Fuente Obejuna;2012;Demandantes;Hombres;De 16 a 29 años;114,58333334;
Fuente Obejuna;2012;Demandantes;Hombres;De 30 a 44 años;112,25000001;
Fuente Obejuna;2012;Demandantes;Hombres;De 45 a 64 años;128,91666668;
Fuente Obejuna;2012;Demandantes;Hombres;TOTAL;355,75000003;
Fuente Obejuna;2012;Demandantes;Mujeres;De 16 a 29 años;112,83333334;
Fuente Obejuna;2012;Demandantes;Mujeres;De 30 a 44 años;163,33333333;
Fuente Obejuna;2012;Demandantes;Mujeres;De 45 a 64 años;255,66666667;
Fuente Obejuna;2012;Demandantes;Mujeres;TOTAL;531,83333334;
Fuente Obejuna;2012;Demandantes;Ambos sexos;De 16 a 29 años;227,41666668;
Fuente Obejuna;2012;Demandantes;Ambos sexos;De 30 a 44 años;275,58333334;
Fuente Obejuna;2012;Demandantes;Ambos sexos;De 45 a 64 años;384,58333335;
Fuente Obejuna;2012;Demandantes;Ambos sexos;TOTAL;887,58333337;
Fuente Palmera;2010;Demandantes;Hombres;De 16 a 29 años;129,66666667;
Fuente Palmera;2010;Demandantes;Hombres;De 30 a 44 años;180,25;
Fuente Palmera;2010;Demandantes;Hombres;De 45 a 64 años;150,08333334;
Fuente Palmera;2010;Demandantes;Hombres;TOTAL;460,00000001;
Fuente Palmera;2010;Demandantes;Mujeres;De 16 a 29 años;93,41666668;
Fuente Palmera;2010;Demandantes;Mujeres;De 30 a 44 años;135,83333333;
Fuente Palmera;2010;Demandantes;Mujeres;De 45 a 64 años;51,99999998;
Fuente Palmera;2010;Demandantes;Mujeres;TOTAL;281,24999999;
Fuente Palmera;2010;Demandantes;Ambos sexos;De 16 a 29 años;223,08333335;
Fuente Palmera;2010;Demandantes;Ambos sexos;De 30 a 44 años;316,08333333;
Fuente Palmera;2010;Demandantes;Ambos sexos;De 45 a 64 años;202,08333332;
Fuente Palmera;2010;Demandantes;Ambos sexos;TOTAL;741,25;
Fuente Palmera;2011;Demandantes;Hombres;De 16 a 29 años;113,5;
Fuente Palmera;2011;Demandantes;Hombres;De 30 a 44 años;175,99999999;
Fuente Palmera;2011;Demandantes;Hombres;De 45 a 64 años;168,74999999;
Fuente Palmera;2011;Demandantes;Hombres;TOTAL;458,24999998;
Fuente Palmera;2011;Demandantes;Mujeres;De 16 a 29 años;115,41666668;
Fuente Palmera;2011;Demandantes;Mujeres;De 30 a 44 años;126,41666666;
Fuente Palmera;2011;Demandantes;Mujeres;De 45 a 64 años;55,58333335;
Fuente Palmera;2011;Demandantes;Mujeres;TOTAL;297,41666669;
Fuente Palmera;2011;Demandantes;Ambos sexos;De 16 a 29 años;228,91666668;
Fuente Palmera;2011;Demandantes;Ambos sexos;De 30 a 44 años;302,41666665;
Fuente Palmera;2011;Demandantes;Ambos sexos;De 45 a 64 años;224,33333334;
Fuente Palmera;2011;Demandantes;Ambos sexos;TOTAL;755,66666667;
Fuente Palmera;2012;Demandantes;Hombres;De 16 a 29 años;152,24999998;
Fuente Palmera;2012;Demandantes;Hombres;De 30 a 44 años;203,00000002;
Fuente Palmera;2012;Demandantes;Hombres;De 45 a 64 años;219,41666666;
Fuente Palmera;2012;Demandantes;Hombres;TOTAL;574,66666666;
Fuente Palmera;2012;Demandantes;Mujeres;De 16 a 29 años;137,25000001;
Fuente Palmera;2012;Demandantes;Mujeres;De 30 a 44 años;143,08333333;
Fuente Palmera;2012;Demandantes;Mujeres;De 45 a 64 años;64,24999999;
Fuente Palmera;2012;Demandantes;Mujeres;TOTAL;344,58333333;
Fuente Palmera;2012;Demandantes;Ambos sexos;De 16 a 29 años;289,49999999;
Fuente Palmera;2012;Demandantes;Ambos sexos;De 30 a 44 años;346,08333335;
Fuente Palmera;2012;Demandantes;Ambos sexos;De 45 a 64 años;283,66666665;
Fuente Palmera;2012;Demandantes;Ambos sexos;TOTAL;919,24999999;
Fuente-Tójar;2010;Demandantes;Hombres;De 16 a 29 años;3,33333333;
Fuente-Tójar;2010;Demandantes;Hombres;De 30 a 44 años;3,16666667;
Fuente-Tójar;2010;Demandantes;Hombres;De 45 a 64 años;5,91666667;
Fuente-Tójar;2010;Demandantes;Hombres;TOTAL;12,41666667;
Fuente-Tójar;2010;Demandantes;Mujeres;De 16 a 29 años;7,5;
Fuente-Tójar;2010;Demandantes;Mujeres;De 30 a 44 años;9,91666666;
Fuente-Tójar;2010;Demandantes;Mujeres;De 45 a 64 años;5;
Fuente-Tójar;2010;Demandantes;Mujeres;TOTAL;22,41666666;
Fuente-Tójar;2010;Demandantes;Ambos sexos;De 16 a 29 años;10,83333333;
Fuente-Tójar;2010;Demandantes;Ambos sexos;De 30 a 44 años;13,08333333;
Fuente-Tójar;2010;Demandantes;Ambos sexos;De 45 a 64 años;10,91666667;
Fuente-Tójar;2010;Demandantes;Ambos sexos;TOTAL;34,83333333;
Fuente-Tójar;2011;Demandantes;Hombres;De 16 a 29 años;6,08333333;
Fuente-Tójar;2011;Demandantes;Hombres;De 30 a 44 años;6,5;
Fuente-Tójar;2011;Demandantes;Hombres;De 45 a 64 años;6,83333333;
Fuente-Tójar;2011;Demandantes;Hombres;TOTAL;19,41666666;
Fuente-Tójar;2011;Demandantes;Mujeres;De 16 a 29 años;8,75;
Fuente-Tójar;2011;Demandantes;Mujeres;De 30 a 44 años;6,66666667;
Fuente-Tójar;2011;Demandantes;Mujeres;De 45 a 64 años;5,41666666;
Fuente-Tójar;2011;Demandantes;Mujeres;TOTAL;20,83333333;
Fuente-Tójar;2011;Demandantes;Ambos sexos;De 16 a 29 años;14,83333333;
Fuente-Tójar;2011;Demandantes;Ambos sexos;De 30 a 44 años;13,16666667;
Fuente-Tójar;2011;Demandantes;Ambos sexos;De 45 a 64 años;12,24999999;
Fuente-Tójar;2011;Demandantes;Ambos sexos;TOTAL;40,24999999;
Fuente-Tójar;2012;Demandantes;Hombres;De 16 a 29 años;6,24999999;
Fuente-Tójar;2012;Demandantes;Hombres;De 30 a 44 años;7,66666667;
Fuente-Tójar;2012;Demandantes;Hombres;De 45 a 64 años;7,58333332;
Fuente-Tójar;2012;Demandantes;Hombres;TOTAL;21,49999998;
Fuente-Tójar;2012;Demandantes;Mujeres;De 16 a 29 años;9,5;
Fuente-Tójar;2012;Demandantes;Mujeres;De 30 a 44 años;7,58333333;
Fuente-Tójar;2012;Demandantes;Mujeres;De 45 a 64 años;5;
Fuente-Tójar;2012;Demandantes;Mujeres;TOTAL;22,08333333;
Fuente-Tójar;2012;Demandantes;Ambos sexos;De 16 a 29 años;15,74999999;
Fuente-Tójar;2012;Demandantes;Ambos sexos;De 30 a 44 años;15,25;
Fuente-Tójar;2012;Demandantes;Ambos sexos;De 45 a 64 años;12,58333332;
Fuente-Tójar;2012;Demandantes;Ambos sexos;TOTAL;43,58333331;
Guadalcázar;2010;Demandantes;Hombres;De 16 a 29 años;16,91666667;
Guadalcázar;2010;Demandantes;Hombres;De 30 a 44 años;28,74999999;
Guadalcázar;2010;Demandantes;Hombres;De 45 a 64 años;16,5;
Guadalcázar;2010;Demandantes;Hombres;TOTAL;62,16666666;
Guadalcázar;2010;Demandantes;Mujeres;De 16 a 29 años;20,66666666;
Guadalcázar;2010;Demandantes;Mujeres;De 30 a 44 años;24,16666667;
Guadalcázar;2010;Demandantes;Mujeres;De 45 a 64 años;5,83333332;
Guadalcázar;2010;Demandantes;Mujeres;TOTAL;50,66666665;
Guadalcázar;2010;Demandantes;Ambos sexos;De 16 a 29 años;37,58333333;
Guadalcázar;2010;Demandantes;Ambos sexos;De 30 a 44 años;52,91666666;
Guadalcázar;2010;Demandantes;Ambos sexos;De 45 a 64 años;22,33333332;
Guadalcázar;2010;Demandantes;Ambos sexos;TOTAL;112,83333331;
Guadalcázar;2011;Demandantes;Hombres;De 16 a 29 años;20,91666666;
Guadalcázar;2011;Demandantes;Hombres;De 30 a 44 años;30,75;
Guadalcázar;2011;Demandantes;Hombres;De 45 a 64 años;22,91666667;
Guadalcázar;2011;Demandantes;Hombres;TOTAL;74,58333333;
Guadalcázar;2011;Demandantes;Mujeres;De 16 a 29 años;29,08333335;
Guadalcázar;2011;Demandantes;Mujeres;De 30 a 44 años;27,75000001;
Guadalcázar;2011;Demandantes;Mujeres;De 45 a 64 años;6,41666667;
Guadalcázar;2011;Demandantes;Mujeres;TOTAL;63,25000003;
Guadalcázar;2011;Demandantes;Ambos sexos;De 16 a 29 años;50,00000001;
Guadalcázar;2011;Demandantes;Ambos sexos;De 30 a 44 años;58,50000001;
Guadalcázar;2011;Demandantes;Ambos sexos;De 45 a 64 años;29,33333334;
Guadalcázar;2011;Demandantes;Ambos sexos;TOTAL;137,83333336;
Guadalcázar;2012;Demandantes;Hombres;De 16 a 29 años;21,83333334;
Guadalcázar;2012;Demandantes;Hombres;De 30 a 44 años;34,08333333;
Guadalcázar;2012;Demandantes;Hombres;De 45 a 64 años;31;
Guadalcázar;2012;Demandantes;Hombres;TOTAL;86,91666667;
Guadalcázar;2012;Demandantes;Mujeres;De 16 a 29 años;36,25000001;
Guadalcázar;2012;Demandantes;Mujeres;De 30 a 44 años;27,66666666;
Guadalcázar;2012;Demandantes;Mujeres;De 45 a 64 años;9,83333333;
Guadalcázar;2012;Demandantes;Mujeres;TOTAL;73,75;
Guadalcázar;2012;Demandantes;Ambos sexos;De 16 a 29 años;58,08333335;
Guadalcázar;2012;Demandantes;Ambos sexos;De 30 a 44 años;61,74999999;
Guadalcázar;2012;Demandantes;Ambos sexos;De 45 a 64 años;40,83333333;
Guadalcázar;2012;Demandantes;Ambos sexos;TOTAL;160,66666667;
Hinojosa del Duque;2010;Demandantes;Hombres;De 16 a 29 años;97,74999999;
Hinojosa del Duque;2010;Demandantes;Hombres;De 30 a 44 años;102,24999999;
Hinojosa del Duque;2010;Demandantes;Hombres;De 45 a 64 años;105,08333333;
Hinojosa del Duque;2010;Demandantes;Hombres;TOTAL;305,08333331;
Hinojosa del Duque;2010;Demandantes;Mujeres;De 16 a 29 años;83,08333334;
Hinojosa del Duque;2010;Demandantes;Mujeres;De 30 a 44 años;173,91666667;
Hinojosa del Duque;2010;Demandantes;Mujeres;De 45 a 64 años;305,16666668;
Hinojosa del Duque;2010;Demandantes;Mujeres;TOTAL;562,16666669;
Hinojosa del Duque;2010;Demandantes;Ambos sexos;De 16 a 29 años;180,83333333;
Hinojosa del Duque;2010;Demandantes;Ambos sexos;De 30 a 44 años;276,16666666;
Hinojosa del Duque;2010;Demandantes;Ambos sexos;De 45 a 64 años;410,25000001;
Hinojosa del Duque;2010;Demandantes;Ambos sexos;TOTAL;867,25;
Hinojosa del Duque;2011;Demandantes;Hombres;De 16 a 29 años;114,58333333;
Hinojosa del Duque;2011;Demandantes;Hombres;De 30 a 44 años;122,33333332;
Hinojosa del Duque;2011;Demandantes;Hombres;De 45 a 64 años;128,66666667;
Hinojosa del Duque;2011;Demandantes;Hombres;TOTAL;365,58333332;
Hinojosa del Duque;2011;Demandantes;Mujeres;De 16 a 29 años;101,83333334;
Hinojosa del Duque;2011;Demandantes;Mujeres;De 30 a 44 años;204,66666668;
Hinojosa del Duque;2011;Demandantes;Mujeres;De 45 a 64 años;314,58333334;
Hinojosa del Duque;2011;Demandantes;Mujeres;TOTAL;621,08333336;
Hinojosa del Duque;2011;Demandantes;Ambos sexos;De 16 a 29 años;216,41666667;
Hinojosa del Duque;2011;Demandantes;Ambos sexos;De 30 a 44 años;327;
Hinojosa del Duque;2011;Demandantes;Ambos sexos;De 45 a 64 años;443,25000001;
Hinojosa del Duque;2011;Demandantes;Ambos sexos;TOTAL;986,66666668;
Hinojosa del Duque;2012;Demandantes;Hombres;De 16 a 29 años;138,16666667;
Hinojosa del Duque;2012;Demandantes;Hombres;De 30 a 44 años;137,58333334;
Hinojosa del Duque;2012;Demandantes;Hombres;De 45 a 64 años;175,74999999;
Hinojosa del Duque;2012;Demandantes;Hombres;TOTAL;451,5;
Hinojosa del Duque;2012;Demandantes;Mujeres;De 16 a 29 años;128,08333332;
Hinojosa del Duque;2012;Demandantes;Mujeres;De 30 a 44 años;223,91666667;
Hinojosa del Duque;2012;Demandantes;Mujeres;De 45 a 64 años;338,41666666;
Hinojosa del Duque;2012;Demandantes;Mujeres;TOTAL;690,41666665;
Hinojosa del Duque;2012;Demandantes;Ambos sexos;De 16 a 29 años;266,24999999;
Hinojosa del Duque;2012;Demandantes;Ambos sexos;De 30 a 44 años;361,50000001;
Hinojosa del Duque;2012;Demandantes;Ambos sexos;De 45 a 64 años;514,16666665;
Hinojosa del Duque;2012;Demandantes;Ambos sexos;TOTAL;1141,91666665;
Hornachuelos;2010;Demandantes;Hombres;De 16 a 29 años;57,24999997;
Hornachuelos;2010;Demandantes;Hombres;De 30 a 44 años;63,74999999;
Hornachuelos;2010;Demandantes;Hombres;De 45 a 64 años;62,24999999;
Hornachuelos;2010;Demandantes;Hombres;TOTAL;183,24999995;
Hornachuelos;2010;Demandantes;Mujeres;De 16 a 29 años;48,33333331;
Hornachuelos;2010;Demandantes;Mujeres;De 30 a 44 años;44,91666666;
Hornachuelos;2010;Demandantes;Mujeres;De 45 a 64 años;22,58333331;
Hornachuelos;2010;Demandantes;Mujeres;TOTAL;115,83333328;
Hornachuelos;2010;Demandantes;Ambos sexos;De 16 a 29 años;105,58333328;
Hornachuelos;2010;Demandantes;Ambos sexos;De 30 a 44 años;108,66666665;
Hornachuelos;2010;Demandantes;Ambos sexos;De 45 a 64 años;84,8333333;
Hornachuelos;2010;Demandantes;Ambos sexos;TOTAL;299,08333323;
Hornachuelos;2011;Demandantes;Hombres;De 16 a 29 años;48,75000002;
Hornachuelos;2011;Demandantes;Hombres;De 30 a 44 años;64,49999999;
Hornachuelos;2011;Demandantes;Hombres;De 45 a 64 años;62,16666669;
Hornachuelos;2011;Demandantes;Hombres;TOTAL;175,4166667;
Hornachuelos;2011;Demandantes;Mujeres;De 16 a 29 años;54,08333335;
Hornachuelos;2011;Demandantes;Mujeres;De 30 a 44 años;47,08333332;
Hornachuelos;2011;Demandantes;Mujeres;De 45 a 64 años;27,91666666;
Hornachuelos;2011;Demandantes;Mujeres;TOTAL;129,08333333;
Hornachuelos;2011;Demandantes;Ambos sexos;De 16 a 29 años;102,83333337;
Hornachuelos;2011;Demandantes;Ambos sexos;De 30 a 44 años;111,58333331;
Hornachuelos;2011;Demandantes;Ambos sexos;De 45 a 64 años;90,08333335;
Hornachuelos;2011;Demandantes;Ambos sexos;TOTAL;304,50000003;
Hornachuelos;2012;Demandantes;Hombres;De 16 a 29 años;61,16666666;
Hornachuelos;2012;Demandantes;Hombres;De 30 a 44 años;74,66666666;
Hornachuelos;2012;Demandantes;Hombres;De 45 a 64 años;87,08333333;
Hornachuelos;2012;Demandantes;Hombres;TOTAL;222,91666665;
Hornachuelos;2012;Demandantes;Mujeres;De 16 a 29 años;57,5;
Hornachuelos;2012;Demandantes;Mujeres;De 30 a 44 años;54,50000001;
Hornachuelos;2012;Demandantes;Mujeres;De 45 a 64 años;32,75000002;
Hornachuelos;2012;Demandantes;Mujeres;TOTAL;144,75000003;
Hornachuelos;2012;Demandantes;Ambos sexos;De 16 a 29 años;118,66666666;
Hornachuelos;2012;Demandantes;Ambos sexos;De 30 a 44 años;129,16666667;
Hornachuelos;2012;Demandantes;Ambos sexos;De 45 a 64 años;119,83333335;
Hornachuelos;2012;Demandantes;Ambos sexos;TOTAL;367,66666668;
Iznájar;2010;Demandantes;Hombres;De 16 a 29 años;38,16666668;
Iznájar;2010;Demandantes;Hombres;De 30 a 44 años;35,41666664;
Iznájar;2010;Demandantes;Hombres;De 45 a 64 años;31,08333335;
Iznájar;2010;Demandantes;Hombres;TOTAL;104,66666667;
Iznájar;2010;Demandantes;Mujeres;De 16 a 29 años;24,58333332;
Iznájar;2010;Demandantes;Mujeres;De 30 a 44 años;25,24999999;
Iznájar;2010;Demandantes;Mujeres;De 45 a 64 años;10,33333333;
Iznájar;2010;Demandantes;Mujeres;TOTAL;60,16666664;
Iznájar;2010;Demandantes;Ambos sexos;De 16 a 29 años;62,75;
Iznájar;2010;Demandantes;Ambos sexos;De 30 a 44 años;60,66666663;
Iznájar;2010;Demandantes;Ambos sexos;De 45 a 64 años;41,41666668;
Iznájar;2010;Demandantes;Ambos sexos;TOTAL;164,83333331;
Iznájar;2011;Demandantes;Hombres;De 16 a 29 años;33,99999998;
Iznájar;2011;Demandantes;Hombres;De 30 a 44 años;45,91666666;
Iznájar;2011;Demandantes;Hombres;De 45 a 64 años;38,58333332;
Iznájar;2011;Demandantes;Hombres;TOTAL;118,49999996;
Iznájar;2011;Demandantes;Mujeres;De 16 a 29 años;26,66666667;
Iznájar;2011;Demandantes;Mujeres;De 30 a 44 años;36,16666666;
Iznájar;2011;Demandantes;Mujeres;De 45 a 64 años;10,75000001;
Iznájar;2011;Demandantes;Mujeres;TOTAL;73,58333334;
Iznájar;2011;Demandantes;Ambos sexos;De 16 a 29 años;60,66666665;
Iznájar;2011;Demandantes;Ambos sexos;De 30 a 44 años;82,08333332;
Iznájar;2011;Demandantes;Ambos sexos;De 45 a 64 años;49,33333333;
Iznájar;2011;Demandantes;Ambos sexos;TOTAL;192,0833333;
Iznájar;2012;Demandantes;Hombres;De 16 a 29 años;33,75000001;
Iznájar;2012;Demandantes;Hombres;De 30 a 44 años;40,33333332;
Iznájar;2012;Demandantes;Hombres;De 45 a 64 años;52,58333332;
Iznájar;2012;Demandantes;Hombres;TOTAL;126,66666665;
Iznájar;2012;Demandantes;Mujeres;De 16 a 29 años;37,16666668;
Iznájar;2012;Demandantes;Mujeres;De 30 a 44 años;42,25;
Iznájar;2012;Demandantes;Mujeres;De 45 a 64 años;19,91666667;
Iznájar;2012;Demandantes;Mujeres;TOTAL;99,33333335;
Iznájar;2012;Demandantes;Ambos sexos;De 16 a 29 años;70,91666669;
Iznájar;2012;Demandantes;Ambos sexos;De 30 a 44 años;82,58333332;
Iznájar;2012;Demandantes;Ambos sexos;De 45 a 64 años;72,49999999;
Iznájar;2012;Demandantes;Ambos sexos;TOTAL;226;
La Carlota;2010;Demandantes;Hombres;De 16 a 29 años;222,24999998;
La Carlota;2010;Demandantes;Hombres;De 30 a 44 años;264,41666664;
La Carlota;2010;Demandantes;Hombres;De 45 a 64 años;238,66666669;
La Carlota;2010;Demandantes;Hombres;TOTAL;725,33333331;
La Carlota;2010;Demandantes;Mujeres;De 16 a 29 años;175,75000002;
La Carlota;2010;Demandantes;Mujeres;De 30 a 44 años;269,91666666;
La Carlota;2010;Demandantes;Mujeres;De 45 a 64 años;120,91666665;
La Carlota;2010;Demandantes;Mujeres;TOTAL;566,58333333;
La Carlota;2010;Demandantes;Ambos sexos;De 16 a 29 años;398;
La Carlota;2010;Demandantes;Ambos sexos;De 30 a 44 años;534,3333333;
La Carlota;2010;Demandantes;Ambos sexos;De 45 a 64 años;359,58333334;
La Carlota;2010;Demandantes;Ambos sexos;TOTAL;1291,91666664;
La Carlota;2011;Demandantes;Hombres;De 16 a 29 años;195,25;
La Carlota;2011;Demandantes;Hombres;De 30 a 44 años;243,91666669;
La Carlota;2011;Demandantes;Hombres;De 45 a 64 años;255,83333331;
La Carlota;2011;Demandantes;Hombres;TOTAL;695;
La Carlota;2011;Demandantes;Mujeres;De 16 a 29 años;178,08333332;
La Carlota;2011;Demandantes;Mujeres;De 30 a 44 años;277,16666666;
La Carlota;2011;Demandantes;Mujeres;De 45 a 64 años;140,58333333;
La Carlota;2011;Demandantes;Mujeres;TOTAL;595,83333331;
La Carlota;2011;Demandantes;Ambos sexos;De 16 a 29 años;373,33333332;
La Carlota;2011;Demandantes;Ambos sexos;De 30 a 44 años;521,08333335;
La Carlota;2011;Demandantes;Ambos sexos;De 45 a 64 años;396,41666664;
La Carlota;2011;Demandantes;Ambos sexos;TOTAL;1290,83333331;
La Carlota;2012;Demandantes;Hombres;De 16 a 29 años;220,58333333;
La Carlota;2012;Demandantes;Hombres;De 30 a 44 años;320,75000001;
La Carlota;2012;Demandantes;Hombres;De 45 a 64 años;311,08333333;
La Carlota;2012;Demandantes;Hombres;TOTAL;852,41666667;
La Carlota;2012;Demandantes;Mujeres;De 16 a 29 años;195,66666666;
La Carlota;2012;Demandantes;Mujeres;De 30 a 44 años;321,25;
La Carlota;2012;Demandantes;Mujeres;De 45 a 64 años;158,16666669;
La Carlota;2012;Demandantes;Mujeres;TOTAL;675,08333335;
La Carlota;2012;Demandantes;Ambos sexos;De 16 a 29 años;416,24999999;
La Carlota;2012;Demandantes;Ambos sexos;De 30 a 44 años;642,00000001;
La Carlota;2012;Demandantes;Ambos sexos;De 45 a 64 años;469,25000002;
La Carlota;2012;Demandantes;Ambos sexos;TOTAL;1527,50000002;
La Granjuela;2010;Demandantes;Hombres;De 16 a 29 años;7,58333333;
La Granjuela;2010;Demandantes;Hombres;De 30 a 44 años;6,58333332;
La Granjuela;2010;Demandantes;Hombres;De 45 a 64 años;7,66666668;
La Granjuela;2010;Demandantes;Hombres;TOTAL;21,83333333;
La Granjuela;2010;Demandantes;Mujeres;De 16 a 29 años;3,33333333;
La Granjuela;2010;Demandantes;Mujeres;De 30 a 44 años;18,16666666;
La Granjuela;2010;Demandantes;Mujeres;De 45 a 64 años;23,41666666;
La Granjuela;2010;Demandantes;Mujeres;TOTAL;44,91666665;
La Granjuela;2010;Demandantes;Ambos sexos;De 16 a 29 años;10,91666666;
La Granjuela;2010;Demandantes;Ambos sexos;De 30 a 44 años;24,74999998;
La Granjuela;2010;Demandantes;Ambos sexos;De 45 a 64 años;31,08333334;
La Granjuela;2010;Demandantes;Ambos sexos;TOTAL;66,74999998;
La Granjuela;2011;Demandantes;Hombres;De 16 a 29 años;9,50000001;
La Granjuela;2011;Demandantes;Hombres;De 30 a 44 años;7,41666666;
La Granjuela;2011;Demandantes;Hombres;De 45 a 64 años;11,41666667;
La Granjuela;2011;Demandantes;Hombres;TOTAL;28,33333334;
La Granjuela;2011;Demandantes;Mujeres;De 16 a 29 años;4,91666666;
La Granjuela;2011;Demandantes;Mujeres;De 30 a 44 años;13,08333331;
La Granjuela;2011;Demandantes;Mujeres;De 45 a 64 años;19,25;
La Granjuela;2011;Demandantes;Mujeres;TOTAL;37,24999997;
La Granjuela;2011;Demandantes;Ambos sexos;De 16 a 29 años;14,41666667;
La Granjuela;2011;Demandantes;Ambos sexos;De 30 a 44 años;20,49999997;
La Granjuela;2011;Demandantes;Ambos sexos;De 45 a 64 años;30,66666667;
La Granjuela;2011;Demandantes;Ambos sexos;TOTAL;65,58333331;
La Granjuela;2012;Demandantes;Hombres;De 16 a 29 años;12,58333334;
La Granjuela;2012;Demandantes;Hombres;De 30 a 44 años;9,83333334;
La Granjuela;2012;Demandantes;Hombres;De 45 a 64 años;13,25;
La Granjuela;2012;Demandantes;Hombres;TOTAL;35,66666668;
La Granjuela;2012;Demandantes;Mujeres;De 16 a 29 años;6,75000001;
La Granjuela;2012;Demandantes;Mujeres;De 30 a 44 años;18,08333333;
La Granjuela;2012;Demandantes;Mujeres;De 45 a 64 años;25,08333334;
La Granjuela;2012;Demandantes;Mujeres;TOTAL;49,91666668;
La Granjuela;2012;Demandantes;Ambos sexos;De 16 a 29 años;19,33333335;
La Granjuela;2012;Demandantes;Ambos sexos;De 30 a 44 años;27,91666667;
La Granjuela;2012;Demandantes;Ambos sexos;De 45 a 64 años;38,33333334;
La Granjuela;2012;Demandantes;Ambos sexos;TOTAL;85,58333336;
La Rambla;2010;Demandantes;Hombres;De 16 a 29 años;101,41666665;
La Rambla;2010;Demandantes;Hombres;De 30 a 44 años;122,66666667;
La Rambla;2010;Demandantes;Hombres;De 45 a 64 años;89,33333334;
La Rambla;2010;Demandantes;Hombres;TOTAL;313,41666666;
La Rambla;2010;Demandantes;Mujeres;De 16 a 29 años;90,41666666;
La Rambla;2010;Demandantes;Mujeres;De 30 a 44 años;151,16666667;
La Rambla;2010;Demandantes;Mujeres;De 45 a 64 años;58,25000001;
La Rambla;2010;Demandantes;Mujeres;TOTAL;299,83333334;
La Rambla;2010;Demandantes;Ambos sexos;De 16 a 29 años;191,83333331;
La Rambla;2010;Demandantes;Ambos sexos;De 30 a 44 años;273,83333334;
La Rambla;2010;Demandantes;Ambos sexos;De 45 a 64 años;147,58333335;
La Rambla;2010;Demandantes;Ambos sexos;TOTAL;613,25;
La Rambla;2011;Demandantes;Hombres;De 16 a 29 años;96,33333332;
La Rambla;2011;Demandantes;Hombres;De 30 a 44 años;116,91666666;
La Rambla;2011;Demandantes;Hombres;De 45 a 64 años;95,08333333;
La Rambla;2011;Demandantes;Hombres;TOTAL;308,33333331;
La Rambla;2011;Demandantes;Mujeres;De 16 a 29 años;105,74999999;
La Rambla;2011;Demandantes;Mujeres;De 30 a 44 años;145,41666667;
La Rambla;2011;Demandantes;Mujeres;De 45 a 64 años;54,25000001;
La Rambla;2011;Demandantes;Mujeres;TOTAL;305,41666667;
La Rambla;2011;Demandantes;Ambos sexos;De 16 a 29 años;202,08333331;
La Rambla;2011;Demandantes;Ambos sexos;De 30 a 44 años;262,33333333;
La Rambla;2011;Demandantes;Ambos sexos;De 45 a 64 años;149,33333334;
La Rambla;2011;Demandantes;Ambos sexos;TOTAL;613,74999998;
La Rambla;2012;Demandantes;Hombres;De 16 a 29 años;113,66666667;
La Rambla;2012;Demandantes;Hombres;De 30 a 44 años;140,16666668;
La Rambla;2012;Demandantes;Hombres;De 45 a 64 años;122,08333331;
La Rambla;2012;Demandantes;Hombres;TOTAL;375,91666666;
La Rambla;2012;Demandantes;Mujeres;De 16 a 29 años;118,08333334;
La Rambla;2012;Demandantes;Mujeres;De 30 a 44 años;150,58333335;
La Rambla;2012;Demandantes;Mujeres;De 45 a 64 años;67,33333332;
La Rambla;2012;Demandantes;Mujeres;TOTAL;336,00000001;
La Rambla;2012;Demandantes;Ambos sexos;De 16 a 29 años;231,75000001;
La Rambla;2012;Demandantes;Ambos sexos;De 30 a 44 años;290,75000003;
La Rambla;2012;Demandantes;Ambos sexos;De 45 a 64 años;189,41666663;
La Rambla;2012;Demandantes;Ambos sexos;TOTAL;711,91666667;
La Victoria;2010;Demandantes;Hombres;De 16 a 29 años;28,91666667;
La Victoria;2010;Demandantes;Hombres;De 30 a 44 años;42,08333332;
La Victoria;2010;Demandantes;Hombres;De 45 a 64 años;34,24999999;
La Victoria;2010;Demandantes;Hombres;TOTAL;105,24999998;
La Victoria;2010;Demandantes;Mujeres;De 16 a 29 años;24,33333334;
La Victoria;2010;Demandantes;Mujeres;De 30 a 44 años;26,58333333;
La Victoria;2010;Demandantes;Mujeres;De 45 a 64 años;12,58333332;
La Victoria;2010;Demandantes;Mujeres;TOTAL;63,49999999;
La Victoria;2010;Demandantes;Ambos sexos;De 16 a 29 años;53,25000001;
La Victoria;2010;Demandantes;Ambos sexos;De 30 a 44 años;68,66666665;
La Victoria;2010;Demandantes;Ambos sexos;De 45 a 64 años;46,83333331;
La Victoria;2010;Demandantes;Ambos sexos;TOTAL;168,74999997;
La Victoria;2011;Demandantes;Hombres;De 16 a 29 años;30,66666665;
La Victoria;2011;Demandantes;Hombres;De 30 a 44 años;36,24999998;
La Victoria;2011;Demandantes;Hombres;De 45 a 64 años;30,75;
La Victoria;2011;Demandantes;Hombres;TOTAL;97,66666663;
La Victoria;2011;Demandantes;Mujeres;De 16 a 29 años;23,66666668;
La Victoria;2011;Demandantes;Mujeres;De 30 a 44 años;37,33333333;
La Victoria;2011;Demandantes;Mujeres;De 45 a 64 años;13,41666667;
La Victoria;2011;Demandantes;Mujeres;TOTAL;74,41666668;
La Victoria;2011;Demandantes;Ambos sexos;De 16 a 29 años;54,33333333;
La Victoria;2011;Demandantes;Ambos sexos;De 30 a 44 años;73,58333331;
La Victoria;2011;Demandantes;Ambos sexos;De 45 a 64 años;44,16666667;
La Victoria;2011;Demandantes;Ambos sexos;TOTAL;172,08333331;
La Victoria;2012;Demandantes;Hombres;De 16 a 29 años;37,25000001;
La Victoria;2012;Demandantes;Hombres;De 30 a 44 años;51,58333333;
La Victoria;2012;Demandantes;Hombres;De 45 a 64 años;39,83333335;
La Victoria;2012;Demandantes;Hombres;TOTAL;128,66666669;
La Victoria;2012;Demandantes;Mujeres;De 16 a 29 años;28,00000002;
La Victoria;2012;Demandantes;Mujeres;De 30 a 44 años;48,33333334;
La Victoria;2012;Demandantes;Mujeres;De 45 a 64 años;15,49999999;
La Victoria;2012;Demandantes;Mujeres;TOTAL;91,83333335;
La Victoria;2012;Demandantes;Ambos sexos;De 16 a 29 años;65,25000003;
La Victoria;2012;Demandantes;Ambos sexos;De 30 a 44 años;99,91666667;
La Victoria;2012;Demandantes;Ambos sexos;De 45 a 64 años;55,33333334;
La Victoria;2012;Demandantes;Ambos sexos;TOTAL;220,50000004;
Los Blázquez;2010;Demandantes;Hombres;De 16 a 29 años;9,91666666;
Los Blázquez;2010;Demandantes;Hombres;De 30 a 44 años;19,08333332;
Los Blázquez;2010;Demandantes;Hombres;De 45 a 64 años;8,58333333;
Los Blázquez;2010;Demandantes;Hombres;TOTAL;37,58333331;
Los Blázquez;2010;Demandantes;Mujeres;De 16 a 29 años;13,33333333;
Los Blázquez;2010;Demandantes;Mujeres;De 30 a 44 años;29,00000002;
Los Blázquez;2010;Demandantes;Mujeres;De 45 a 64 años;30,83333332;
Los Blázquez;2010;Demandantes;Mujeres;TOTAL;73,16666667;
Los Blázquez;2010;Demandantes;Ambos sexos;De 16 a 29 años;23,24999999;
Los Blázquez;2010;Demandantes;Ambos sexos;De 30 a 44 años;48,08333334;
Los Blázquez;2010;Demandantes;Ambos sexos;De 45 a 64 años;39,41666665;
Los Blázquez;2010;Demandantes;Ambos sexos;TOTAL;110,74999998;
Los Blázquez;2011;Demandantes;Hombres;De 16 a 29 años;10,75000002;
Los Blázquez;2011;Demandantes;Hombres;De 30 a 44 años;15,75000001;
Los Blázquez;2011;Demandantes;Hombres;De 45 a 64 años;12,58333334;
Los Blázquez;2011;Demandantes;Hombres;TOTAL;39,08333337;
Los Blázquez;2011;Demandantes;Mujeres;De 16 a 29 años;8,83333335;
Los Blázquez;2011;Demandantes;Mujeres;De 30 a 44 años;25,08333332;
Los Blázquez;2011;Demandantes;Mujeres;De 45 a 64 años;30,41666666;
Los Blázquez;2011;Demandantes;Mujeres;TOTAL;64,33333333;
Los Blázquez;2011;Demandantes;Ambos sexos;De 16 a 29 años;19,58333337;
Los Blázquez;2011;Demandantes;Ambos sexos;De 30 a 44 años;40,83333333;
Los Blázquez;2011;Demandantes;Ambos sexos;De 45 a 64 años;43;
Los Blázquez;2011;Demandantes;Ambos sexos;TOTAL;103,4166667;
Los Blázquez;2012;Demandantes;Hombres;De 16 a 29 años;16,16666666;
Los Blázquez;2012;Demandantes;Hombres;De 30 a 44 años;16,24999999;
Los Blázquez;2012;Demandantes;Hombres;De 45 a 64 años;16,91666668;
Los Blázquez;2012;Demandantes;Hombres;TOTAL;49,33333333;
Los Blázquez;2012;Demandantes;Mujeres;De 16 a 29 años;10,58333334;
Los Blázquez;2012;Demandantes;Mujeres;De 30 a 44 años;33,08333333;
Los Blázquez;2012;Demandantes;Mujeres;De 45 a 64 años;28,83333333;
Los Blázquez;2012;Demandantes;Mujeres;TOTAL;72,5;
Los Blázquez;2012;Demandantes;Ambos sexos;De 16 a 29 años;26,75;
Los Blázquez;2012;Demandantes;Ambos sexos;De 30 a 44 años;49,33333332;
Los Blázquez;2012;Demandantes;Ambos sexos;De 45 a 64 años;45,75000001;
Los Blázquez;2012;Demandantes;Ambos sexos;TOTAL;121,83333333;
Lucena;2010;Demandantes;Hombres;De 16 a 29 años;626,66666666;
Lucena;2010;Demandantes;Hombres;De 30 a 44 años;834,08333334;
Lucena;2010;Demandantes;Hombres;De 45 a 64 años;659,83333331;
Lucena;2010;Demandantes;Hombres;TOTAL;2120,58333331;
Lucena;2010;Demandantes;Mujeres;De 16 a 29 años;625,58333336;
Lucena;2010;Demandantes;Mujeres;De 30 a 44 años;1067,33333334;
Lucena;2010;Demandantes;Mujeres;De 45 a 64 años;444,91666667;
Lucena;2010;Demandantes;Mujeres;TOTAL;2137,83333337;
Lucena;2010;Demandantes;Ambos sexos;De 16 a 29 años;1252,25000002;
Lucena;2010;Demandantes;Ambos sexos;De 30 a 44 años;1901,41666668;
Lucena;2010;Demandantes;Ambos sexos;De 45 a 64 años;1104,74999998;
Lucena;2010;Demandantes;Ambos sexos;TOTAL;4258,41666668;
Lucena;2011;Demandantes;Hombres;De 16 a 29 años;659,91666665;
Lucena;2011;Demandantes;Hombres;De 30 a 44 años;877;
Lucena;2011;Demandantes;Hombres;De 45 a 64 años;761,00000002;
Lucena;2011;Demandantes;Hombres;TOTAL;2297,91666667;
Lucena;2011;Demandantes;Mujeres;De 16 a 29 años;686,50000003;
Lucena;2011;Demandantes;Mujeres;De 30 a 44 años;1138,66666667;
Lucena;2011;Demandantes;Mujeres;De 45 a 64 años;512,08333331;
Lucena;2011;Demandantes;Mujeres;TOTAL;2337,25000001;
Lucena;2011;Demandantes;Ambos sexos;De 16 a 29 años;1346,41666668;
Lucena;2011;Demandantes;Ambos sexos;De 30 a 44 años;2015,66666667;
Lucena;2011;Demandantes;Ambos sexos;De 45 a 64 años;1273,08333333;
Lucena;2011;Demandantes;Ambos sexos;TOTAL;4635,16666668;
Lucena;2012;Demandantes;Hombres;De 16 a 29 años;710,49999999;
Lucena;2012;Demandantes;Hombres;De 30 a 44 años;969,08333332;
Lucena;2012;Demandantes;Hombres;De 45 a 64 años;909,50000003;
Lucena;2012;Demandantes;Hombres;TOTAL;2589,08333334;
Lucena;2012;Demandantes;Mujeres;De 16 a 29 años;744,91666664;
Lucena;2012;Demandantes;Mujeres;De 30 a 44 años;1247,00000001;
Lucena;2012;Demandantes;Mujeres;De 45 a 64 años;627,91666669;
Lucena;2012;Demandantes;Mujeres;TOTAL;2619,83333334;
Lucena;2012;Demandantes;Ambos sexos;De 16 a 29 años;1455,41666663;
Lucena;2012;Demandantes;Ambos sexos;De 30 a 44 años;2216,08333333;
Lucena;2012;Demandantes;Ambos sexos;De 45 a 64 años;1537,41666672;
Lucena;2012;Demandantes;Ambos sexos;TOTAL;5208,91666668;
Luque;2010;Demandantes;Hombres;De 16 a 29 años;21,08333335;
Luque;2010;Demandantes;Hombres;De 30 a 44 años;29,66666665;
Luque;2010;Demandantes;Hombres;De 45 a 64 años;36,58333333;
Luque;2010;Demandantes;Hombres;TOTAL;87,33333333;
Luque;2010;Demandantes;Mujeres;De 16 a 29 años;30,58333333;
Luque;2010;Demandantes;Mujeres;De 30 a 44 años;41,66666669;
Luque;2010;Demandantes;Mujeres;De 45 a 64 años;18,08333334;
Luque;2010;Demandantes;Mujeres;TOTAL;90,33333336;
Luque;2010;Demandantes;Ambos sexos;De 16 a 29 años;51,66666668;
Luque;2010;Demandantes;Ambos sexos;De 30 a 44 años;71,33333334;
Luque;2010;Demandantes;Ambos sexos;De 45 a 64 años;54,66666667;
Luque;2010;Demandantes;Ambos sexos;TOTAL;177,66666669;
Luque;2011;Demandantes;Hombres;De 16 a 29 años;23,41666668;
Luque;2011;Demandantes;Hombres;De 30 a 44 años;31,08333333;
Luque;2011;Demandantes;Hombres;De 45 a 64 años;42,58333333;
Luque;2011;Demandantes;Hombres;TOTAL;97,08333334;
Luque;2011;Demandantes;Mujeres;De 16 a 29 años;34,00000001;
Luque;2011;Demandantes;Mujeres;De 30 a 44 años;37,33333334;
Luque;2011;Demandantes;Mujeres;De 45 a 64 años;16,41666669;
Luque;2011;Demandantes;Mujeres;TOTAL;87,75000004;
Luque;2011;Demandantes;Ambos sexos;De 16 a 29 años;57,41666669;
Luque;2011;Demandantes;Ambos sexos;De 30 a 44 años;68,41666667;
Luque;2011;Demandantes;Ambos sexos;De 45 a 64 años;59,00000002;
Luque;2011;Demandantes;Ambos sexos;TOTAL;184,83333338;
Luque;2012;Demandantes;Hombres;De 16 a 29 años;29,91666665;
Luque;2012;Demandantes;Hombres;De 30 a 44 años;34,16666666;
Luque;2012;Demandantes;Hombres;De 45 a 64 años;53,41666668;
Luque;2012;Demandantes;Hombres;TOTAL;117,49999999;
Luque;2012;Demandantes;Mujeres;De 16 a 29 años;42,16666667;
Luque;2012;Demandantes;Mujeres;De 30 a 44 años;46,99999999;
Luque;2012;Demandantes;Mujeres;De 45 a 64 años;25,08333333;
Luque;2012;Demandantes;Mujeres;TOTAL;114,24999999;
Luque;2012;Demandantes;Ambos sexos;De 16 a 29 años;72,08333332;
Luque;2012;Demandantes;Ambos sexos;De 30 a 44 años;81,16666665;
Luque;2012;Demandantes;Ambos sexos;De 45 a 64 años;78,50000001;
Luque;2012;Demandantes;Ambos sexos;TOTAL;231,74999998;
Montalbán de Córdoba;2010;Demandantes;Hombres;De 16 a 29 años;34,5;
Montalbán de Córdoba;2010;Demandantes;Hombres;De 30 a 44 años;45,25;
Montalbán de Córdoba;2010;Demandantes;Hombres;De 45 a 64 años;22,08333334;
Montalbán de Córdoba;2010;Demandantes;Hombres;TOTAL;101,83333334;
Montalbán de Córdoba;2010;Demandantes;Mujeres;De 16 a 29 años;25,75;
Montalbán de Córdoba;2010;Demandantes;Mujeres;De 30 a 44 años;25,16666667;
Montalbán de Córdoba;2010;Demandantes;Mujeres;De 45 a 64 años;6,74999999;
Montalbán de Córdoba;2010;Demandantes;Mujeres;TOTAL;57,66666666;
Montalbán de Córdoba;2010;Demandantes;Ambos sexos;De 16 a 29 años;60,25;
Montalbán de Córdoba;2010;Demandantes;Ambos sexos;De 30 a 44 años;70,41666667;
Montalbán de Córdoba;2010;Demandantes;Ambos sexos;De 45 a 64 años;28,83333333;
Montalbán de Córdoba;2010;Demandantes;Ambos sexos;TOTAL;159,5;
Montalbán de Córdoba;2011;Demandantes;Hombres;De 16 a 29 años;32,58333333;
Montalbán de Córdoba;2011;Demandantes;Hombres;De 30 a 44 años;30,83333331;
Montalbán de Córdoba;2011;Demandantes;Hombres;De 45 a 64 años;22,83333332;
Montalbán de Córdoba;2011;Demandantes;Hombres;TOTAL;86,24999996;
Montalbán de Córdoba;2011;Demandantes;Mujeres;De 16 a 29 años;35,25000001;
Montalbán de Córdoba;2011;Demandantes;Mujeres;De 30 a 44 años;23,49999999;
Montalbán de Córdoba;2011;Demandantes;Mujeres;De 45 a 64 años;6,16666667;
Montalbán de Córdoba;2011;Demandantes;Mujeres;TOTAL;64,91666667;
Montalbán de Córdoba;2011;Demandantes;Ambos sexos;De 16 a 29 años;67,83333334;
Montalbán de Córdoba;2011;Demandantes;Ambos sexos;De 30 a 44 años;54,3333333;
Montalbán de Córdoba;2011;Demandantes;Ambos sexos;De 45 a 64 años;28,99999999;
Montalbán de Córdoba;2011;Demandantes;Ambos sexos;TOTAL;151,16666663;
Montalbán de Córdoba;2012;Demandantes;Hombres;De 16 a 29 años;32,25;
Montalbán de Córdoba;2012;Demandantes;Hombres;De 30 a 44 años;33,58333333;
Montalbán de Córdoba;2012;Demandantes;Hombres;De 45 a 64 años;24,33333333;
Montalbán de Córdoba;2012;Demandantes;Hombres;TOTAL;90,16666666;
Montalbán de Córdoba;2012;Demandantes;Mujeres;De 16 a 29 años;37,41666666;
Montalbán de Córdoba;2012;Demandantes;Mujeres;De 30 a 44 años;33,16666666;
Montalbán de Córdoba;2012;Demandantes;Mujeres;De 45 a 64 años;9,99999999;
Montalbán de Córdoba;2012;Demandantes;Mujeres;TOTAL;80,58333331;
Montalbán de Córdoba;2012;Demandantes;Ambos sexos;De 16 a 29 años;69,66666666;
Montalbán de Córdoba;2012;Demandantes;Ambos sexos;De 30 a 44 años;66,74999999;
Montalbán de Córdoba;2012;Demandantes;Ambos sexos;De 45 a 64 años;34,33333332;
Montalbán de Córdoba;2012;Demandantes;Ambos sexos;TOTAL;170,74999997;
Montemayor;2010;Demandantes;Hombres;De 16 a 29 años;48,99999997;
Montemayor;2010;Demandantes;Hombres;De 30 a 44 años;61,33333334;
Montemayor;2010;Demandantes;Hombres;De 45 a 64 años;61,33333332;
Montemayor;2010;Demandantes;Hombres;TOTAL;171,66666663;
Montemayor;2010;Demandantes;Mujeres;De 16 a 29 años;28,66666667;
Montemayor;2010;Demandantes;Mujeres;De 30 a 44 años;51,66666666;
Montemayor;2010;Demandantes;Mujeres;De 45 a 64 años;14,83333333;
Montemayor;2010;Demandantes;Mujeres;TOTAL;95,16666666;
Montemayor;2010;Demandantes;Ambos sexos;De 16 a 29 años;77,66666664;
Montemayor;2010;Demandantes;Ambos sexos;De 30 a 44 años;113;
Montemayor;2010;Demandantes;Ambos sexos;De 45 a 64 años;76,16666665;
Montemayor;2010;Demandantes;Ambos sexos;TOTAL;266,83333329;
Montemayor;2011;Demandantes;Hombres;De 16 a 29 años;49,91666666;
Montemayor;2011;Demandantes;Hombres;De 30 a 44 años;61,74999999;
Montemayor;2011;Demandantes;Hombres;De 45 a 64 años;61,58333334;
Montemayor;2011;Demandantes;Hombres;TOTAL;173,24999999;
Montemayor;2011;Demandantes;Mujeres;De 16 a 29 años;41,16666666;
Montemayor;2011;Demandantes;Mujeres;De 30 a 44 años;56,25;
Montemayor;2011;Demandantes;Mujeres;De 45 a 64 años;17,66666665;
Montemayor;2011;Demandantes;Mujeres;TOTAL;115,08333331;
Montemayor;2011;Demandantes;Ambos sexos;De 16 a 29 años;91,08333332;
Montemayor;2011;Demandantes;Ambos sexos;De 30 a 44 años;117,99999999;
Montemayor;2011;Demandantes;Ambos sexos;De 45 a 64 años;79,24999999;
Montemayor;2011;Demandantes;Ambos sexos;TOTAL;288,3333333;
Montemayor;2012;Demandantes;Hombres;De 16 a 29 años;62,08333331;
Montemayor;2012;Demandantes;Hombres;De 30 a 44 años;81,66666668;
Montemayor;2012;Demandantes;Hombres;De 45 a 64 años;95,58333333;
Montemayor;2012;Demandantes;Hombres;TOTAL;239,33333332;
Montemayor;2012;Demandantes;Mujeres;De 16 a 29 años;54,75000002;
Montemayor;2012;Demandantes;Mujeres;De 30 a 44 años;63,58333334;
Montemayor;2012;Demandantes;Mujeres;De 45 a 64 años;22,75;
Montemayor;2012;Demandantes;Mujeres;TOTAL;141,08333336;
Montemayor;2012;Demandantes;Ambos sexos;De 16 a 29 años;116,83333333;
Montemayor;2012;Demandantes;Ambos sexos;De 30 a 44 años;145,25000002;
Montemayor;2012;Demandantes;Ambos sexos;De 45 a 64 años;118,33333333;
Montemayor;2012;Demandantes;Ambos sexos;TOTAL;380,41666668;
Montilla;2010;Demandantes;Hombres;De 16 a 29 años;309,58333336;
Montilla;2010;Demandantes;Hombres;De 30 a 44 años;364,91666668;
Montilla;2010;Demandantes;Hombres;De 45 a 64 años;291,58333335;
Montilla;2010;Demandantes;Hombres;TOTAL;966,08333339;
Montilla;2010;Demandantes;Mujeres;De 16 a 29 años;269,00000001;
Montilla;2010;Demandantes;Mujeres;De 30 a 44 años;553,25000002;
Montilla;2010;Demandantes;Mujeres;De 45 a 64 años;348,58333333;
Montilla;2010;Demandantes;Mujeres;TOTAL;1170,83333336;
Montilla;2010;Demandantes;Ambos sexos;De 16 a 29 años;578,58333337;
Montilla;2010;Demandantes;Ambos sexos;De 30 a 44 años;918,1666667;
Montilla;2010;Demandantes;Ambos sexos;De 45 a 64 años;640,16666668;
Montilla;2010;Demandantes;Ambos sexos;TOTAL;2136,91666675;
Montilla;2011;Demandantes;Hombres;De 16 a 29 años;324,91666665;
Montilla;2011;Demandantes;Hombres;De 30 a 44 años;353,00000002;
Montilla;2011;Demandantes;Hombres;De 45 a 64 años;328,91666666;
Montilla;2011;Demandantes;Hombres;TOTAL;1006,83333333;
Montilla;2011;Demandantes;Mujeres;De 16 a 29 años;307,66666669;
Montilla;2011;Demandantes;Mujeres;De 30 a 44 años;580,00000001;
Montilla;2011;Demandantes;Mujeres;De 45 a 64 años;400,58333333;
Montilla;2011;Demandantes;Mujeres;TOTAL;1288,25000003;
Montilla;2011;Demandantes;Ambos sexos;De 16 a 29 años;632,58333334;
Montilla;2011;Demandantes;Ambos sexos;De 30 a 44 años;933,00000003;
Montilla;2011;Demandantes;Ambos sexos;De 45 a 64 años;729,49999999;
Montilla;2011;Demandantes;Ambos sexos;TOTAL;2295,08333336;
Montilla;2012;Demandantes;Hombres;De 16 a 29 años;357,41666667;
Montilla;2012;Demandantes;Hombres;De 30 a 44 años;405,08333333;
Montilla;2012;Demandantes;Hombres;De 45 a 64 años;408,50000003;
Montilla;2012;Demandantes;Hombres;TOTAL;1171,00000003;
Montilla;2012;Demandantes;Mujeres;De 16 a 29 años;329,91666665;
Montilla;2012;Demandantes;Mujeres;De 30 a 44 años;628,33333334;
Montilla;2012;Demandantes;Mujeres;De 45 a 64 años;479,16666666;
Montilla;2012;Demandantes;Mujeres;TOTAL;1437,41666665;
Montilla;2012;Demandantes;Ambos sexos;De 16 a 29 años;687,33333332;
Montilla;2012;Demandantes;Ambos sexos;De 30 a 44 años;1033,41666667;
Montilla;2012;Demandantes;Ambos sexos;De 45 a 64 años;887,66666669;
Montilla;2012;Demandantes;Ambos sexos;TOTAL;2608,41666668;
Montoro;2010;Demandantes;Hombres;De 16 a 29 años;149,66666668;
Montoro;2010;Demandantes;Hombres;De 30 a 44 años;196,83333331;
Montoro;2010;Demandantes;Hombres;De 45 a 64 años;161,24999999;
Montoro;2010;Demandantes;Hombres;TOTAL;507,74999998;
Montoro;2010;Demandantes;Mujeres;De 16 a 29 años;140,66666665;
Montoro;2010;Demandantes;Mujeres;De 30 a 44 años;149,83333331;
Montoro;2010;Demandantes;Mujeres;De 45 a 64 años;105,66666665;
Montoro;2010;Demandantes;Mujeres;TOTAL;396,16666661;
Montoro;2010;Demandantes;Ambos sexos;De 16 a 29 años;290,33333333;
Montoro;2010;Demandantes;Ambos sexos;De 30 a 44 años;346,66666662;
Montoro;2010;Demandantes;Ambos sexos;De 45 a 64 años;266,91666664;
Montoro;2010;Demandantes;Ambos sexos;TOTAL;903,91666659;
Montoro;2011;Demandantes;Hombres;De 16 a 29 años;152,74999998;
Montoro;2011;Demandantes;Hombres;De 30 a 44 años;205,49999997;
Montoro;2011;Demandantes;Hombres;De 45 a 64 años;185,08333332;
Montoro;2011;Demandantes;Hombres;TOTAL;543,33333327;
Montoro;2011;Demandantes;Mujeres;De 16 a 29 años;159,83333333;
Montoro;2011;Demandantes;Mujeres;De 30 a 44 años;160,16666666;
Montoro;2011;Demandantes;Mujeres;De 45 a 64 años;110,83333333;
Montoro;2011;Demandantes;Mujeres;TOTAL;430,83333332;
Montoro;2011;Demandantes;Ambos sexos;De 16 a 29 años;312,58333331;
Montoro;2011;Demandantes;Ambos sexos;De 30 a 44 años;365,66666663;
Montoro;2011;Demandantes;Ambos sexos;De 45 a 64 años;295,91666665;
Montoro;2011;Demandantes;Ambos sexos;TOTAL;974,16666659;
Montoro;2012;Demandantes;Hombres;De 16 a 29 años;169,49999996;
Montoro;2012;Demandantes;Hombres;De 30 a 44 años;258,08333334;
Montoro;2012;Demandantes;Hombres;De 45 a 64 años;241,5;
Montoro;2012;Demandantes;Hombres;TOTAL;669,0833333;
Montoro;2012;Demandantes;Mujeres;De 16 a 29 años;185,08333334;
Montoro;2012;Demandantes;Mujeres;De 30 a 44 años;191,25000001;
Montoro;2012;Demandantes;Mujeres;De 45 a 64 años;132,16666666;
Montoro;2012;Demandantes;Mujeres;TOTAL;508,50000001;
Montoro;2012;Demandantes;Ambos sexos;De 16 a 29 años;354,5833333;
Montoro;2012;Demandantes;Ambos sexos;De 30 a 44 años;449,33333335;
Montoro;2012;Demandantes;Ambos sexos;De 45 a 64 años;373,66666666;
Montoro;2012;Demandantes;Ambos sexos;TOTAL;1177,58333331;
Monturque;2010;Demandantes;Hombres;De 16 a 29 años;11,41666666;
Monturque;2010;Demandantes;Hombres;De 30 a 44 años;20,66666665;
Monturque;2010;Demandantes;Hombres;De 45 a 64 años;18,33333332;
Monturque;2010;Demandantes;Hombres;TOTAL;50,41666663;
Monturque;2010;Demandantes;Mujeres;De 16 a 29 años;16,41666666;
Monturque;2010;Demandantes;Mujeres;De 30 a 44 años;17,74999998;
Monturque;2010;Demandantes;Mujeres;De 45 a 64 años;4,25;
Monturque;2010;Demandantes;Mujeres;TOTAL;38,41666664;
Monturque;2010;Demandantes;Ambos sexos;De 16 a 29 años;27,83333332;
Monturque;2010;Demandantes;Ambos sexos;De 30 a 44 años;38,41666663;
Monturque;2010;Demandantes;Ambos sexos;De 45 a 64 años;22,58333332;
Monturque;2010;Demandantes;Ambos sexos;TOTAL;88,83333327;
Monturque;2011;Demandantes;Hombres;De 16 a 29 años;15,33333334;
Monturque;2011;Demandantes;Hombres;De 30 a 44 años;21,41666668;
Monturque;2011;Demandantes;Hombres;De 45 a 64 años;24,75;
Monturque;2011;Demandantes;Hombres;TOTAL;61,50000002;
Monturque;2011;Demandantes;Mujeres;De 16 a 29 años;22,66666665;
Monturque;2011;Demandantes;Mujeres;De 30 a 44 años;20,66666667;
Monturque;2011;Demandantes;Mujeres;De 45 a 64 años;5,08333334;
Monturque;2011;Demandantes;Mujeres;TOTAL;48,41666666;
Monturque;2011;Demandantes;Ambos sexos;De 16 a 29 años;37,99999999;
Monturque;2011;Demandantes;Ambos sexos;De 30 a 44 años;42,08333335;
Monturque;2011;Demandantes;Ambos sexos;De 45 a 64 años;29,83333334;
Monturque;2011;Demandantes;Ambos sexos;TOTAL;109,91666668;
Monturque;2012;Demandantes;Hombres;De 16 a 29 años;22,08333332;
Monturque;2012;Demandantes;Hombres;De 30 a 44 años;24,08333334;
Monturque;2012;Demandantes;Hombres;De 45 a 64 años;33,33333333;
Monturque;2012;Demandantes;Hombres;TOTAL;79,49999999;
Monturque;2012;Demandantes;Mujeres;De 16 a 29 años;29,16666667;
Monturque;2012;Demandantes;Mujeres;De 30 a 44 años;21,66666667;
Monturque;2012;Demandantes;Mujeres;De 45 a 64 años;7,41666666;
Monturque;2012;Demandantes;Mujeres;TOTAL;58,25;
Monturque;2012;Demandantes;Ambos sexos;De 16 a 29 años;51,24999999;
Monturque;2012;Demandantes;Ambos sexos;De 30 a 44 años;45,75000001;
Monturque;2012;Demandantes;Ambos sexos;De 45 a 64 años;40,74999999;
Monturque;2012;Demandantes;Ambos sexos;TOTAL;137,74999999;
Moriles;2010;Demandantes;Hombres;De 16 a 29 años;48,08333334;
Moriles;2010;Demandantes;Hombres;De 30 a 44 años;66,99999999;
Moriles;2010;Demandantes;Hombres;De 45 a 64 años;52,16666668;
Moriles;2010;Demandantes;Hombres;TOTAL;167,25000001;
Moriles;2010;Demandantes;Mujeres;De 16 a 29 años;47,08333332;
Moriles;2010;Demandantes;Mujeres;De 30 a 44 años;46,75;
Moriles;2010;Demandantes;Mujeres;De 45 a 64 años;13,58333332;
Moriles;2010;Demandantes;Mujeres;TOTAL;107,41666664;
Moriles;2010;Demandantes;Ambos sexos;De 16 a 29 años;95,16666666;
Moriles;2010;Demandantes;Ambos sexos;De 30 a 44 años;113,74999999;
Moriles;2010;Demandantes;Ambos sexos;De 45 a 64 años;65,75;
Moriles;2010;Demandantes;Ambos sexos;TOTAL;274,66666665;
Moriles;2011;Demandantes;Hombres;De 16 a 29 años;50,16666667;
Moriles;2011;Demandantes;Hombres;De 30 a 44 años;69,75;
Moriles;2011;Demandantes;Hombres;De 45 a 64 años;57,91666666;
Moriles;2011;Demandantes;Hombres;TOTAL;177,83333333;
Moriles;2011;Demandantes;Mujeres;De 16 a 29 años;59,83333334;
Moriles;2011;Demandantes;Mujeres;De 30 a 44 años;51,74999999;
Moriles;2011;Demandantes;Mujeres;De 45 a 64 años;17,16666667;
Moriles;2011;Demandantes;Mujeres;TOTAL;128,75;
Moriles;2011;Demandantes;Ambos sexos;De 16 a 29 años;110,00000001;
Moriles;2011;Demandantes;Ambos sexos;De 30 a 44 años;121,49999999;
Moriles;2011;Demandantes;Ambos sexos;De 45 a 64 años;75,08333333;
Moriles;2011;Demandantes;Ambos sexos;TOTAL;306,58333333;
Moriles;2012;Demandantes;Hombres;De 16 a 29 años;75,66666667;
Moriles;2012;Demandantes;Hombres;De 30 a 44 años;102,75000002;
Moriles;2012;Demandantes;Hombres;De 45 a 64 años;82,33333334;
Moriles;2012;Demandantes;Hombres;TOTAL;260,75000003;
Moriles;2012;Demandantes;Mujeres;De 16 a 29 años;70,58333334;
Moriles;2012;Demandantes;Mujeres;De 30 a 44 años;60,33333332;
Moriles;2012;Demandantes;Mujeres;De 45 a 64 años;16,33333334;
Moriles;2012;Demandantes;Mujeres;TOTAL;147,25;
Moriles;2012;Demandantes;Ambos sexos;De 16 a 29 años;146,25000001;
Moriles;2012;Demandantes;Ambos sexos;De 30 a 44 años;163,08333334;
Moriles;2012;Demandantes;Ambos sexos;De 45 a 64 años;98,66666668;
Moriles;2012;Demandantes;Ambos sexos;TOTAL;408,00000003;
Nueva Carteya;2010;Demandantes;Hombres;De 16 a 29 años;40,25000002;
Nueva Carteya;2010;Demandantes;Hombres;De 30 a 44 años;68,66666666;
Nueva Carteya;2010;Demandantes;Hombres;De 45 a 64 años;44,74999998;
Nueva Carteya;2010;Demandantes;Hombres;TOTAL;153,66666666;
Nueva Carteya;2010;Demandantes;Mujeres;De 16 a 29 años;29,66666668;
Nueva Carteya;2010;Demandantes;Mujeres;De 30 a 44 años;35,66666666;
Nueva Carteya;2010;Demandantes;Mujeres;De 45 a 64 años;7,25;
Nueva Carteya;2010;Demandantes;Mujeres;TOTAL;72,58333334;
Nueva Carteya;2010;Demandantes;Ambos sexos;De 16 a 29 años;69,9166667;
Nueva Carteya;2010;Demandantes;Ambos sexos;De 30 a 44 años;104,33333332;
Nueva Carteya;2010;Demandantes;Ambos sexos;De 45 a 64 años;51,99999998;
Nueva Carteya;2010;Demandantes;Ambos sexos;TOTAL;226,25;
Nueva Carteya;2011;Demandantes;Hombres;De 16 a 29 años;32,66666666;
Nueva Carteya;2011;Demandantes;Hombres;De 30 a 44 años;77,66666667;
Nueva Carteya;2011;Demandantes;Hombres;De 45 a 64 años;50,91666668;
Nueva Carteya;2011;Demandantes;Hombres;TOTAL;161,25000001;
Nueva Carteya;2011;Demandantes;Mujeres;De 16 a 29 años;41,50000001;
Nueva Carteya;2011;Demandantes;Mujeres;De 30 a 44 años;39,74999999;
Nueva Carteya;2011;Demandantes;Mujeres;De 45 a 64 años;7,83333332;
Nueva Carteya;2011;Demandantes;Mujeres;TOTAL;89,08333332;
Nueva Carteya;2011;Demandantes;Ambos sexos;De 16 a 29 años;74,16666667;
Nueva Carteya;2011;Demandantes;Ambos sexos;De 30 a 44 años;117,41666666;
Nueva Carteya;2011;Demandantes;Ambos sexos;De 45 a 64 años;58,75;
Nueva Carteya;2011;Demandantes;Ambos sexos;TOTAL;250,33333333;
Nueva Carteya;2012;Demandantes;Hombres;De 16 a 29 años;40,75;
Nueva Carteya;2012;Demandantes;Hombres;De 30 a 44 años;72,08333331;
Nueva Carteya;2012;Demandantes;Hombres;De 45 a 64 años;64,74999999;
Nueva Carteya;2012;Demandantes;Hombres;TOTAL;177,5833333;
Nueva Carteya;2012;Demandantes;Mujeres;De 16 a 29 años;42,41666666;
Nueva Carteya;2012;Demandantes;Mujeres;De 30 a 44 años;49,58333334;
Nueva Carteya;2012;Demandantes;Mujeres;De 45 a 64 años;8,08333332;
Nueva Carteya;2012;Demandantes;Mujeres;TOTAL;100,08333332;
Nueva Carteya;2012;Demandantes;Ambos sexos;De 16 a 29 años;83,16666666;
Nueva Carteya;2012;Demandantes;Ambos sexos;De 30 a 44 años;121,66666665;
Nueva Carteya;2012;Demandantes;Ambos sexos;De 45 a 64 años;72,83333331;
Nueva Carteya;2012;Demandantes;Ambos sexos;TOTAL;277,66666662;
Obejo;2010;Demandantes;Hombres;De 16 a 29 años;16,41666666;
Obejo;2010;Demandantes;Hombres;De 30 a 44 años;18;
Obejo;2010;Demandantes;Hombres;De 45 a 64 años;19,99999999;
Obejo;2010;Demandantes;Hombres;TOTAL;54,41666665;
Obejo;2010;Demandantes;Mujeres;De 16 a 29 años;12,41666667;
Obejo;2010;Demandantes;Mujeres;De 30 a 44 años;38;
Obejo;2010;Demandantes;Mujeres;De 45 a 64 años;23,83333333;
Obejo;2010;Demandantes;Mujeres;TOTAL;74,25;
Obejo;2010;Demandantes;Ambos sexos;De 16 a 29 años;28,83333333;
Obejo;2010;Demandantes;Ambos sexos;De 30 a 44 años;56;
Obejo;2010;Demandantes;Ambos sexos;De 45 a 64 años;43,83333332;
Obejo;2010;Demandantes;Ambos sexos;TOTAL;128,66666665;
Obejo;2011;Demandantes;Hombres;De 16 a 29 años;20,08333333;
Obejo;2011;Demandantes;Hombres;De 30 a 44 años;30,99999999;
Obejo;2011;Demandantes;Hombres;De 45 a 64 años;31,5;
Obejo;2011;Demandantes;Hombres;TOTAL;82,58333332;
Obejo;2011;Demandantes;Mujeres;De 16 a 29 años;19,25;
Obejo;2011;Demandantes;Mujeres;De 30 a 44 años;37,49999998;
Obejo;2011;Demandantes;Mujeres;De 45 a 64 años;30,08333334;
Obejo;2011;Demandantes;Mujeres;TOTAL;86,83333332;
Obejo;2011;Demandantes;Ambos sexos;De 16 a 29 años;39,33333333;
Obejo;2011;Demandantes;Ambos sexos;De 30 a 44 años;68,49999997;
Obejo;2011;Demandantes;Ambos sexos;De 45 a 64 años;61,58333334;
Obejo;2011;Demandantes;Ambos sexos;TOTAL;169,41666664;
Obejo;2012;Demandantes;Hombres;De 16 a 29 años;30,49999999;
Obejo;2012;Demandantes;Hombres;De 30 a 44 años;36,58333333;
Obejo;2012;Demandantes;Hombres;De 45 a 64 años;40,66666668;
Obejo;2012;Demandantes;Hombres;TOTAL;107,75;
Obejo;2012;Demandantes;Mujeres;De 16 a 29 años;29,66666667;
Obejo;2012;Demandantes;Mujeres;De 30 a 44 años;48,66666665;
Obejo;2012;Demandantes;Mujeres;De 45 a 64 años;33,41666666;
Obejo;2012;Demandantes;Mujeres;TOTAL;111,74999998;
Obejo;2012;Demandantes;Ambos sexos;De 16 a 29 años;60,16666666;
Obejo;2012;Demandantes;Ambos sexos;De 30 a 44 años;85,24999998;
Obejo;2012;Demandantes;Ambos sexos;De 45 a 64 años;74,08333334;
Obejo;2012;Demandantes;Ambos sexos;TOTAL;219,49999998;
Palenciana;2010;Demandantes;Hombres;De 16 a 29 años;8,00000001;
Palenciana;2010;Demandantes;Hombres;De 30 a 44 años;17,16666669;
Palenciana;2010;Demandantes;Hombres;De 45 a 64 años;23,5;
Palenciana;2010;Demandantes;Hombres;TOTAL;48,6666667;
Palenciana;2010;Demandantes;Mujeres;De 16 a 29 años;10,08333333;
Palenciana;2010;Demandantes;Mujeres;De 30 a 44 años;12,66666667;
Palenciana;2010;Demandantes;Mujeres;De 45 a 64 años;5;
Palenciana;2010;Demandantes;Mujeres;TOTAL;27,75;
Palenciana;2010;Demandantes;Ambos sexos;De 16 a 29 años;18,08333334;
Palenciana;2010;Demandantes;Ambos sexos;De 30 a 44 años;29,83333336;
Palenciana;2010;Demandantes;Ambos sexos;De 45 a 64 años;28,5;
Palenciana;2010;Demandantes;Ambos sexos;TOTAL;76,4166667;
Palenciana;2011;Demandantes;Hombres;De 16 a 29 años;13,25;
Palenciana;2011;Demandantes;Hombres;De 30 a 44 años;19,66666667;
Palenciana;2011;Demandantes;Hombres;De 45 a 64 años;25;
Palenciana;2011;Demandantes;Hombres;TOTAL;57,91666667;
Palenciana;2011;Demandantes;Mujeres;De 16 a 29 años;12,91666667;
Palenciana;2011;Demandantes;Mujeres;De 30 a 44 años;13,91666666;
Palenciana;2011;Demandantes;Mujeres;De 45 a 64 años;7,33333333;
Palenciana;2011;Demandantes;Mujeres;TOTAL;34,16666666;
Palenciana;2011;Demandantes;Ambos sexos;De 16 a 29 años;26,16666667;
Palenciana;2011;Demandantes;Ambos sexos;De 30 a 44 años;33,58333333;
Palenciana;2011;Demandantes;Ambos sexos;De 45 a 64 años;32,33333333;
Palenciana;2011;Demandantes;Ambos sexos;TOTAL;92,08333333;
Palenciana;2012;Demandantes;Hombres;De 16 a 29 años;11,33333332;
Palenciana;2012;Demandantes;Hombres;De 30 a 44 años;16,91666667;
Palenciana;2012;Demandantes;Hombres;De 45 a 64 años;24,41666667;
Palenciana;2012;Demandantes;Hombres;TOTAL;52,66666666;
Palenciana;2012;Demandantes;Mujeres;De 16 a 29 años;11,33333333;
Palenciana;2012;Demandantes;Mujeres;De 30 a 44 años;13,33333333;
Palenciana;2012;Demandantes;Mujeres;De 45 a 64 años;5,83333333;
Palenciana;2012;Demandantes;Mujeres;TOTAL;30,49999999;
Palenciana;2012;Demandantes;Ambos sexos;De 16 a 29 años;22,66666665;
Palenciana;2012;Demandantes;Ambos sexos;De 30 a 44 años;30,25;
Palenciana;2012;Demandantes;Ambos sexos;De 45 a 64 años;30,25;
Palenciana;2012;Demandantes;Ambos sexos;TOTAL;83,16666665;
Palma del Río;2010;Demandantes;Hombres;De 16 a 29 años;214,99999997;
Palma del Río;2010;Demandantes;Hombres;De 30 a 44 años;301,66666666;
Palma del Río;2010;Demandantes;Hombres;De 45 a 64 años;233,00000001;
Palma del Río;2010;Demandantes;Hombres;TOTAL;749,66666664;
Palma del Río;2010;Demandantes;Mujeres;De 16 a 29 años;226,08333334;
Palma del Río;2010;Demandantes;Mujeres;De 30 a 44 años;264,75000001;
Palma del Río;2010;Demandantes;Mujeres;De 45 a 64 años;148,41666665;
Palma del Río;2010;Demandantes;Mujeres;TOTAL;639,25;
Palma del Río;2010;Demandantes;Ambos sexos;De 16 a 29 años;441,08333331;
Palma del Río;2010;Demandantes;Ambos sexos;De 30 a 44 años;566,41666667;
Palma del Río;2010;Demandantes;Ambos sexos;De 45 a 64 años;381,41666666;
Palma del Río;2010;Demandantes;Ambos sexos;TOTAL;1388,91666664;
Palma del Río;2011;Demandantes;Hombres;De 16 a 29 años;213,58333334;
Palma del Río;2011;Demandantes;Hombres;De 30 a 44 años;304,41666668;
Palma del Río;2011;Demandantes;Hombres;De 45 a 64 años;253,0833333;
Palma del Río;2011;Demandantes;Hombres;TOTAL;771,08333332;
Palma del Río;2011;Demandantes;Mujeres;De 16 a 29 años;238,83333332;
Palma del Río;2011;Demandantes;Mujeres;De 30 a 44 años;268,08333336;
Palma del Río;2011;Demandantes;Mujeres;De 45 a 64 años;160,50000001;
Palma del Río;2011;Demandantes;Mujeres;TOTAL;667,41666669;
Palma del Río;2011;Demandantes;Ambos sexos;De 16 a 29 años;452,41666666;
Palma del Río;2011;Demandantes;Ambos sexos;De 30 a 44 años;572,50000004;
Palma del Río;2011;Demandantes;Ambos sexos;De 45 a 64 años;413,58333331;
Palma del Río;2011;Demandantes;Ambos sexos;TOTAL;1438,50000001;
Palma del Río;2012;Demandantes;Hombres;De 16 a 29 años;249,75000002;
Palma del Río;2012;Demandantes;Hombres;De 30 a 44 años;336,75;
Palma del Río;2012;Demandantes;Hombres;De 45 a 64 años;299,24999998;
Palma del Río;2012;Demandantes;Hombres;TOTAL;885,75;
Palma del Río;2012;Demandantes;Mujeres;De 16 a 29 años;275,49999998;
Palma del Río;2012;Demandantes;Mujeres;De 30 a 44 años;314,25000001;
Palma del Río;2012;Demandantes;Mujeres;De 45 a 64 años;184,49999998;
Palma del Río;2012;Demandantes;Mujeres;TOTAL;774,24999997;
Palma del Río;2012;Demandantes;Ambos sexos;De 16 a 29 años;525,25;
Palma del Río;2012;Demandantes;Ambos sexos;De 30 a 44 años;651,00000001;
Palma del Río;2012;Demandantes;Ambos sexos;De 45 a 64 años;483,74999996;
Palma del Río;2012;Demandantes;Ambos sexos;TOTAL;1659,99999997;
Pedro Abad;2010;Demandantes;Hombres;De 16 a 29 años;31,33333331;
Pedro Abad;2010;Demandantes;Hombres;De 30 a 44 años;48,08333332;
Pedro Abad;2010;Demandantes;Hombres;De 45 a 64 años;57,33333332;
Pedro Abad;2010;Demandantes;Hombres;TOTAL;136,74999995;
Pedro Abad;2010;Demandantes;Mujeres;De 16 a 29 años;31,16666668;
Pedro Abad;2010;Demandantes;Mujeres;De 30 a 44 años;49,16666665;
Pedro Abad;2010;Demandantes;Mujeres;De 45 a 64 años;22,66666665;
Pedro Abad;2010;Demandantes;Mujeres;TOTAL;102,99999998;
Pedro Abad;2010;Demandantes;Ambos sexos;De 16 a 29 años;62,49999999;
Pedro Abad;2010;Demandantes;Ambos sexos;De 30 a 44 años;97,24999997;
Pedro Abad;2010;Demandantes;Ambos sexos;De 45 a 64 años;79,99999997;
Pedro Abad;2010;Demandantes;Ambos sexos;TOTAL;239,74999993;
Pedro Abad;2011;Demandantes;Hombres;De 16 a 29 años;30,75;
Pedro Abad;2011;Demandantes;Hombres;De 30 a 44 años;43,75000001;
Pedro Abad;2011;Demandantes;Hombres;De 45 a 64 años;67,91666668;
Pedro Abad;2011;Demandantes;Hombres;TOTAL;142,41666669;
Pedro Abad;2011;Demandantes;Mujeres;De 16 a 29 años;40,91666665;
Pedro Abad;2011;Demandantes;Mujeres;De 30 a 44 años;56,66666665;
Pedro Abad;2011;Demandantes;Mujeres;De 45 a 64 años;35,16666667;
Pedro Abad;2011;Demandantes;Mujeres;TOTAL;132,74999997;
Pedro Abad;2011;Demandantes;Ambos sexos;De 16 a 29 años;71,66666665;
Pedro Abad;2011;Demandantes;Ambos sexos;De 30 a 44 años;100,41666666;
Pedro Abad;2011;Demandantes;Ambos sexos;De 45 a 64 años;103,08333335;
Pedro Abad;2011;Demandantes;Ambos sexos;TOTAL;275,16666666;
Pedro Abad;2012;Demandantes;Hombres;De 16 a 29 años;48,66666665;
Pedro Abad;2012;Demandantes;Hombres;De 30 a 44 años;93,08333334;
Pedro Abad;2012;Demandantes;Hombres;De 45 a 64 años;99,66666667;
Pedro Abad;2012;Demandantes;Hombres;TOTAL;241,41666666;
Pedro Abad;2012;Demandantes;Mujeres;De 16 a 29 años;62,91666666;
Pedro Abad;2012;Demandantes;Mujeres;De 30 a 44 años;67,24999999;
Pedro Abad;2012;Demandantes;Mujeres;De 45 a 64 años;43,83333334;
Pedro Abad;2012;Demandantes;Mujeres;TOTAL;173,99999999;
Pedro Abad;2012;Demandantes;Ambos sexos;De 16 a 29 años;111,58333331;
Pedro Abad;2012;Demandantes;Ambos sexos;De 30 a 44 años;160,33333333;
Pedro Abad;2012;Demandantes;Ambos sexos;De 45 a 64 años;143,50000001;
Pedro Abad;2012;Demandantes;Ambos sexos;TOTAL;415,41666665;
Pedroche;2010;Demandantes;Hombres;De 16 a 29 años;14,33333332;
Pedroche;2010;Demandantes;Hombres;De 30 a 44 años;15,41666667;
Pedroche;2010;Demandantes;Hombres;De 45 a 64 años;16,33333333;
Pedroche;2010;Demandantes;Hombres;TOTAL;46,08333332;
Pedroche;2010;Demandantes;Mujeres;De 16 a 29 años;14,25;
Pedroche;2010;Demandantes;Mujeres;De 30 a 44 años;32,16666668;
Pedroche;2010;Demandantes;Mujeres;De 45 a 64 años;29,58333333;
Pedroche;2010;Demandantes;Mujeres;TOTAL;76,00000001;
Pedroche;2010;Demandantes;Ambos sexos;De 16 a 29 años;28,58333332;
Pedroche;2010;Demandantes;Ambos sexos;De 30 a 44 años;47,58333335;
Pedroche;2010;Demandantes;Ambos sexos;De 45 a 64 años;45,91666666;
Pedroche;2010;Demandantes;Ambos sexos;TOTAL;122,08333333;
Pedroche;2011;Demandantes;Hombres;De 16 a 29 años;24,41666666;
Pedroche;2011;Demandantes;Hombres;De 30 a 44 años;16,75000001;
Pedroche;2011;Demandantes;Hombres;De 45 a 64 años;23,91666666;
Pedroche;2011;Demandantes;Hombres;TOTAL;65,08333333;
Pedroche;2011;Demandantes;Mujeres;De 16 a 29 años;20,08333332;
Pedroche;2011;Demandantes;Mujeres;De 30 a 44 años;37,49999999;
Pedroche;2011;Demandantes;Mujeres;De 45 a 64 años;30,49999999;
Pedroche;2011;Demandantes;Mujeres;TOTAL;88,0833333;
Pedroche;2011;Demandantes;Ambos sexos;De 16 a 29 años;44,49999998;
Pedroche;2011;Demandantes;Ambos sexos;De 30 a 44 años;54,25;
Pedroche;2011;Demandantes;Ambos sexos;De 45 a 64 años;54,41666665;
Pedroche;2011;Demandantes;Ambos sexos;TOTAL;153,16666663;
Pedroche;2012;Demandantes;Hombres;De 16 a 29 años;32,83333333;
Pedroche;2012;Demandantes;Hombres;De 30 a 44 años;18,58333334;
Pedroche;2012;Demandantes;Hombres;De 45 a 64 años;24,33333335;
Pedroche;2012;Demandantes;Hombres;TOTAL;75,75000002;
Pedroche;2012;Demandantes;Mujeres;De 16 a 29 años;25,08333335;
Pedroche;2012;Demandantes;Mujeres;De 30 a 44 años;40,16666667;
Pedroche;2012;Demandantes;Mujeres;De 45 a 64 años;35,16666665;
Pedroche;2012;Demandantes;Mujeres;TOTAL;100,41666667;
Pedroche;2012;Demandantes;Ambos sexos;De 16 a 29 años;57,91666668;
Pedroche;2012;Demandantes;Ambos sexos;De 30 a 44 años;58,75000001;
Pedroche;2012;Demandantes;Ambos sexos;De 45 a 64 años;59,5;
Pedroche;2012;Demandantes;Ambos sexos;TOTAL;176,16666669;
Peñarroya-Pueblonuevo;2010;Demandantes;Hombres;De 16 a 29 años;251,91666665;
Peñarroya-Pueblonuevo;2010;Demandantes;Hombres;De 30 a 44 años;252,16666666;
Peñarroya-Pueblonuevo;2010;Demandantes;Hombres;De 45 a 64 años;226,74999999;
Peñarroya-Pueblonuevo;2010;Demandantes;Hombres;TOTAL;730,8333333;
Peñarroya-Pueblonuevo;2010;Demandantes;Mujeres;De 16 a 29 años;208,08333331;
Peñarroya-Pueblonuevo;2010;Demandantes;Mujeres;De 30 a 44 años;313,08333332;
Peñarroya-Pueblonuevo;2010;Demandantes;Mujeres;De 45 a 64 años;361,33333333;
Peñarroya-Pueblonuevo;2010;Demandantes;Mujeres;TOTAL;882,49999996;
Peñarroya-Pueblonuevo;2010;Demandantes;Ambos sexos;De 16 a 29 años;459,99999996;
Peñarroya-Pueblonuevo;2010;Demandantes;Ambos sexos;De 30 a 44 años;565,24999998;
Peñarroya-Pueblonuevo;2010;Demandantes;Ambos sexos;De 45 a 64 años;588,08333332;
Peñarroya-Pueblonuevo;2010;Demandantes;Ambos sexos;TOTAL;1613,33333326;
Peñarroya-Pueblonuevo;2011;Demandantes;Hombres;De 16 a 29 años;273;
Peñarroya-Pueblonuevo;2011;Demandantes;Hombres;De 30 a 44 años;262,33333335;
Peñarroya-Pueblonuevo;2011;Demandantes;Hombres;De 45 a 64 años;253,91666668;
Peñarroya-Pueblonuevo;2011;Demandantes;Hombres;TOTAL;789,25000003;
Peñarroya-Pueblonuevo;2011;Demandantes;Mujeres;De 16 a 29 años;239,33333333;
Peñarroya-Pueblonuevo;2011;Demandantes;Mujeres;De 30 a 44 años;341,08333333;
Peñarroya-Pueblonuevo;2011;Demandantes;Mujeres;De 45 a 64 años;379,33333334;
Peñarroya-Pueblonuevo;2011;Demandantes;Mujeres;TOTAL;959,75;
Peñarroya-Pueblonuevo;2011;Demandantes;Ambos sexos;De 16 a 29 años;512,33333333;
Peñarroya-Pueblonuevo;2011;Demandantes;Ambos sexos;De 30 a 44 años;603,41666668;
Peñarroya-Pueblonuevo;2011;Demandantes;Ambos sexos;De 45 a 64 años;633,25000002;
Peñarroya-Pueblonuevo;2011;Demandantes;Ambos sexos;TOTAL;1749,00000003;
Peñarroya-Pueblonuevo;2012;Demandantes;Hombres;De 16 a 29 años;319,5;
Peñarroya-Pueblonuevo;2012;Demandantes;Hombres;De 30 a 44 años;346,00000002;
Peñarroya-Pueblonuevo;2012;Demandantes;Hombres;De 45 a 64 años;310;
Peñarroya-Pueblonuevo;2012;Demandantes;Hombres;TOTAL;975,50000002;
Peñarroya-Pueblonuevo;2012;Demandantes;Mujeres;De 16 a 29 años;279,41666665;
Peñarroya-Pueblonuevo;2012;Demandantes;Mujeres;De 30 a 44 años;362,41666666;
Peñarroya-Pueblonuevo;2012;Demandantes;Mujeres;De 45 a 64 años;409,08333332;
Peñarroya-Pueblonuevo;2012;Demandantes;Mujeres;TOTAL;1050,91666663;
Peñarroya-Pueblonuevo;2012;Demandantes;Ambos sexos;De 16 a 29 años;598,91666665;
Peñarroya-Pueblonuevo;2012;Demandantes;Ambos sexos;De 30 a 44 años;708,41666668;
Peñarroya-Pueblonuevo;2012;Demandantes;Ambos sexos;De 45 a 64 años;719,08333332;
Peñarroya-Pueblonuevo;2012;Demandantes;Ambos sexos;TOTAL;2026,41666665;
Posadas;2010;Demandantes;Hombres;De 16 a 29 años;103,91666664;
Posadas;2010;Demandantes;Hombres;De 30 a 44 años;137,25000001;
Posadas;2010;Demandantes;Hombres;De 45 a 64 años;114,41666666;
Posadas;2010;Demandantes;Hombres;TOTAL;355,58333331;
Posadas;2010;Demandantes;Mujeres;De 16 a 29 años;101,58333332;
Posadas;2010;Demandantes;Mujeres;De 30 a 44 años;109,00000001;
Posadas;2010;Demandantes;Mujeres;De 45 a 64 años;61,75;
Posadas;2010;Demandantes;Mujeres;TOTAL;272,33333333;
Posadas;2010;Demandantes;Ambos sexos;De 16 a 29 años;205,49999996;
Posadas;2010;Demandantes;Ambos sexos;De 30 a 44 años;246,25000002;
Posadas;2010;Demandantes;Ambos sexos;De 45 a 64 años;176,16666666;
Posadas;2010;Demandantes;Ambos sexos;TOTAL;627,91666664;
Posadas;2011;Demandantes;Hombres;De 16 a 29 años;98,58333333;
Posadas;2011;Demandantes;Hombres;De 30 a 44 años;129,49999999;
Posadas;2011;Demandantes;Hombres;De 45 a 64 años;118,5;
Posadas;2011;Demandantes;Hombres;TOTAL;346,58333332;
Posadas;2011;Demandantes;Mujeres;De 16 a 29 años;110,41666666;
Posadas;2011;Demandantes;Mujeres;De 30 a 44 años;108,58333332;
Posadas;2011;Demandantes;Mujeres;De 45 a 64 años;74,08333334;
Posadas;2011;Demandantes;Mujeres;TOTAL;293,08333332;
Posadas;2011;Demandantes;Ambos sexos;De 16 a 29 años;208,99999999;
Posadas;2011;Demandantes;Ambos sexos;De 30 a 44 años;238,08333331;
Posadas;2011;Demandantes;Ambos sexos;De 45 a 64 años;192,58333334;
Posadas;2011;Demandantes;Ambos sexos;TOTAL;639,66666664;
Posadas;2012;Demandantes;Hombres;De 16 a 29 años;126,25;
Posadas;2012;Demandantes;Hombres;De 30 a 44 años;162,41666665;
Posadas;2012;Demandantes;Hombres;De 45 a 64 años;163,33333331;
Posadas;2012;Demandantes;Hombres;TOTAL;451,99999996;
Posadas;2012;Demandantes;Mujeres;De 16 a 29 años;137,33333334;
Posadas;2012;Demandantes;Mujeres;De 30 a 44 años;144,91666664;
Posadas;2012;Demandantes;Mujeres;De 45 a 64 años;86,49999999;
Posadas;2012;Demandantes;Mujeres;TOTAL;368,74999997;
Posadas;2012;Demandantes;Ambos sexos;De 16 a 29 años;263,58333334;
Posadas;2012;Demandantes;Ambos sexos;De 30 a 44 años;307,33333329;
Posadas;2012;Demandantes;Ambos sexos;De 45 a 64 años;249,8333333;
Posadas;2012;Demandantes;Ambos sexos;TOTAL;820,74999993;
Pozoblanco;2010;Demandantes;Hombres;De 16 a 29 años;186,83333334;
Pozoblanco;2010;Demandantes;Hombres;De 30 a 44 años;204,99999999;
Pozoblanco;2010;Demandantes;Hombres;De 45 a 64 años;214,33333332;
Pozoblanco;2010;Demandantes;Hombres;TOTAL;606,16666665;
Pozoblanco;2010;Demandantes;Mujeres;De 16 a 29 años;188,25000001;
Pozoblanco;2010;Demandantes;Mujeres;De 30 a 44 años;329,58333333;
Pozoblanco;2010;Demandantes;Mujeres;De 45 a 64 años;366,58333331;
Pozoblanco;2010;Demandantes;Mujeres;TOTAL;884,41666665;
Pozoblanco;2010;Demandantes;Ambos sexos;De 16 a 29 años;375,08333335;
Pozoblanco;2010;Demandantes;Ambos sexos;De 30 a 44 años;534,58333332;
Pozoblanco;2010;Demandantes;Ambos sexos;De 45 a 64 años;580,91666663;
Pozoblanco;2010;Demandantes;Ambos sexos;TOTAL;1490,5833333;
Pozoblanco;2011;Demandantes;Hombres;De 16 a 29 años;222,41666666;
Pozoblanco;2011;Demandantes;Hombres;De 30 a 44 años;226,24999999;
Pozoblanco;2011;Demandantes;Hombres;De 45 a 64 años;240,66666665;
Pozoblanco;2011;Demandantes;Hombres;TOTAL;689,3333333;
Pozoblanco;2011;Demandantes;Mujeres;De 16 a 29 años;218,66666665;
Pozoblanco;2011;Demandantes;Mujeres;De 30 a 44 años;351,91666669;
Pozoblanco;2011;Demandantes;Mujeres;De 45 a 64 años;389,75000001;
Pozoblanco;2011;Demandantes;Mujeres;TOTAL;960,33333335;
Pozoblanco;2011;Demandantes;Ambos sexos;De 16 a 29 años;441,08333331;
Pozoblanco;2011;Demandantes;Ambos sexos;De 30 a 44 años;578,16666668;
Pozoblanco;2011;Demandantes;Ambos sexos;De 45 a 64 años;630,41666666;
Pozoblanco;2011;Demandantes;Ambos sexos;TOTAL;1649,66666665;
Pozoblanco;2012;Demandantes;Hombres;De 16 a 29 años;262,49999998;
Pozoblanco;2012;Demandantes;Hombres;De 30 a 44 años;272,66666667;
Pozoblanco;2012;Demandantes;Hombres;De 45 a 64 años;320;
Pozoblanco;2012;Demandantes;Hombres;TOTAL;855,16666665;
Pozoblanco;2012;Demandantes;Mujeres;De 16 a 29 años;247,50000003;
Pozoblanco;2012;Demandantes;Mujeres;De 30 a 44 años;391,58333334;
Pozoblanco;2012;Demandantes;Mujeres;De 45 a 64 años;442,33333334;
Pozoblanco;2012;Demandantes;Mujeres;TOTAL;1081,41666671;
Pozoblanco;2012;Demandantes;Ambos sexos;De 16 a 29 años;510,00000001;
Pozoblanco;2012;Demandantes;Ambos sexos;De 30 a 44 años;664,25000001;
Pozoblanco;2012;Demandantes;Ambos sexos;De 45 a 64 años;762,33333334;
Pozoblanco;2012;Demandantes;Ambos sexos;TOTAL;1936,58333336;
Priego de Córdoba;2010;Demandantes;Hombres;De 16 a 29 años;207,33333333;
Priego de Córdoba;2010;Demandantes;Hombres;De 30 a 44 años;360,66666664;
Priego de Córdoba;2010;Demandantes;Hombres;De 45 a 64 años;305,5;
Priego de Córdoba;2010;Demandantes;Hombres;TOTAL;873,49999997;
Priego de Córdoba;2010;Demandantes;Mujeres;De 16 a 29 años;225,41666667;
Priego de Córdoba;2010;Demandantes;Mujeres;De 30 a 44 años;462,91666665;
Priego de Córdoba;2010;Demandantes;Mujeres;De 45 a 64 años;233,66666667;
Priego de Córdoba;2010;Demandantes;Mujeres;TOTAL;921,99999999;
Priego de Córdoba;2010;Demandantes;Ambos sexos;De 16 a 29 años;432,75;
Priego de Córdoba;2010;Demandantes;Ambos sexos;De 30 a 44 años;823,58333329;
Priego de Córdoba;2010;Demandantes;Ambos sexos;De 45 a 64 años;539,16666667;
Priego de Córdoba;2010;Demandantes;Ambos sexos;TOTAL;1795,49999996;
Priego de Córdoba;2011;Demandantes;Hombres;De 16 a 29 años;247,58333334;
Priego de Córdoba;2011;Demandantes;Hombres;De 30 a 44 años;366,66666667;
Priego de Córdoba;2011;Demandantes;Hombres;De 45 a 64 años;337,91666664;
Priego de Córdoba;2011;Demandantes;Hombres;TOTAL;952,16666665;
Priego de Córdoba;2011;Demandantes;Mujeres;De 16 a 29 años;228,91666666;
Priego de Córdoba;2011;Demandantes;Mujeres;De 30 a 44 años;427,50000002;
Priego de Córdoba;2011;Demandantes;Mujeres;De 45 a 64 años;257,08333335;
Priego de Córdoba;2011;Demandantes;Mujeres;TOTAL;913,50000003;
Priego de Córdoba;2011;Demandantes;Ambos sexos;De 16 a 29 años;476,5;
Priego de Córdoba;2011;Demandantes;Ambos sexos;De 30 a 44 años;794,16666669;
Priego de Córdoba;2011;Demandantes;Ambos sexos;De 45 a 64 años;594,99999999;
Priego de Córdoba;2011;Demandantes;Ambos sexos;TOTAL;1865,66666668;
Priego de Córdoba;2012;Demandantes;Hombres;De 16 a 29 años;258,83333333;
Priego de Córdoba;2012;Demandantes;Hombres;De 30 a 44 años;412,74999999;
Priego de Córdoba;2012;Demandantes;Hombres;De 45 a 64 años;416,66666668;
Priego de Córdoba;2012;Demandantes;Hombres;TOTAL;1088,25;
Priego de Córdoba;2012;Demandantes;Mujeres;De 16 a 29 años;268,16666666;
Priego de Córdoba;2012;Demandantes;Mujeres;De 30 a 44 años;444,74999999;
Priego de Córdoba;2012;Demandantes;Mujeres;De 45 a 64 años;301,58333334;
Priego de Córdoba;2012;Demandantes;Mujeres;TOTAL;1014,49999999;
Priego de Córdoba;2012;Demandantes;Ambos sexos;De 16 a 29 años;526,99999999;
Priego de Córdoba;2012;Demandantes;Ambos sexos;De 30 a 44 años;857,49999998;
Priego de Córdoba;2012;Demandantes;Ambos sexos;De 45 a 64 años;718,25000002;
Priego de Córdoba;2012;Demandantes;Ambos sexos;TOTAL;2102,74999999;
Puente Genil;2010;Demandantes;Hombres;De 16 a 29 años;465,5;
Puente Genil;2010;Demandantes;Hombres;De 30 a 44 años;508,66666668;
Puente Genil;2010;Demandantes;Hombres;De 45 a 64 años;483,99999998;
Puente Genil;2010;Demandantes;Hombres;TOTAL;1458,16666666;
Puente Genil;2010;Demandantes;Mujeres;De 16 a 29 años;430,16666666;
Puente Genil;2010;Demandantes;Mujeres;De 30 a 44 años;572,33333333;
Puente Genil;2010;Demandantes;Mujeres;De 45 a 64 años;402,25;
Puente Genil;2010;Demandantes;Mujeres;TOTAL;1404,74999999;
Puente Genil;2010;Demandantes;Ambos sexos;De 16 a 29 años;895,66666666;
Puente Genil;2010;Demandantes;Ambos sexos;De 30 a 44 años;1081,00000001;
Puente Genil;2010;Demandantes;Ambos sexos;De 45 a 64 años;886,24999998;
Puente Genil;2010;Demandantes;Ambos sexos;TOTAL;2862,91666665;
Puente Genil;2011;Demandantes;Hombres;De 16 a 29 años;517,99999997;
Puente Genil;2011;Demandantes;Hombres;De 30 a 44 años;565,24999999;
Puente Genil;2011;Demandantes;Hombres;De 45 a 64 años;579,16666665;
Puente Genil;2011;Demandantes;Hombres;TOTAL;1662,41666661;
Puente Genil;2011;Demandantes;Mujeres;De 16 a 29 años;484,83333335;
Puente Genil;2011;Demandantes;Mujeres;De 30 a 44 años;604,66666666;
Puente Genil;2011;Demandantes;Mujeres;De 45 a 64 años;471,08333332;
Puente Genil;2011;Demandantes;Mujeres;TOTAL;1560,58333333;
Puente Genil;2011;Demandantes;Ambos sexos;De 16 a 29 años;1002,83333332;
Puente Genil;2011;Demandantes;Ambos sexos;De 30 a 44 años;1169,91666665;
Puente Genil;2011;Demandantes;Ambos sexos;De 45 a 64 años;1050,24999997;
Puente Genil;2011;Demandantes;Ambos sexos;TOTAL;3222,99999994;
Puente Genil;2012;Demandantes;Hombres;De 16 a 29 años;566,16666667;
Puente Genil;2012;Demandantes;Hombres;De 30 a 44 años;669,74999998;
Puente Genil;2012;Demandantes;Hombres;De 45 a 64 años;718,66666666;
Puente Genil;2012;Demandantes;Hombres;TOTAL;1954,58333331;
Puente Genil;2012;Demandantes;Mujeres;De 16 a 29 años;557,58333333;
Puente Genil;2012;Demandantes;Mujeres;De 30 a 44 años;685,83333333;
Puente Genil;2012;Demandantes;Mujeres;De 45 a 64 años;541,08333336;
Puente Genil;2012;Demandantes;Mujeres;TOTAL;1784,50000002;
Puente Genil;2012;Demandantes;Ambos sexos;De 16 a 29 años;1123,75;
Puente Genil;2012;Demandantes;Ambos sexos;De 30 a 44 años;1355,58333331;
Puente Genil;2012;Demandantes;Ambos sexos;De 45 a 64 años;1259,75000002;
Puente Genil;2012;Demandantes;Ambos sexos;TOTAL;3739,08333333;
Rute;2010;Demandantes;Hombres;De 16 a 29 años;89,99999999;
Rute;2010;Demandantes;Hombres;De 30 a 44 años;140,16666664;
Rute;2010;Demandantes;Hombres;De 45 a 64 años;85,66666665;
Rute;2010;Demandantes;Hombres;TOTAL;315,83333328;
Rute;2010;Demandantes;Mujeres;De 16 a 29 años;90,91666665;
Rute;2010;Demandantes;Mujeres;De 30 a 44 años;134,58333333;
Rute;2010;Demandantes;Mujeres;De 45 a 64 años;57,83333333;
Rute;2010;Demandantes;Mujeres;TOTAL;283,33333331;
Rute;2010;Demandantes;Ambos sexos;De 16 a 29 años;180,91666664;
Rute;2010;Demandantes;Ambos sexos;De 30 a 44 años;274,74999997;
Rute;2010;Demandantes;Ambos sexos;De 45 a 64 años;143,49999998;
Rute;2010;Demandantes;Ambos sexos;TOTAL;599,16666659;
Rute;2011;Demandantes;Hombres;De 16 a 29 años;94,16666666;
Rute;2011;Demandantes;Hombres;De 30 a 44 años;144,08333336;
Rute;2011;Demandantes;Hombres;De 45 a 64 años;101,41666666;
Rute;2011;Demandantes;Hombres;TOTAL;339,66666668;
Rute;2011;Demandantes;Mujeres;De 16 a 29 años;92,08333335;
Rute;2011;Demandantes;Mujeres;De 30 a 44 años;130,58333334;
Rute;2011;Demandantes;Mujeres;De 45 a 64 años;61,08333331;
Rute;2011;Demandantes;Mujeres;TOTAL;283,75;
Rute;2011;Demandantes;Ambos sexos;De 16 a 29 años;186,25000001;
Rute;2011;Demandantes;Ambos sexos;De 30 a 44 años;274,6666667;
Rute;2011;Demandantes;Ambos sexos;De 45 a 64 años;162,49999997;
Rute;2011;Demandantes;Ambos sexos;TOTAL;623,41666668;
Rute;2012;Demandantes;Hombres;De 16 a 29 años;93,08333332;
Rute;2012;Demandantes;Hombres;De 30 a 44 años;148,33333332;
Rute;2012;Demandantes;Hombres;De 45 a 64 años;134,99999999;
Rute;2012;Demandantes;Hombres;TOTAL;376,41666663;
Rute;2012;Demandantes;Mujeres;De 16 a 29 años;115,16666669;
Rute;2012;Demandantes;Mujeres;De 30 a 44 años;143,5;
Rute;2012;Demandantes;Mujeres;De 45 a 64 años;82,66666666;
Rute;2012;Demandantes;Mujeres;TOTAL;341,33333335;
Rute;2012;Demandantes;Ambos sexos;De 16 a 29 años;208,25000001;
Rute;2012;Demandantes;Ambos sexos;De 30 a 44 años;291,83333332;
Rute;2012;Demandantes;Ambos sexos;De 45 a 64 años;217,66666665;
Rute;2012;Demandantes;Ambos sexos;TOTAL;717,74999998;
San Sebastián de los Ballesteros;2010;Demandantes;Hombres;De 16 a 29 años;9,99999998;
San Sebastián de los Ballesteros;2010;Demandantes;Hombres;De 30 a 44 años;12,58333334;
San Sebastián de los Ballesteros;2010;Demandantes;Hombres;De 45 a 64 años;14,08333333;
San Sebastián de los Ballesteros;2010;Demandantes;Hombres;TOTAL;36,66666665;
San Sebastián de los Ballesteros;2010;Demandantes;Mujeres;De 16 a 29 años;8,08333334;
San Sebastián de los Ballesteros;2010;Demandantes;Mujeres;De 30 a 44 años;9,16666666;
San Sebastián de los Ballesteros;2010;Demandantes;Mujeres;De 45 a 64 años;2,41666667;
San Sebastián de los Ballesteros;2010;Demandantes;Mujeres;TOTAL;19,66666667;
San Sebastián de los Ballesteros;2010;Demandantes;Ambos sexos;De 16 a 29 años;18,08333332;
San Sebastián de los Ballesteros;2010;Demandantes;Ambos sexos;De 30 a 44 años;21,75;
San Sebastián de los Ballesteros;2010;Demandantes;Ambos sexos;De 45 a 64 años;16,5;
San Sebastián de los Ballesteros;2010;Demandantes;Ambos sexos;TOTAL;56,33333332;
San Sebastián de los Ballesteros;2011;Demandantes;Hombres;De 16 a 29 años;9,00000001;
San Sebastián de los Ballesteros;2011;Demandantes;Hombres;De 30 a 44 años;14,91666667;
San Sebastián de los Ballesteros;2011;Demandantes;Hombres;De 45 a 64 años;10,66666667;
San Sebastián de los Ballesteros;2011;Demandantes;Hombres;TOTAL;34,58333335;
San Sebastián de los Ballesteros;2011;Demandantes;Mujeres;De 16 a 29 años;12,33333334;
San Sebastián de los Ballesteros;2011;Demandantes;Mujeres;De 30 a 44 años;6,99999999;
San Sebastián de los Ballesteros;2011;Demandantes;Mujeres;De 45 a 64 años;1,83333334;
San Sebastián de los Ballesteros;2011;Demandantes;Mujeres;TOTAL;21,16666667;
San Sebastián de los Ballesteros;2011;Demandantes;Ambos sexos;De 16 a 29 años;21,33333335;
San Sebastián de los Ballesteros;2011;Demandantes;Ambos sexos;De 30 a 44 años;21,91666666;
San Sebastián de los Ballesteros;2011;Demandantes;Ambos sexos;De 45 a 64 años;12,50000001;
San Sebastián de los Ballesteros;2011;Demandantes;Ambos sexos;TOTAL;55,75000002;
San Sebastián de los Ballesteros;2012;Demandantes;Hombres;De 16 a 29 años;10,83333334;
San Sebastián de los Ballesteros;2012;Demandantes;Hombres;De 30 a 44 años;17,16666667;
San Sebastián de los Ballesteros;2012;Demandantes;Hombres;De 45 a 64 años;18,5;
San Sebastián de los Ballesteros;2012;Demandantes;Hombres;TOTAL;46,50000001;
San Sebastián de los Ballesteros;2012;Demandantes;Mujeres;De 16 a 29 años;16,66666667;
San Sebastián de los Ballesteros;2012;Demandantes;Mujeres;De 30 a 44 años;11,41666667;
San Sebastián de los Ballesteros;2012;Demandantes;Mujeres;De 45 a 64 años;2,75;
San Sebastián de los Ballesteros;2012;Demandantes;Mujeres;TOTAL;30,83333334;
San Sebastián de los Ballesteros;2012;Demandantes;Ambos sexos;De 16 a 29 años;27,50000001;
San Sebastián de los Ballesteros;2012;Demandantes;Ambos sexos;De 30 a 44 años;28,58333334;
San Sebastián de los Ballesteros;2012;Demandantes;Ambos sexos;De 45 a 64 años;21,25;
San Sebastián de los Ballesteros;2012;Demandantes;Ambos sexos;TOTAL;77,33333335;
Santa Eufemia;2010;Demandantes;Hombres;De 16 a 29 años;10,24999999;
Santa Eufemia;2010;Demandantes;Hombres;De 30 a 44 años;7,75;
Santa Eufemia;2010;Demandantes;Hombres;De 45 a 64 años;10,5;
Santa Eufemia;2010;Demandantes;Hombres;TOTAL;28,49999999;
Santa Eufemia;2010;Demandantes;Mujeres;De 16 a 29 años;10,33333333;
Santa Eufemia;2010;Demandantes;Mujeres;De 30 a 44 años;21,41666667;
Santa Eufemia;2010;Demandantes;Mujeres;De 45 a 64 años;26,83333332;
Santa Eufemia;2010;Demandantes;Mujeres;TOTAL;58,58333332;
Santa Eufemia;2010;Demandantes;Ambos sexos;De 16 a 29 años;20,58333332;
Santa Eufemia;2010;Demandantes;Ambos sexos;De 30 a 44 años;29,16666667;
Santa Eufemia;2010;Demandantes;Ambos sexos;De 45 a 64 años;37,33333332;
Santa Eufemia;2010;Demandantes;Ambos sexos;TOTAL;87,08333331;
Santa Eufemia;2011;Demandantes;Hombres;De 16 a 29 años;12,08333333;
Santa Eufemia;2011;Demandantes;Hombres;De 30 a 44 años;8,41666666;
Santa Eufemia;2011;Demandantes;Hombres;De 45 a 64 años;13,25;
Santa Eufemia;2011;Demandantes;Hombres;TOTAL;33,74999999;
Santa Eufemia;2011;Demandantes;Mujeres;De 16 a 29 años;11,08333333;
Santa Eufemia;2011;Demandantes;Mujeres;De 30 a 44 años;15,16666667;
Santa Eufemia;2011;Demandantes;Mujeres;De 45 a 64 años;26,75;
Santa Eufemia;2011;Demandantes;Mujeres;TOTAL;53;
Santa Eufemia;2011;Demandantes;Ambos sexos;De 16 a 29 años;23,16666666;
Santa Eufemia;2011;Demandantes;Ambos sexos;De 30 a 44 años;23,58333333;
Santa Eufemia;2011;Demandantes;Ambos sexos;De 45 a 64 años;40;
Santa Eufemia;2011;Demandantes;Ambos sexos;TOTAL;86,74999999;
Santa Eufemia;2012;Demandantes;Hombres;De 16 a 29 años;14,08333333;
Santa Eufemia;2012;Demandantes;Hombres;De 30 a 44 años;15,58333333;
Santa Eufemia;2012;Demandantes;Hombres;De 45 a 64 años;25,58333333;
Santa Eufemia;2012;Demandantes;Hombres;TOTAL;55,24999999;
Santa Eufemia;2012;Demandantes;Mujeres;De 16 a 29 años;10,33333332;
Santa Eufemia;2012;Demandantes;Mujeres;De 30 a 44 años;22,58333333;
Santa Eufemia;2012;Demandantes;Mujeres;De 45 a 64 años;28,83333333;
Santa Eufemia;2012;Demandantes;Mujeres;TOTAL;61,74999998;
Santa Eufemia;2012;Demandantes;Ambos sexos;De 16 a 29 años;24,41666665;
Santa Eufemia;2012;Demandantes;Ambos sexos;De 30 a 44 años;38,16666666;
Santa Eufemia;2012;Demandantes;Ambos sexos;De 45 a 64 años;54,41666666;
Santa Eufemia;2012;Demandantes;Ambos sexos;TOTAL;116,99999997;
Santaella;2010;Demandantes;Hombres;De 16 a 29 años;90,74999999;
Santaella;2010;Demandantes;Hombres;De 30 a 44 años;105,99999999;
Santaella;2010;Demandantes;Hombres;De 45 a 64 años;80,16666666;
Santaella;2010;Demandantes;Hombres;TOTAL;276,91666664;
Santaella;2010;Demandantes;Mujeres;De 16 a 29 años;55,33333333;
Santaella;2010;Demandantes;Mujeres;De 30 a 44 años;50,75;
Santaella;2010;Demandantes;Mujeres;De 45 a 64 años;17,83333332;
Santaella;2010;Demandantes;Mujeres;TOTAL;123,91666665;
Santaella;2010;Demandantes;Ambos sexos;De 16 a 29 años;146,08333332;
Santaella;2010;Demandantes;Ambos sexos;De 30 a 44 años;156,74999999;
Santaella;2010;Demandantes;Ambos sexos;De 45 a 64 años;97,99999998;
Santaella;2010;Demandantes;Ambos sexos;TOTAL;400,83333329;
Santaella;2011;Demandantes;Hombres;De 16 a 29 años;61,16666665;
Santaella;2011;Demandantes;Hombres;De 30 a 44 años;89,08333332;
Santaella;2011;Demandantes;Hombres;De 45 a 64 años;87,58333336;
Santaella;2011;Demandantes;Hombres;TOTAL;237,83333333;
Santaella;2011;Demandantes;Mujeres;De 16 a 29 años;54,41666668;
Santaella;2011;Demandantes;Mujeres;De 30 a 44 años;45,08333333;
Santaella;2011;Demandantes;Mujeres;De 45 a 64 años;18,75;
Santaella;2011;Demandantes;Mujeres;TOTAL;118,25000001;
Santaella;2011;Demandantes;Ambos sexos;De 16 a 29 años;115,58333333;
Santaella;2011;Demandantes;Ambos sexos;De 30 a 44 años;134,16666665;
Santaella;2011;Demandantes;Ambos sexos;De 45 a 64 años;106,33333336;
Santaella;2011;Demandantes;Ambos sexos;TOTAL;356,08333334;
Santaella;2012;Demandantes;Hombres;De 16 a 29 años;59,5;
Santaella;2012;Demandantes;Hombres;De 30 a 44 años;102,75000001;
Santaella;2012;Demandantes;Hombres;De 45 a 64 años;96,5;
Santaella;2012;Demandantes;Hombres;TOTAL;258,75000001;
Santaella;2012;Demandantes;Mujeres;De 16 a 29 años;69,99999999;
Santaella;2012;Demandantes;Mujeres;De 30 a 44 años;62,16666664;
Santaella;2012;Demandantes;Mujeres;De 45 a 64 años;22,75;
Santaella;2012;Demandantes;Mujeres;TOTAL;154,91666663;
Santaella;2012;Demandantes;Ambos sexos;De 16 a 29 años;129,49999999;
Santaella;2012;Demandantes;Ambos sexos;De 30 a 44 años;164,91666665;
Santaella;2012;Demandantes;Ambos sexos;De 45 a 64 años;119,25;
Santaella;2012;Demandantes;Ambos sexos;TOTAL;413,66666664;
Torrecampo;2010;Demandantes;Hombres;De 16 a 29 años;12,25;
Torrecampo;2010;Demandantes;Hombres;De 30 a 44 años;18,83333334;
Torrecampo;2010;Demandantes;Hombres;De 45 a 64 años;15,41666667;
Torrecampo;2010;Demandantes;Hombres;TOTAL;46,50000001;
Torrecampo;2010;Demandantes;Mujeres;De 16 a 29 años;11,58333333;
Torrecampo;2010;Demandantes;Mujeres;De 30 a 44 años;23,91666667;
Torrecampo;2010;Demandantes;Mujeres;De 45 a 64 años;21,08333333;
Torrecampo;2010;Demandantes;Mujeres;TOTAL;56,58333333;
Torrecampo;2010;Demandantes;Ambos sexos;De 16 a 29 años;23,83333333;
Torrecampo;2010;Demandantes;Ambos sexos;De 30 a 44 años;42,75000001;
Torrecampo;2010;Demandantes;Ambos sexos;De 45 a 64 años;36,5;
Torrecampo;2010;Demandantes;Ambos sexos;TOTAL;103,08333334;
Torrecampo;2011;Demandantes;Hombres;De 16 a 29 años;11,83333332;
Torrecampo;2011;Demandantes;Hombres;De 30 a 44 años;17;
Torrecampo;2011;Demandantes;Hombres;De 45 a 64 años;22,91666666;
Torrecampo;2011;Demandantes;Hombres;TOTAL;51,74999998;
Torrecampo;2011;Demandantes;Mujeres;De 16 a 29 años;10,41666667;
Torrecampo;2011;Demandantes;Mujeres;De 30 a 44 años;24,75000001;
Torrecampo;2011;Demandantes;Mujeres;De 45 a 64 años;22,08333334;
Torrecampo;2011;Demandantes;Mujeres;TOTAL;57,25000002;
Torrecampo;2011;Demandantes;Ambos sexos;De 16 a 29 años;22,24999999;
Torrecampo;2011;Demandantes;Ambos sexos;De 30 a 44 años;41,75000001;
Torrecampo;2011;Demandantes;Ambos sexos;De 45 a 64 años;45;
Torrecampo;2011;Demandantes;Ambos sexos;TOTAL;109;
Torrecampo;2012;Demandantes;Hombres;De 16 a 29 años;17;
Torrecampo;2012;Demandantes;Hombres;De 30 a 44 años;23,33333332;
Torrecampo;2012;Demandantes;Hombres;De 45 a 64 años;33,08333333;
Torrecampo;2012;Demandantes;Hombres;TOTAL;73,41666665;
Torrecampo;2012;Demandantes;Mujeres;De 16 a 29 años;16,50000001;
Torrecampo;2012;Demandantes;Mujeres;De 30 a 44 años;31,16666666;
Torrecampo;2012;Demandantes;Mujeres;De 45 a 64 años;27,91666667;
Torrecampo;2012;Demandantes;Mujeres;TOTAL;75,58333334;
Torrecampo;2012;Demandantes;Ambos sexos;De 16 a 29 años;33,50000001;
Torrecampo;2012;Demandantes;Ambos sexos;De 30 a 44 años;54,49999998;
Torrecampo;2012;Demandantes;Ambos sexos;De 45 a 64 años;61;
Torrecampo;2012;Demandantes;Ambos sexos;TOTAL;148,99999999;
Valenzuela;2010;Demandantes;Hombres;De 16 a 29 años;7,00000001;
Valenzuela;2010;Demandantes;Hombres;De 30 a 44 años;9,08333334;
Valenzuela;2010;Demandantes;Hombres;De 45 a 64 años;4,5;
Valenzuela;2010;Demandantes;Hombres;TOTAL;20,58333335;
Valenzuela;2010;Demandantes;Mujeres;De 16 a 29 años;6,91666667;
Valenzuela;2010;Demandantes;Mujeres;De 30 a 44 años;6,66666667;
Valenzuela;2010;Demandantes;Mujeres;De 45 a 64 años;2,58333333;
Valenzuela;2010;Demandantes;Mujeres;TOTAL;16,16666667;
Valenzuela;2010;Demandantes;Ambos sexos;De 16 a 29 años;13,91666668;
Valenzuela;2010;Demandantes;Ambos sexos;De 30 a 44 años;15,75000001;
Valenzuela;2010;Demandantes;Ambos sexos;De 45 a 64 años;7,08333333;
Valenzuela;2010;Demandantes;Ambos sexos;TOTAL;36,75000002;
Valenzuela;2011;Demandantes;Hombres;De 16 a 29 años;4,08333333;
Valenzuela;2011;Demandantes;Hombres;De 30 a 44 años;5,75;
Valenzuela;2011;Demandantes;Hombres;De 45 a 64 años;6,58333334;
Valenzuela;2011;Demandantes;Hombres;TOTAL;16,41666667;
Valenzuela;2011;Demandantes;Mujeres;De 16 a 29 años;7,91666668;
Valenzuela;2011;Demandantes;Mujeres;De 30 a 44 años;6,08333333;
Valenzuela;2011;Demandantes;Mujeres;De 45 a 64 años;6,91666666;
Valenzuela;2011;Demandantes;Mujeres;TOTAL;20,91666667;
Valenzuela;2011;Demandantes;Ambos sexos;De 16 a 29 años;12,00000001;
Valenzuela;2011;Demandantes;Ambos sexos;De 30 a 44 años;11,83333333;
Valenzuela;2011;Demandantes;Ambos sexos;De 45 a 64 años;13,5;
Valenzuela;2011;Demandantes;Ambos sexos;TOTAL;37,33333334;
Valenzuela;2012;Demandantes;Hombres;De 16 a 29 años;5;
Valenzuela;2012;Demandantes;Hombres;De 30 a 44 años;7,91666666;
Valenzuela;2012;Demandantes;Hombres;De 45 a 64 años;10,41666666;
Valenzuela;2012;Demandantes;Hombres;TOTAL;23,33333332;
Valenzuela;2012;Demandantes;Mujeres;De 16 a 29 años;10,08333334;
Valenzuela;2012;Demandantes;Mujeres;De 30 a 44 años;10,24999999;
Valenzuela;2012;Demandantes;Mujeres;De 45 a 64 años;7,08333334;
Valenzuela;2012;Demandantes;Mujeres;TOTAL;27,41666667;
Valenzuela;2012;Demandantes;Ambos sexos;De 16 a 29 años;15,08333334;
Valenzuela;2012;Demandantes;Ambos sexos;De 30 a 44 años;18,16666665;
Valenzuela;2012;Demandantes;Ambos sexos;De 45 a 64 años;17,5;
Valenzuela;2012;Demandantes;Ambos sexos;TOTAL;50,74999999;
Valsequillo;2010;Demandantes;Hombres;De 16 a 29 años;3,66666667;
Valsequillo;2010;Demandantes;Hombres;De 30 a 44 años;2,33333334;
Valsequillo;2010;Demandantes;Hombres;De 45 a 64 años;5,50000001;
Valsequillo;2010;Demandantes;Hombres;TOTAL;11,50000002;
Valsequillo;2010;Demandantes;Mujeres;De 16 a 29 años;4,83333333;
Valsequillo;2010;Demandantes;Mujeres;De 30 a 44 años;9,08333334;
Valsequillo;2010;Demandantes;Mujeres;De 45 a 64 años;11,83333332;
Valsequillo;2010;Demandantes;Mujeres;TOTAL;25,74999999;
Valsequillo;2010;Demandantes;Ambos sexos;De 16 a 29 años;8,5;
Valsequillo;2010;Demandantes;Ambos sexos;De 30 a 44 años;11,41666668;
Valsequillo;2010;Demandantes;Ambos sexos;De 45 a 64 años;17,33333333;
Valsequillo;2010;Demandantes;Ambos sexos;TOTAL;37,25000001;
Valsequillo;2011;Demandantes;Hombres;De 16 a 29 años;4,83333334;
Valsequillo;2011;Demandantes;Hombres;De 30 a 44 años;1,91666667;
Valsequillo;2011;Demandantes;Hombres;De 45 a 64 años;5,08333332;
Valsequillo;2011;Demandantes;Hombres;TOTAL;11,83333333;
Valsequillo;2011;Demandantes;Mujeres;De 16 a 29 años;5,66666666;
Valsequillo;2011;Demandantes;Mujeres;De 30 a 44 años;10,83333335;
Valsequillo;2011;Demandantes;Mujeres;De 45 a 64 años;9,83333334;
Valsequillo;2011;Demandantes;Mujeres;TOTAL;26,33333335;
Valsequillo;2011;Demandantes;Ambos sexos;De 16 a 29 años;10,5;
Valsequillo;2011;Demandantes;Ambos sexos;De 30 a 44 años;12,75000002;
Valsequillo;2011;Demandantes;Ambos sexos;De 45 a 64 años;14,91666666;
Valsequillo;2011;Demandantes;Ambos sexos;TOTAL;38,16666668;
Valsequillo;2012;Demandantes;Hombres;De 16 a 29 años;8,50000001;
Valsequillo;2012;Demandantes;Hombres;De 30 a 44 años;6,24999998;
Valsequillo;2012;Demandantes;Hombres;De 45 a 64 años;7,33333334;
Valsequillo;2012;Demandantes;Hombres;TOTAL;22,08333333;
Valsequillo;2012;Demandantes;Mujeres;De 16 a 29 años;10,41666667;
Valsequillo;2012;Demandantes;Mujeres;De 30 a 44 años;14,08333332;
Valsequillo;2012;Demandantes;Mujeres;De 45 a 64 años;9,41666667;
Valsequillo;2012;Demandantes;Mujeres;TOTAL;33,91666666;
Valsequillo;2012;Demandantes;Ambos sexos;De 16 a 29 años;18,91666668;
Valsequillo;2012;Demandantes;Ambos sexos;De 30 a 44 años;20,3333333;
Valsequillo;2012;Demandantes;Ambos sexos;De 45 a 64 años;16,75000001;
Valsequillo;2012;Demandantes;Ambos sexos;TOTAL;55,99999999;
Villa del Río;2010;Demandantes;Hombres;De 16 a 29 años;97,25;
Villa del Río;2010;Demandantes;Hombres;De 30 a 44 años;128,33333332;
Villa del Río;2010;Demandantes;Hombres;De 45 a 64 años;125,91666669;
Villa del Río;2010;Demandantes;Hombres;TOTAL;351,50000001;
Villa del Río;2010;Demandantes;Mujeres;De 16 a 29 años;79,24999998;
Villa del Río;2010;Demandantes;Mujeres;De 30 a 44 años;131,83333333;
Villa del Río;2010;Demandantes;Mujeres;De 45 a 64 años;63,58333332;
Villa del Río;2010;Demandantes;Mujeres;TOTAL;274,66666663;
Villa del Río;2010;Demandantes;Ambos sexos;De 16 a 29 años;176,49999998;
Villa del Río;2010;Demandantes;Ambos sexos;De 30 a 44 años;260,16666665;
Villa del Río;2010;Demandantes;Ambos sexos;De 45 a 64 años;189,50000001;
Villa del Río;2010;Demandantes;Ambos sexos;TOTAL;626,16666664;
Villa del Río;2011;Demandantes;Hombres;De 16 a 29 años;102,16666665;
Villa del Río;2011;Demandantes;Hombres;De 30 a 44 años;149,91666667;
Villa del Río;2011;Demandantes;Hombres;De 45 a 64 años;143,75000001;
Villa del Río;2011;Demandantes;Hombres;TOTAL;395,83333333;
Villa del Río;2011;Demandantes;Mujeres;De 16 a 29 años;99,83333335;
Villa del Río;2011;Demandantes;Mujeres;De 30 a 44 años;140,50000001;
Villa del Río;2011;Demandantes;Mujeres;De 45 a 64 años;74,25;
Villa del Río;2011;Demandantes;Mujeres;TOTAL;314,58333336;
Villa del Río;2011;Demandantes;Ambos sexos;De 16 a 29 años;202;
Villa del Río;2011;Demandantes;Ambos sexos;De 30 a 44 años;290,41666668;
Villa del Río;2011;Demandantes;Ambos sexos;De 45 a 64 años;218,00000001;
Villa del Río;2011;Demandantes;Ambos sexos;TOTAL;710,41666669;
Villa del Río;2012;Demandantes;Hombres;De 16 a 29 años;118,66666666;
Villa del Río;2012;Demandantes;Hombres;De 30 a 44 años;159,25000001;
Villa del Río;2012;Demandantes;Hombres;De 45 a 64 años;187,41666668;
Villa del Río;2012;Demandantes;Hombres;TOTAL;465,33333335;
Villa del Río;2012;Demandantes;Mujeres;De 16 a 29 años;118,75;
Villa del Río;2012;Demandantes;Mujeres;De 30 a 44 años;160,16666664;
Villa del Río;2012;Demandantes;Mujeres;De 45 a 64 años;90;
Villa del Río;2012;Demandantes;Mujeres;TOTAL;368,91666664;
Villa del Río;2012;Demandantes;Ambos sexos;De 16 a 29 años;237,41666666;
Villa del Río;2012;Demandantes;Ambos sexos;De 30 a 44 años;319,41666665;
Villa del Río;2012;Demandantes;Ambos sexos;De 45 a 64 años;277,41666668;
Villa del Río;2012;Demandantes;Ambos sexos;TOTAL;834,24999999;
Villafranca de Córdoba;2010;Demandantes;Hombres;De 16 a 29 años;46,25000001;
Villafranca de Córdoba;2010;Demandantes;Hombres;De 30 a 44 años;100,08333335;
Villafranca de Córdoba;2010;Demandantes;Hombres;De 45 a 64 años;63,66666667;
Villafranca de Córdoba;2010;Demandantes;Hombres;TOTAL;210,00000003;
Villafranca de Córdoba;2010;Demandantes;Mujeres;De 16 a 29 años;67,50000003;
Villafranca de Córdoba;2010;Demandantes;Mujeres;De 30 a 44 años;103,99999999;
Villafranca de Córdoba;2010;Demandantes;Mujeres;De 45 a 64 años;37,66666665;
Villafranca de Córdoba;2010;Demandantes;Mujeres;TOTAL;209,16666667;
Villafranca de Córdoba;2010;Demandantes;Ambos sexos;De 16 a 29 años;113,75000004;
Villafranca de Córdoba;2010;Demandantes;Ambos sexos;De 30 a 44 años;204,08333334;
Villafranca de Córdoba;2010;Demandantes;Ambos sexos;De 45 a 64 años;101,33333332;
Villafranca de Córdoba;2010;Demandantes;Ambos sexos;TOTAL;419,1666667;
Villafranca de Córdoba;2011;Demandantes;Hombres;De 16 a 29 años;52;
Villafranca de Córdoba;2011;Demandantes;Hombres;De 30 a 44 años;95,41666667;
Villafranca de Córdoba;2011;Demandantes;Hombres;De 45 a 64 años;63,33333333;
Villafranca de Córdoba;2011;Demandantes;Hombres;TOTAL;210,75;
Villafranca de Córdoba;2011;Demandantes;Mujeres;De 16 a 29 años;65,58333336;
Villafranca de Córdoba;2011;Demandantes;Mujeres;De 30 a 44 años;118,66666667;
Villafranca de Córdoba;2011;Demandantes;Mujeres;De 45 a 64 años;46,66666667;
Villafranca de Córdoba;2011;Demandantes;Mujeres;TOTAL;230,9166667;
Villafranca de Córdoba;2011;Demandantes;Ambos sexos;De 16 a 29 años;117,58333336;
Villafranca de Córdoba;2011;Demandantes;Ambos sexos;De 30 a 44 años;214,08333334;
Villafranca de Córdoba;2011;Demandantes;Ambos sexos;De 45 a 64 años;110;
Villafranca de Córdoba;2011;Demandantes;Ambos sexos;TOTAL;441,6666667;
Villafranca de Córdoba;2012;Demandantes;Hombres;De 16 a 29 años;80,16666666;
Villafranca de Córdoba;2012;Demandantes;Hombres;De 30 a 44 años;135,75;
Villafranca de Córdoba;2012;Demandantes;Hombres;De 45 a 64 años;95,66666667;
Villafranca de Córdoba;2012;Demandantes;Hombres;TOTAL;311,58333333;
Villafranca de Córdoba;2012;Demandantes;Mujeres;De 16 a 29 años;85,16666668;
Villafranca de Córdoba;2012;Demandantes;Mujeres;De 30 a 44 años;149,74999999;
Villafranca de Córdoba;2012;Demandantes;Mujeres;De 45 a 64 años;56,83333332;
Villafranca de Córdoba;2012;Demandantes;Mujeres;TOTAL;291,74999999;
Villafranca de Córdoba;2012;Demandantes;Ambos sexos;De 16 a 29 años;165,33333334;
Villafranca de Córdoba;2012;Demandantes;Ambos sexos;De 30 a 44 años;285,49999999;
Villafranca de Córdoba;2012;Demandantes;Ambos sexos;De 45 a 64 años;152,49999999;
Villafranca de Córdoba;2012;Demandantes;Ambos sexos;TOTAL;603,33333332;
Villaharta;2010;Demandantes;Hombres;De 16 a 29 años;10,08333331;
Villaharta;2010;Demandantes;Hombres;De 30 a 44 años;6,83333333;
Villaharta;2010;Demandantes;Hombres;De 45 a 64 años;8,25000001;
Villaharta;2010;Demandantes;Hombres;TOTAL;25,16666665;
Villaharta;2010;Demandantes;Mujeres;De 16 a 29 años;8,16666666;
Villaharta;2010;Demandantes;Mujeres;De 30 a 44 años;16,58333333;
Villaharta;2010;Demandantes;Mujeres;De 45 a 64 años;13,33333332;
Villaharta;2010;Demandantes;Mujeres;TOTAL;38,08333331;
Villaharta;2010;Demandantes;Ambos sexos;De 16 a 29 años;18,24999997;
Villaharta;2010;Demandantes;Ambos sexos;De 30 a 44 años;23,41666666;
Villaharta;2010;Demandantes;Ambos sexos;De 45 a 64 años;21,58333333;
Villaharta;2010;Demandantes;Ambos sexos;TOTAL;63,24999996;
Villaharta;2011;Demandantes;Hombres;De 16 a 29 años;13,08333334;
Villaharta;2011;Demandantes;Hombres;De 30 a 44 años;11,75;
Villaharta;2011;Demandantes;Hombres;De 45 a 64 años;14,08333332;
Villaharta;2011;Demandantes;Hombres;TOTAL;38,91666666;
Villaharta;2011;Demandantes;Mujeres;De 16 a 29 años;10,41666667;
Villaharta;2011;Demandantes;Mujeres;De 30 a 44 años;16,41666666;
Villaharta;2011;Demandantes;Mujeres;De 45 a 64 años;12,33333333;
Villaharta;2011;Demandantes;Mujeres;TOTAL;39,16666666;
Villaharta;2011;Demandantes;Ambos sexos;De 16 a 29 años;23,50000001;
Villaharta;2011;Demandantes;Ambos sexos;De 30 a 44 años;28,16666666;
Villaharta;2011;Demandantes;Ambos sexos;De 45 a 64 años;26,41666665;
Villaharta;2011;Demandantes;Ambos sexos;TOTAL;78,08333332;
Villaharta;2012;Demandantes;Hombres;De 16 a 29 años;14,08333333;
Villaharta;2012;Demandantes;Hombres;De 30 a 44 años;12,91666667;
Villaharta;2012;Demandantes;Hombres;De 45 a 64 años;19,33333332;
Villaharta;2012;Demandantes;Hombres;TOTAL;46,33333332;
Villaharta;2012;Demandantes;Mujeres;De 16 a 29 años;12,08333333;
Villaharta;2012;Demandantes;Mujeres;De 30 a 44 años;17,00000001;
Villaharta;2012;Demandantes;Mujeres;De 45 a 64 años;15,16666666;
Villaharta;2012;Demandantes;Mujeres;TOTAL;44,25;
Villaharta;2012;Demandantes;Ambos sexos;De 16 a 29 años;26,16666666;
Villaharta;2012;Demandantes;Ambos sexos;De 30 a 44 años;29,91666668;
Villaharta;2012;Demandantes;Ambos sexos;De 45 a 64 años;34,49999998;
Villaharta;2012;Demandantes;Ambos sexos;TOTAL;90,58333332;
Villanueva de Córdoba;2010;Demandantes;Hombres;De 16 a 29 años;109,5833333;
Villanueva de Córdoba;2010;Demandantes;Hombres;De 30 a 44 años;125,41666666;
Villanueva de Córdoba;2010;Demandantes;Hombres;De 45 a 64 años;115,58333334;
Villanueva de Córdoba;2010;Demandantes;Hombres;TOTAL;350,5833333;
Villanueva de Córdoba;2010;Demandantes;Mujeres;De 16 a 29 años;98,91666667;
Villanueva de Córdoba;2010;Demandantes;Mujeres;De 30 a 44 años;114,50000001;
Villanueva de Córdoba;2010;Demandantes;Mujeres;De 45 a 64 años;81,83333332;
Villanueva de Córdoba;2010;Demandantes;Mujeres;TOTAL;295,25;
Villanueva de Córdoba;2010;Demandantes;Ambos sexos;De 16 a 29 años;208,49999997;
Villanueva de Córdoba;2010;Demandantes;Ambos sexos;De 30 a 44 años;239,91666667;
Villanueva de Córdoba;2010;Demandantes;Ambos sexos;De 45 a 64 años;197,41666666;
Villanueva de Córdoba;2010;Demandantes;Ambos sexos;TOTAL;645,8333333;
Villanueva de Córdoba;2011;Demandantes;Hombres;De 16 a 29 años;116,74999999;
Villanueva de Córdoba;2011;Demandantes;Hombres;De 30 a 44 años;124,41666666;
Villanueva de Córdoba;2011;Demandantes;Hombres;De 45 a 64 años;122,24999999;
Villanueva de Córdoba;2011;Demandantes;Hombres;TOTAL;363,41666664;
Villanueva de Córdoba;2011;Demandantes;Mujeres;De 16 a 29 años;115,41666666;
Villanueva de Córdoba;2011;Demandantes;Mujeres;De 30 a 44 años;119,91666667;
Villanueva de Córdoba;2011;Demandantes;Mujeres;De 45 a 64 años;95,33333333;
Villanueva de Córdoba;2011;Demandantes;Mujeres;TOTAL;330,66666666;
Villanueva de Córdoba;2011;Demandantes;Ambos sexos;De 16 a 29 años;232,16666665;
Villanueva de Córdoba;2011;Demandantes;Ambos sexos;De 30 a 44 años;244,33333333;
Villanueva de Córdoba;2011;Demandantes;Ambos sexos;De 45 a 64 años;217,58333332;
Villanueva de Córdoba;2011;Demandantes;Ambos sexos;TOTAL;694,0833333;
Villanueva de Córdoba;2012;Demandantes;Hombres;De 16 a 29 años;143,66666667;
Villanueva de Córdoba;2012;Demandantes;Hombres;De 30 a 44 años;141,83333335;
Villanueva de Córdoba;2012;Demandantes;Hombres;De 45 a 64 años;152,50000001;
Villanueva de Córdoba;2012;Demandantes;Hombres;TOTAL;438,00000003;
Villanueva de Córdoba;2012;Demandantes;Mujeres;De 16 a 29 años;138,41666666;
Villanueva de Córdoba;2012;Demandantes;Mujeres;De 30 a 44 años;144,91666668;
Villanueva de Córdoba;2012;Demandantes;Mujeres;De 45 a 64 años;114,25;
Villanueva de Córdoba;2012;Demandantes;Mujeres;TOTAL;397,58333334;
Villanueva de Córdoba;2012;Demandantes;Ambos sexos;De 16 a 29 años;282,08333333;
Villanueva de Córdoba;2012;Demandantes;Ambos sexos;De 30 a 44 años;286,75000003;
Villanueva de Córdoba;2012;Demandantes;Ambos sexos;De 45 a 64 años;266,75000001;
Villanueva de Córdoba;2012;Demandantes;Ambos sexos;TOTAL;835,58333337;
Villanueva del Duque;2010;Demandantes;Hombres;De 16 a 29 años;18,08333334;
Villanueva del Duque;2010;Demandantes;Hombres;De 30 a 44 años;17,49999998;
Villanueva del Duque;2010;Demandantes;Hombres;De 45 a 64 años;13,08333332;
Villanueva del Duque;2010;Demandantes;Hombres;TOTAL;48,66666664;
Villanueva del Duque;2010;Demandantes;Mujeres;De 16 a 29 años;19,91666667;
Villanueva del Duque;2010;Demandantes;Mujeres;De 30 a 44 años;26,33333332;
Villanueva del Duque;2010;Demandantes;Mujeres;De 45 a 64 años;38,33333333;
Villanueva del Duque;2010;Demandantes;Mujeres;TOTAL;84,58333332;
Villanueva del Duque;2010;Demandantes;Ambos sexos;De 16 a 29 años;38,00000001;
Villanueva del Duque;2010;Demandantes;Ambos sexos;De 30 a 44 años;43,8333333;
Villanueva del Duque;2010;Demandantes;Ambos sexos;De 45 a 64 años;51,41666665;
Villanueva del Duque;2010;Demandantes;Ambos sexos;TOTAL;133,24999996;
Villanueva del Duque;2011;Demandantes;Hombres;De 16 a 29 años;17,58333334;
Villanueva del Duque;2011;Demandantes;Hombres;De 30 a 44 años;16,66666667;
Villanueva del Duque;2011;Demandantes;Hombres;De 45 a 64 años;15,33333334;
Villanueva del Duque;2011;Demandantes;Hombres;TOTAL;49,58333335;
Villanueva del Duque;2011;Demandantes;Mujeres;De 16 a 29 años;20,16666667;
Villanueva del Duque;2011;Demandantes;Mujeres;De 30 a 44 años;23,08333331;
Villanueva del Duque;2011;Demandantes;Mujeres;De 45 a 64 años;36,74999999;
Villanueva del Duque;2011;Demandantes;Mujeres;TOTAL;79,99999997;
Villanueva del Duque;2011;Demandantes;Ambos sexos;De 16 a 29 años;37,75000001;
Villanueva del Duque;2011;Demandantes;Ambos sexos;De 30 a 44 años;39,74999998;
Villanueva del Duque;2011;Demandantes;Ambos sexos;De 45 a 64 años;52,08333333;
Villanueva del Duque;2011;Demandantes;Ambos sexos;TOTAL;129,58333332;
Villanueva del Duque;2012;Demandantes;Hombres;De 16 a 29 años;24,00000001;
Villanueva del Duque;2012;Demandantes;Hombres;De 30 a 44 años;23,74999999;
Villanueva del Duque;2012;Demandantes;Hombres;De 45 a 64 años;27,33333334;
Villanueva del Duque;2012;Demandantes;Hombres;TOTAL;75,08333334;
Villanueva del Duque;2012;Demandantes;Mujeres;De 16 a 29 años;28,33333332;
Villanueva del Duque;2012;Demandantes;Mujeres;De 30 a 44 años;25,25;
Villanueva del Duque;2012;Demandantes;Mujeres;De 45 a 64 años;43,91666666;
Villanueva del Duque;2012;Demandantes;Mujeres;TOTAL;97,49999998;
Villanueva del Duque;2012;Demandantes;Ambos sexos;De 16 a 29 años;52,33333333;
Villanueva del Duque;2012;Demandantes;Ambos sexos;De 30 a 44 años;48,99999999;
Villanueva del Duque;2012;Demandantes;Ambos sexos;De 45 a 64 años;71,25;
Villanueva del Duque;2012;Demandantes;Ambos sexos;TOTAL;172,58333332;
Villanueva del Rey;2010;Demandantes;Hombres;De 16 a 29 años;10,66666667;
Villanueva del Rey;2010;Demandantes;Hombres;De 30 a 44 años;17,16666668;
Villanueva del Rey;2010;Demandantes;Hombres;De 45 a 64 años;17,33333333;
Villanueva del Rey;2010;Demandantes;Hombres;TOTAL;45,16666668;
Villanueva del Rey;2010;Demandantes;Mujeres;De 16 a 29 años;17,5;
Villanueva del Rey;2010;Demandantes;Mujeres;De 30 a 44 años;31,24999998;
Villanueva del Rey;2010;Demandantes;Mujeres;De 45 a 64 años;37,33333335;
Villanueva del Rey;2010;Demandantes;Mujeres;TOTAL;86,08333333;
Villanueva del Rey;2010;Demandantes;Ambos sexos;De 16 a 29 años;28,16666667;
Villanueva del Rey;2010;Demandantes;Ambos sexos;De 30 a 44 años;48,41666666;
Villanueva del Rey;2010;Demandantes;Ambos sexos;De 45 a 64 años;54,66666668;
Villanueva del Rey;2010;Demandantes;Ambos sexos;TOTAL;131,25000001;
Villanueva del Rey;2011;Demandantes;Hombres;De 16 a 29 años;19,16666666;
Villanueva del Rey;2011;Demandantes;Hombres;De 30 a 44 años;21,41666666;
Villanueva del Rey;2011;Demandantes;Hombres;De 45 a 64 años;23,49999999;
Villanueva del Rey;2011;Demandantes;Hombres;TOTAL;64,08333331;
Villanueva del Rey;2011;Demandantes;Mujeres;De 16 a 29 años;15,25;
Villanueva del Rey;2011;Demandantes;Mujeres;De 30 a 44 años;37,41666666;
Villanueva del Rey;2011;Demandantes;Mujeres;De 45 a 64 años;35,24999999;
Villanueva del Rey;2011;Demandantes;Mujeres;TOTAL;87,91666665;
Villanueva del Rey;2011;Demandantes;Ambos sexos;De 16 a 29 años;34,41666666;
Villanueva del Rey;2011;Demandantes;Ambos sexos;De 30 a 44 años;58,83333332;
Villanueva del Rey;2011;Demandantes;Ambos sexos;De 45 a 64 años;58,74999998;
Villanueva del Rey;2011;Demandantes;Ambos sexos;TOTAL;151,99999996;
Villanueva del Rey;2012;Demandantes;Hombres;De 16 a 29 años;19,75;
Villanueva del Rey;2012;Demandantes;Hombres;De 30 a 44 años;23,58333334;
Villanueva del Rey;2012;Demandantes;Hombres;De 45 a 64 años;31,33333333;
Villanueva del Rey;2012;Demandantes;Hombres;TOTAL;74,66666667;
Villanueva del Rey;2012;Demandantes;Mujeres;De 16 a 29 años;21,91666666;
Villanueva del Rey;2012;Demandantes;Mujeres;De 30 a 44 años;34,41666665;
Villanueva del Rey;2012;Demandantes;Mujeres;De 45 a 64 años;35,99999999;
Villanueva del Rey;2012;Demandantes;Mujeres;TOTAL;92,3333333;
Villanueva del Rey;2012;Demandantes;Ambos sexos;De 16 a 29 años;41,66666666;
Villanueva del Rey;2012;Demandantes;Ambos sexos;De 30 a 44 años;57,99999999;
Villanueva del Rey;2012;Demandantes;Ambos sexos;De 45 a 64 años;67,33333332;
Villanueva del Rey;2012;Demandantes;Ambos sexos;TOTAL;166,99999997;
Villaralto;2010;Demandantes;Hombres;De 16 a 29 años;13,50000001;
Villaralto;2010;Demandantes;Hombres;De 30 a 44 años;10,66666667;
Villaralto;2010;Demandantes;Hombres;De 45 a 64 años;10;
Villaralto;2010;Demandantes;Hombres;TOTAL;34,16666668;
Villaralto;2010;Demandantes;Mujeres;De 16 a 29 años;15,16666667;
Villaralto;2010;Demandantes;Mujeres;De 30 a 44 años;10,83333333;
Villaralto;2010;Demandantes;Mujeres;De 45 a 64 años;7,91666667;
Villaralto;2010;Demandantes;Mujeres;TOTAL;33,91666667;
Villaralto;2010;Demandantes;Ambos sexos;De 16 a 29 años;28,66666668;
Villaralto;2010;Demandantes;Ambos sexos;De 30 a 44 años;21,5;
Villaralto;2010;Demandantes;Ambos sexos;De 45 a 64 años;17,91666667;
Villaralto;2010;Demandantes;Ambos sexos;TOTAL;68,08333335;
Villaralto;2011;Demandantes;Hombres;De 16 a 29 años;14,41666666;
Villaralto;2011;Demandantes;Hombres;De 30 a 44 años;9,83333334;
Villaralto;2011;Demandantes;Hombres;De 45 a 64 años;11,83333333;
Villaralto;2011;Demandantes;Hombres;TOTAL;36,08333333;
Villaralto;2011;Demandantes;Mujeres;De 16 a 29 años;14,5;
Villaralto;2011;Demandantes;Mujeres;De 30 a 44 años;11,08333334;
Villaralto;2011;Demandantes;Mujeres;De 45 a 64 años;6,41666668;
Villaralto;2011;Demandantes;Mujeres;TOTAL;32,00000002;
Villaralto;2011;Demandantes;Ambos sexos;De 16 a 29 años;28,91666666;
Villaralto;2011;Demandantes;Ambos sexos;De 30 a 44 años;20,91666668;
Villaralto;2011;Demandantes;Ambos sexos;De 45 a 64 años;18,25000001;
Villaralto;2011;Demandantes;Ambos sexos;TOTAL;68,08333335;
Villaralto;2012;Demandantes;Hombres;De 16 a 29 años;13,5;
Villaralto;2012;Demandantes;Hombres;De 30 a 44 años;16,08333334;
Villaralto;2012;Demandantes;Hombres;De 45 a 64 años;13,83333333;
Villaralto;2012;Demandantes;Hombres;TOTAL;43,41666667;
Villaralto;2012;Demandantes;Mujeres;De 16 a 29 años;12,50000001;
Villaralto;2012;Demandantes;Mujeres;De 30 a 44 años;15,58333331;
Villaralto;2012;Demandantes;Mujeres;De 45 a 64 años;9,58333333;
Villaralto;2012;Demandantes;Mujeres;TOTAL;37,66666665;
Villaralto;2012;Demandantes;Ambos sexos;De 16 a 29 años;26,00000001;
Villaralto;2012;Demandantes;Ambos sexos;De 30 a 44 años;31,66666665;
Villaralto;2012;Demandantes;Ambos sexos;De 45 a 64 años;23,41666666;
Villaralto;2012;Demandantes;Ambos sexos;TOTAL;81,08333332;
Villaviciosa de Córdoba;2010;Demandantes;Hombres;De 16 a 29 años;39,33333334;
Villaviciosa de Córdoba;2010;Demandantes;Hombres;De 30 a 44 años;54,33333333;
Villaviciosa de Córdoba;2010;Demandantes;Hombres;De 45 a 64 años;50,41666666;
Villaviciosa de Córdoba;2010;Demandantes;Hombres;TOTAL;144,08333333;
Villaviciosa de Córdoba;2010;Demandantes;Mujeres;De 16 a 29 años;38,41666666;
Villaviciosa de Córdoba;2010;Demandantes;Mujeres;De 30 a 44 años;46,99999999;
Villaviciosa de Córdoba;2010;Demandantes;Mujeres;De 45 a 64 años;72,08333333;
Villaviciosa de Córdoba;2010;Demandantes;Mujeres;TOTAL;157,49999998;
Villaviciosa de Córdoba;2010;Demandantes;Ambos sexos;De 16 a 29 años;77,75;
Villaviciosa de Córdoba;2010;Demandantes;Ambos sexos;De 30 a 44 años;101,33333332;
Villaviciosa de Córdoba;2010;Demandantes;Ambos sexos;De 45 a 64 años;122,49999999;
Villaviciosa de Córdoba;2010;Demandantes;Ambos sexos;TOTAL;301,58333331;
Villaviciosa de Córdoba;2011;Demandantes;Hombres;De 16 a 29 años;39,16666666;
Villaviciosa de Córdoba;2011;Demandantes;Hombres;De 30 a 44 años;52;
Villaviciosa de Córdoba;2011;Demandantes;Hombres;De 45 a 64 años;69,49999999;
Villaviciosa de Córdoba;2011;Demandantes;Hombres;TOTAL;160,66666665;
Villaviciosa de Córdoba;2011;Demandantes;Mujeres;De 16 a 29 años;48,33333333;
Villaviciosa de Córdoba;2011;Demandantes;Mujeres;De 30 a 44 años;65,58333334;
Villaviciosa de Córdoba;2011;Demandantes;Mujeres;De 45 a 64 años;74,83333335;
Villaviciosa de Córdoba;2011;Demandantes;Mujeres;TOTAL;188,75000002;
Villaviciosa de Córdoba;2011;Demandantes;Ambos sexos;De 16 a 29 años;87,49999999;
Villaviciosa de Córdoba;2011;Demandantes;Ambos sexos;De 30 a 44 años;117,58333334;
Villaviciosa de Córdoba;2011;Demandantes;Ambos sexos;De 45 a 64 años;144,33333334;
Villaviciosa de Córdoba;2011;Demandantes;Ambos sexos;TOTAL;349,41666667;
Villaviciosa de Córdoba;2012;Demandantes;Hombres;De 16 a 29 años;48,25000003;
Villaviciosa de Córdoba;2012;Demandantes;Hombres;De 30 a 44 años;56,75;
Villaviciosa de Córdoba;2012;Demandantes;Hombres;De 45 a 64 años;83,33333334;
Villaviciosa de Córdoba;2012;Demandantes;Hombres;TOTAL;188,33333337;
Villaviciosa de Córdoba;2012;Demandantes;Mujeres;De 16 a 29 años;58,83333333;
Villaviciosa de Córdoba;2012;Demandantes;Mujeres;De 30 a 44 años;74,41666667;
Villaviciosa de Córdoba;2012;Demandantes;Mujeres;De 45 a 64 años;80,91666666;
Villaviciosa de Córdoba;2012;Demandantes;Mujeres;TOTAL;214,16666666;
Villaviciosa de Córdoba;2012;Demandantes;Ambos sexos;De 16 a 29 años;107,08333336;
Villaviciosa de Córdoba;2012;Demandantes;Ambos sexos;De 30 a 44 años;131,16666667;
Villaviciosa de Córdoba;2012;Demandantes;Ambos sexos;De 45 a 64 años;164,25;
Villaviciosa de Córdoba;2012;Demandantes;Ambos sexos;TOTAL;402,50000003;
Zuheros;2010;Demandantes;Hombres;De 16 a 29 años;2,91666666;
Zuheros;2010;Demandantes;Hombres;De 30 a 44 años;6,33333332;
Zuheros;2010;Demandantes;Hombres;De 45 a 64 años;2,49999999;
Zuheros;2010;Demandantes;Hombres;TOTAL;11,74999997;
Zuheros;2010;Demandantes;Mujeres;De 16 a 29 años;2,41666667;
Zuheros;2010;Demandantes;Mujeres;De 30 a 44 años;7,00000001;
Zuheros;2010;Demandantes;Mujeres;De 45 a 64 años;1,83333333;
Zuheros;2010;Demandantes;Mujeres;TOTAL;11,25000001;
Zuheros;2010;Demandantes;Ambos sexos;De 16 a 29 años;5,33333333;
Zuheros;2010;Demandantes;Ambos sexos;De 30 a 44 años;13,33333333;
Zuheros;2010;Demandantes;Ambos sexos;De 45 a 64 años;4,33333332;
Zuheros;2010;Demandantes;Ambos sexos;TOTAL;22,99999998;
Zuheros;2011;Demandantes;Hombres;De 16 a 29 años;5,16666666;
Zuheros;2011;Demandantes;Hombres;De 30 a 44 años;7,25;
Zuheros;2011;Demandantes;Hombres;De 45 a 64 años;5,08333334;
Zuheros;2011;Demandantes;Hombres;TOTAL;17,5;
Zuheros;2011;Demandantes;Mujeres;De 16 a 29 años;4;
Zuheros;2011;Demandantes;Mujeres;De 30 a 44 años;4,91666667;
Zuheros;2011;Demandantes;Mujeres;De 45 a 64 años;1,66666666;
Zuheros;2011;Demandantes;Mujeres;TOTAL;10,58333333;
Zuheros;2011;Demandantes;Ambos sexos;De 16 a 29 años;9,16666666;
Zuheros;2011;Demandantes;Ambos sexos;De 30 a 44 años;12,16666667;
Zuheros;2011;Demandantes;Ambos sexos;De 45 a 64 años;6,75;
Zuheros;2011;Demandantes;Ambos sexos;TOTAL;28,08333333;
Zuheros;2012;Demandantes;Hombres;De 16 a 29 años;4,08333332;
Zuheros;2012;Demandantes;Hombres;De 30 a 44 años;7,08333333;
Zuheros;2012;Demandantes;Hombres;De 45 a 64 años;4,58333333;
Zuheros;2012;Demandantes;Hombres;TOTAL;15,74999998;
Zuheros;2012;Demandantes;Mujeres;De 16 a 29 años;7,75;
Zuheros;2012;Demandantes;Mujeres;De 30 a 44 años;6,91666668;
Zuheros;2012;Demandantes;Mujeres;De 45 a 64 años;1,83333333;
Zuheros;2012;Demandantes;Mujeres;TOTAL;16,50000001;
Zuheros;2012;Demandantes;Ambos sexos;De 16 a 29 años;11,83333332;
Zuheros;2012;Demandantes;Ambos sexos;De 30 a 44 años;14,00000001;
Zuheros;2012;Demandantes;Ambos sexos;De 45 a 64 años;6,41666666;
Zuheros;2012;Demandantes;Ambos sexos;TOTAL;32,24999999;
Granada;2010;Demandantes;Hombres;De 16 a 29 años;12968,08333306;
Granada;2010;Demandantes;Hombres;De 30 a 44 años;19818,33333319;
Granada;2010;Demandantes;Hombres;De 45 a 64 años;14752,1666666;
Granada;2010;Demandantes;Hombres;TOTAL;47538,58333285;
Granada;2010;Demandantes;Mujeres;De 16 a 29 años;11201,6666666;
Granada;2010;Demandantes;Mujeres;De 30 a 44 años;18622,99999988;
Granada;2010;Demandantes;Mujeres;De 45 a 64 años;11372,08333324;
Granada;2010;Demandantes;Mujeres;TOTAL;41196,74999972;
Granada;2010;Demandantes;Ambos sexos;De 16 a 29 años;24169,74999966;
Granada;2010;Demandantes;Ambos sexos;De 30 a 44 años;38441,33333307;
Granada;2010;Demandantes;Ambos sexos;De 45 a 64 años;26124,24999984;
Granada;2010;Demandantes;Ambos sexos;TOTAL;88735,33333257;
Granada;2011;Demandantes;Hombres;De 16 a 29 años;12990,24999978;
Granada;2011;Demandantes;Hombres;De 30 a 44 años;20179,74999979;
Granada;2011;Demandantes;Hombres;De 45 a 64 años;16572,50000018;
Granada;2011;Demandantes;Hombres;TOTAL;49742,49999975;
Granada;2011;Demandantes;Mujeres;De 16 a 29 años;12161,49999975;
Granada;2011;Demandantes;Mujeres;De 30 a 44 años;19440,16666624;
Granada;2011;Demandantes;Mujeres;De 45 a 64 años;12847,41666676;
Granada;2011;Demandantes;Mujeres;TOTAL;44449,08333275;
Granada;2011;Demandantes;Ambos sexos;De 16 a 29 años;25151,74999953;
Granada;2011;Demandantes;Ambos sexos;De 30 a 44 años;39619,91666603;
Granada;2011;Demandantes;Ambos sexos;De 45 a 64 años;29419,91666694;
Granada;2011;Demandantes;Ambos sexos;TOTAL;94191,5833325;
Granada;2012;Demandantes;Hombres;De 16 a 29 años;13600,08333331;
Granada;2012;Demandantes;Hombres;De 30 a 44 años;22185,0833331;
Granada;2012;Demandantes;Hombres;De 45 a 64 años;19764,33333319;
Granada;2012;Demandantes;Hombres;TOTAL;55549,4999996;
Granada;2012;Demandantes;Mujeres;De 16 a 29 años;13513,58333303;
Granada;2012;Demandantes;Mujeres;De 30 a 44 años;21645,91666655;
Granada;2012;Demandantes;Mujeres;De 45 a 64 años;15270,50000009;
Granada;2012;Demandantes;Mujeres;TOTAL;50429,99999967;
Granada;2012;Demandantes;Ambos sexos;De 16 a 29 años;27113,66666634;
Granada;2012;Demandantes;Ambos sexos;De 30 a 44 años;43830,99999965;
Granada;2012;Demandantes;Ambos sexos;De 45 a 64 años;35034,83333328;
Granada;2012;Demandantes;Ambos sexos;TOTAL;105979,49999927;
Agrón;2010;Demandantes;Hombres;De 16 a 29 años;4,33333334;
Agrón;2010;Demandantes;Hombres;De 30 a 44 años;1,58333333;
Agrón;2010;Demandantes;Hombres;De 45 a 64 años;3,25000001;
Agrón;2010;Demandantes;Hombres;TOTAL;9,16666668;
Agrón;2010;Demandantes;Mujeres;De 16 a 29 años;3,33333333;
Agrón;2010;Demandantes;Mujeres;De 30 a 44 años;3,50000001;
Agrón;2010;Demandantes;Mujeres;De 45 a 64 años;2;
Agrón;2010;Demandantes;Mujeres;TOTAL;8,83333334;
Agrón;2010;Demandantes;Ambos sexos;De 16 a 29 años;7,66666667;
Agrón;2010;Demandantes;Ambos sexos;De 30 a 44 años;5,08333334;
Agrón;2010;Demandantes;Ambos sexos;De 45 a 64 años;5,25000001;
Agrón;2010;Demandantes;Ambos sexos;TOTAL;18,00000002;
Agrón;2011;Demandantes;Hombres;De 16 a 29 años;5;
Agrón;2011;Demandantes;Hombres;De 30 a 44 años;2;
Agrón;2011;Demandantes;Hombres;De 45 a 64 años;3;
Agrón;2011;Demandantes;Hombres;TOTAL;10;
Agrón;2011;Demandantes;Mujeres;De 16 a 29 años;6,83333334;
Agrón;2011;Demandantes;Mujeres;De 30 a 44 años;4,33333333;
Agrón;2011;Demandantes;Mujeres;De 45 a 64 años;3,58333333;
Agrón;2011;Demandantes;Mujeres;TOTAL;14,75;
Agrón;2011;Demandantes;Ambos sexos;De 16 a 29 años;11,83333334;
Agrón;2011;Demandantes;Ambos sexos;De 30 a 44 años;6,33333333;
Agrón;2011;Demandantes;Ambos sexos;De 45 a 64 años;6,58333333;
Agrón;2011;Demandantes;Ambos sexos;TOTAL;24,75;
Agrón;2012;Demandantes;Hombres;De 16 a 29 años;5,08333334;
Agrón;2012;Demandantes;Hombres;De 30 a 44 años;5,24999999;
Agrón;2012;Demandantes;Hombres;De 45 a 64 años;2,5;
Agrón;2012;Demandantes;Hombres;TOTAL;12,83333333;
Agrón;2012;Demandantes;Mujeres;De 16 a 29 años;7,08333333;
Agrón;2012;Demandantes;Mujeres;De 30 a 44 años;4,58333333;
Agrón;2012;Demandantes;Mujeres;De 45 a 64 años;4,83333334;
Agrón;2012;Demandantes;Mujeres;TOTAL;16,5;
Agrón;2012;Demandantes;Ambos sexos;De 16 a 29 años;12,16666667;
Agrón;2012;Demandantes;Ambos sexos;De 30 a 44 años;9,83333332;
Agrón;2012;Demandantes;Ambos sexos;De 45 a 64 años;7,33333334;
Agrón;2012;Demandantes;Ambos sexos;TOTAL;29,33333333;
Alamedilla;2010;Demandantes;Hombres;De 16 a 29 años;4,08333333;
Alamedilla;2010;Demandantes;Hombres;De 30 a 44 años;8,41666666;
Alamedilla;2010;Demandantes;Hombres;De 45 a 64 años;5,5;
Alamedilla;2010;Demandantes;Hombres;TOTAL;17,99999999;
Alamedilla;2010;Demandantes;Mujeres;De 16 a 29 años;2,58333332;
Alamedilla;2010;Demandantes;Mujeres;De 30 a 44 años;3,41666667;
Alamedilla;2010;Demandantes;Mujeres;De 45 a 64 años;1,91666667;
Alamedilla;2010;Demandantes;Mujeres;TOTAL;7,91666666;
Alamedilla;2010;Demandantes;Ambos sexos;De 16 a 29 años;6,66666665;
Alamedilla;2010;Demandantes;Ambos sexos;De 30 a 44 años;11,83333333;
Alamedilla;2010;Demandantes;Ambos sexos;De 45 a 64 años;7,41666667;
Alamedilla;2010;Demandantes;Ambos sexos;TOTAL;25,91666665;
Alamedilla;2011;Demandantes;Hombres;De 16 a 29 años;3,83333333;
Alamedilla;2011;Demandantes;Hombres;De 30 a 44 años;6,33333333;
Alamedilla;2011;Demandantes;Hombres;De 45 a 64 años;6,75;
Alamedilla;2011;Demandantes;Hombres;TOTAL;16,91666666;
Alamedilla;2011;Demandantes;Mujeres;De 16 a 29 años;1,66666666;
Alamedilla;2011;Demandantes;Mujeres;De 30 a 44 años;3,16666666;
Alamedilla;2011;Demandantes;Mujeres;De 45 a 64 años;2,41666667;
Alamedilla;2011;Demandantes;Mujeres;TOTAL;7,24999999;
Alamedilla;2011;Demandantes;Ambos sexos;De 16 a 29 años;5,49999999;
Alamedilla;2011;Demandantes;Ambos sexos;De 30 a 44 años;9,49999999;
Alamedilla;2011;Demandantes;Ambos sexos;De 45 a 64 años;9,16666667;
Alamedilla;2011;Demandantes;Ambos sexos;TOTAL;24,16666665;
Alamedilla;2012;Demandantes;Hombres;De 16 a 29 años;3,5;
Alamedilla;2012;Demandantes;Hombres;De 30 a 44 años;7,33333334;
Alamedilla;2012;Demandantes;Hombres;De 45 a 64 años;8,00000001;
Alamedilla;2012;Demandantes;Hombres;TOTAL;18,83333335;
Alamedilla;2012;Demandantes;Mujeres;De 16 a 29 años;1,16666667;
Alamedilla;2012;Demandantes;Mujeres;De 30 a 44 años;1;
Alamedilla;2012;Demandantes;Mujeres;De 45 a 64 años;2,08333333;
Alamedilla;2012;Demandantes;Mujeres;TOTAL;4,25;
Alamedilla;2012;Demandantes;Ambos sexos;De 16 a 29 años;4,66666667;
Alamedilla;2012;Demandantes;Ambos sexos;De 30 a 44 años;8,33333334;
Alamedilla;2012;Demandantes;Ambos sexos;De 45 a 64 años;10,08333334;
Alamedilla;2012;Demandantes;Ambos sexos;TOTAL;23,08333335;
Albolote;2010;Demandantes;Hombres;De 16 a 29 años;257,49999999;
Albolote;2010;Demandantes;Hombres;De 30 a 44 años;359,99999998;
Albolote;2010;Demandantes;Hombres;De 45 a 64 años;303,08333334;
Albolote;2010;Demandantes;Hombres;TOTAL;920,58333331;
Albolote;2010;Demandantes;Mujeres;De 16 a 29 años;200,75000002;
Albolote;2010;Demandantes;Mujeres;De 30 a 44 años;387,24999997;
Albolote;2010;Demandantes;Mujeres;De 45 a 64 años;223;
Albolote;2010;Demandantes;Mujeres;TOTAL;810,99999999;
Albolote;2010;Demandantes;Ambos sexos;De 16 a 29 años;458,25000001;
Albolote;2010;Demandantes;Ambos sexos;De 30 a 44 años;747,24999995;
Albolote;2010;Demandantes;Ambos sexos;De 45 a 64 años;526,08333334;
Albolote;2010;Demandantes;Ambos sexos;TOTAL;1731,5833333;
Albolote;2011;Demandantes;Hombres;De 16 a 29 años;256,33333334;
Albolote;2011;Demandantes;Hombres;De 30 a 44 años;358,91666668;
Albolote;2011;Demandantes;Hombres;De 45 a 64 años;335,91666666;
Albolote;2011;Demandantes;Hombres;TOTAL;951,16666668;
Albolote;2011;Demandantes;Mujeres;De 16 a 29 años;218,24999999;
Albolote;2011;Demandantes;Mujeres;De 30 a 44 años;426,33333332;
Albolote;2011;Demandantes;Mujeres;De 45 a 64 años;263;
Albolote;2011;Demandantes;Mujeres;TOTAL;907,58333331;
Albolote;2011;Demandantes;Ambos sexos;De 16 a 29 años;474,58333333;
Albolote;2011;Demandantes;Ambos sexos;De 30 a 44 años;785,25;
Albolote;2011;Demandantes;Ambos sexos;De 45 a 64 años;598,91666666;
Albolote;2011;Demandantes;Ambos sexos;TOTAL;1858,74999999;
Albolote;2012;Demandantes;Hombres;De 16 a 29 años;285,08333331;
Albolote;2012;Demandantes;Hombres;De 30 a 44 años;391,5;
Albolote;2012;Demandantes;Hombres;De 45 a 64 años;392,83333331;
Albolote;2012;Demandantes;Hombres;TOTAL;1069,41666662;
Albolote;2012;Demandantes;Mujeres;De 16 a 29 años;276,33333334;
Albolote;2012;Demandantes;Mujeres;De 30 a 44 años;457,83333335;
Albolote;2012;Demandantes;Mujeres;De 45 a 64 años;336,08333335;
Albolote;2012;Demandantes;Mujeres;TOTAL;1070,25000004;
Albolote;2012;Demandantes;Ambos sexos;De 16 a 29 años;561,41666665;
Albolote;2012;Demandantes;Ambos sexos;De 30 a 44 años;849,33333335;
Albolote;2012;Demandantes;Ambos sexos;De 45 a 64 años;728,91666666;
Albolote;2012;Demandantes;Ambos sexos;TOTAL;2139,66666666;
Albondón;2010;Demandantes;Hombres;De 16 a 29 años;11,99999999;
Albondón;2010;Demandantes;Hombres;De 30 a 44 años;15,91666666;
Albondón;2010;Demandantes;Hombres;De 45 a 64 años;13,66666667;
Albondón;2010;Demandantes;Hombres;TOTAL;41,58333332;
Albondón;2010;Demandantes;Mujeres;De 16 a 29 años;7,5;
Albondón;2010;Demandantes;Mujeres;De 30 a 44 años;9,74999999;
Albondón;2010;Demandantes;Mujeres;De 45 a 64 años;2,58333333;
Albondón;2010;Demandantes;Mujeres;TOTAL;19,83333332;
Albondón;2010;Demandantes;Ambos sexos;De 16 a 29 años;19,49999999;
Albondón;2010;Demandantes;Ambos sexos;De 30 a 44 años;25,66666665;
Albondón;2010;Demandantes;Ambos sexos;De 45 a 64 años;16,25;
Albondón;2010;Demandantes;Ambos sexos;TOTAL;61,41666664;
Albondón;2011;Demandantes;Hombres;De 16 a 29 años;9,66666666;
Albondón;2011;Demandantes;Hombres;De 30 a 44 años;14,5;
Albondón;2011;Demandantes;Hombres;De 45 a 64 años;13,08333333;
Albondón;2011;Demandantes;Hombres;TOTAL;37,24999999;
Albondón;2011;Demandantes;Mujeres;De 16 a 29 años;8,66666666;
Albondón;2011;Demandantes;Mujeres;De 30 a 44 años;9,75;
Albondón;2011;Demandantes;Mujeres;De 45 a 64 años;3,16666667;
Albondón;2011;Demandantes;Mujeres;TOTAL;21,58333333;
Albondón;2011;Demandantes;Ambos sexos;De 16 a 29 años;18,33333332;
Albondón;2011;Demandantes;Ambos sexos;De 30 a 44 años;24,25;
Albondón;2011;Demandantes;Ambos sexos;De 45 a 64 años;16,25;
Albondón;2011;Demandantes;Ambos sexos;TOTAL;58,83333332;
Albondón;2012;Demandantes;Hombres;De 16 a 29 años;11,16666666;
Albondón;2012;Demandantes;Hombres;De 30 a 44 años;13,58333333;
Albondón;2012;Demandantes;Hombres;De 45 a 64 años;13,66666666;
Albondón;2012;Demandantes;Hombres;TOTAL;38,41666665;
Albondón;2012;Demandantes;Mujeres;De 16 a 29 años;8,75000001;
Albondón;2012;Demandantes;Mujeres;De 30 a 44 años;10,58333332;
Albondón;2012;Demandantes;Mujeres;De 45 a 64 años;8,83333333;
Albondón;2012;Demandantes;Mujeres;TOTAL;28,16666666;
Albondón;2012;Demandantes;Ambos sexos;De 16 a 29 años;19,91666667;
Albondón;2012;Demandantes;Ambos sexos;De 30 a 44 años;24,16666665;
Albondón;2012;Demandantes;Ambos sexos;De 45 a 64 años;22,49999999;
Albondón;2012;Demandantes;Ambos sexos;TOTAL;66,58333331;
Albuñán;2010;Demandantes;Hombres;De 16 a 29 años;2,83333333;
Albuñán;2010;Demandantes;Hombres;De 30 a 44 años;5,49999999;
Albuñán;2010;Demandantes;Hombres;De 45 a 64 años;5,33333333;
Albuñán;2010;Demandantes;Hombres;TOTAL;13,66666665;
Albuñán;2010;Demandantes;Mujeres;De 16 a 29 años;3,74999999;
Albuñán;2010;Demandantes;Mujeres;De 30 a 44 años;6,08333334;
Albuñán;2010;Demandantes;Mujeres;De 45 a 64 años;3,16666666;
Albuñán;2010;Demandantes;Mujeres;TOTAL;12,99999999;
Albuñán;2010;Demandantes;Ambos sexos;De 16 a 29 años;6,58333332;
Albuñán;2010;Demandantes;Ambos sexos;De 30 a 44 años;11,58333333;
Albuñán;2010;Demandantes;Ambos sexos;De 45 a 64 años;8,49999999;
Albuñán;2010;Demandantes;Ambos sexos;TOTAL;26,66666664;
Albuñán;2011;Demandantes;Hombres;De 16 a 29 años;4,16666667;
Albuñán;2011;Demandantes;Hombres;De 30 a 44 años;6,91666666;
Albuñán;2011;Demandantes;Hombres;De 45 a 64 años;4,5;
Albuñán;2011;Demandantes;Hombres;TOTAL;15,58333333;
Albuñán;2011;Demandantes;Mujeres;De 16 a 29 años;1,41666666;
Albuñán;2011;Demandantes;Mujeres;De 30 a 44 años;3,33333333;
Albuñán;2011;Demandantes;Mujeres;De 45 a 64 años;2,5;
Albuñán;2011;Demandantes;Mujeres;TOTAL;7,24999999;
Albuñán;2011;Demandantes;Ambos sexos;De 16 a 29 años;5,58333333;
Albuñán;2011;Demandantes;Ambos sexos;De 30 a 44 años;10,24999999;
Albuñán;2011;Demandantes;Ambos sexos;De 45 a 64 años;7;
Albuñán;2011;Demandantes;Ambos sexos;TOTAL;22,83333332;
Albuñán;2012;Demandantes;Hombres;De 16 a 29 años;7,08333333;
Albuñán;2012;Demandantes;Hombres;De 30 a 44 años;8,25;
Albuñán;2012;Demandantes;Hombres;De 45 a 64 años;6,83333334;
Albuñán;2012;Demandantes;Hombres;TOTAL;22,16666667;
Albuñán;2012;Demandantes;Mujeres;De 16 a 29 años;4,74999999;
Albuñán;2012;Demandantes;Mujeres;De 30 a 44 años;6,25;
Albuñán;2012;Demandantes;Mujeres;De 45 a 64 años;2,58333334;
Albuñán;2012;Demandantes;Mujeres;TOTAL;13,58333333;
Albuñán;2012;Demandantes;Ambos sexos;De 16 a 29 años;11,83333332;
Albuñán;2012;Demandantes;Ambos sexos;De 30 a 44 años;14,5;
Albuñán;2012;Demandantes;Ambos sexos;De 45 a 64 años;9,41666668;
Albuñán;2012;Demandantes;Ambos sexos;TOTAL;35,75;
Albuñol;2010;Demandantes;Hombres;De 16 a 29 años;132,66666665;
Albuñol;2010;Demandantes;Hombres;De 30 a 44 años;171,33333335;
Albuñol;2010;Demandantes;Hombres;De 45 a 64 años;97,99999998;
Albuñol;2010;Demandantes;Hombres;TOTAL;401,99999998;
Albuñol;2010;Demandantes;Mujeres;De 16 a 29 años;81,58333333;
Albuñol;2010;Demandantes;Mujeres;De 30 a 44 años;105,58333334;
Albuñol;2010;Demandantes;Mujeres;De 45 a 64 años;46,33333335;
Albuñol;2010;Demandantes;Mujeres;TOTAL;233,50000002;
Albuñol;2010;Demandantes;Ambos sexos;De 16 a 29 años;214,24999998;
Albuñol;2010;Demandantes;Ambos sexos;De 30 a 44 años;276,91666669;
Albuñol;2010;Demandantes;Ambos sexos;De 45 a 64 años;144,33333333;
Albuñol;2010;Demandantes;Ambos sexos;TOTAL;635,5;
Albuñol;2011;Demandantes;Hombres;De 16 a 29 años;136,00000004;
Albuñol;2011;Demandantes;Hombres;De 30 a 44 años;212,33333332;
Albuñol;2011;Demandantes;Hombres;De 45 a 64 años;116,91666668;
Albuñol;2011;Demandantes;Hombres;TOTAL;465,25000004;
Albuñol;2011;Demandantes;Mujeres;De 16 a 29 años;92,66666669;
Albuñol;2011;Demandantes;Mujeres;De 30 a 44 años;116,83333332;
Albuñol;2011;Demandantes;Mujeres;De 45 a 64 años;58;
Albuñol;2011;Demandantes;Mujeres;TOTAL;267,50000001;
Albuñol;2011;Demandantes;Ambos sexos;De 16 a 29 años;228,66666673;
Albuñol;2011;Demandantes;Ambos sexos;De 30 a 44 años;329,16666664;
Albuñol;2011;Demandantes;Ambos sexos;De 45 a 64 años;174,91666668;
Albuñol;2011;Demandantes;Ambos sexos;TOTAL;732,75000005;
Albuñol;2012;Demandantes;Hombres;De 16 a 29 años;120,66666667;
Albuñol;2012;Demandantes;Hombres;De 30 a 44 años;218,41666666;
Albuñol;2012;Demandantes;Hombres;De 45 a 64 años;128,24999996;
Albuñol;2012;Demandantes;Hombres;TOTAL;467,33333329;
Albuñol;2012;Demandantes;Mujeres;De 16 a 29 años;97,41666665;
Albuñol;2012;Demandantes;Mujeres;De 30 a 44 años;118,58333331;
Albuñol;2012;Demandantes;Mujeres;De 45 a 64 años;73,33333333;
Albuñol;2012;Demandantes;Mujeres;TOTAL;289,33333329;
Albuñol;2012;Demandantes;Ambos sexos;De 16 a 29 años;218,08333332;
Albuñol;2012;Demandantes;Ambos sexos;De 30 a 44 años;336,99999997;
Albuñol;2012;Demandantes;Ambos sexos;De 45 a 64 años;201,58333329;
Albuñol;2012;Demandantes;Ambos sexos;TOTAL;756,66666658;
Albuñuelas;2010;Demandantes;Hombres;De 16 a 29 años;7,25;
Albuñuelas;2010;Demandantes;Hombres;De 30 a 44 años;12,25000001;
Albuñuelas;2010;Demandantes;Hombres;De 45 a 64 años;12,33333332;
Albuñuelas;2010;Demandantes;Hombres;TOTAL;31,83333333;
Albuñuelas;2010;Demandantes;Mujeres;De 16 a 29 años;5,25;
Albuñuelas;2010;Demandantes;Mujeres;De 30 a 44 años;7,16666667;
Albuñuelas;2010;Demandantes;Mujeres;De 45 a 64 años;2,5;
Albuñuelas;2010;Demandantes;Mujeres;TOTAL;14,91666667;
Albuñuelas;2010;Demandantes;Ambos sexos;De 16 a 29 años;12,5;
Albuñuelas;2010;Demandantes;Ambos sexos;De 30 a 44 años;19,41666668;
Albuñuelas;2010;Demandantes;Ambos sexos;De 45 a 64 años;14,83333332;
Albuñuelas;2010;Demandantes;Ambos sexos;TOTAL;46,75;
Albuñuelas;2011;Demandantes;Hombres;De 16 a 29 años;8,75000001;
Albuñuelas;2011;Demandantes;Hombres;De 30 a 44 años;9,66666665;
Albuñuelas;2011;Demandantes;Hombres;De 45 a 64 años;16,41666667;
Albuñuelas;2011;Demandantes;Hombres;TOTAL;34,83333333;
Albuñuelas;2011;Demandantes;Mujeres;De 16 a 29 años;6,74999999;
Albuñuelas;2011;Demandantes;Mujeres;De 30 a 44 años;9,58333333;
Albuñuelas;2011;Demandantes;Mujeres;De 45 a 64 años;2,66666666;
Albuñuelas;2011;Demandantes;Mujeres;TOTAL;18,99999998;
Albuñuelas;2011;Demandantes;Ambos sexos;De 16 a 29 años;15,5;
Albuñuelas;2011;Demandantes;Ambos sexos;De 30 a 44 años;19,24999998;
Albuñuelas;2011;Demandantes;Ambos sexos;De 45 a 64 años;19,08333333;
Albuñuelas;2011;Demandantes;Ambos sexos;TOTAL;53,83333331;
Albuñuelas;2012;Demandantes;Hombres;De 16 a 29 años;10,16666667;
Albuñuelas;2012;Demandantes;Hombres;De 30 a 44 años;13,5;
Albuñuelas;2012;Demandantes;Hombres;De 45 a 64 años;16,83333334;
Albuñuelas;2012;Demandantes;Hombres;TOTAL;40,50000001;
Albuñuelas;2012;Demandantes;Mujeres;De 16 a 29 años;6,08333334;
Albuñuelas;2012;Demandantes;Mujeres;De 30 a 44 años;12,66666666;
Albuñuelas;2012;Demandantes;Mujeres;De 45 a 64 años;2,99999999;
Albuñuelas;2012;Demandantes;Mujeres;TOTAL;21,74999999;
Albuñuelas;2012;Demandantes;Ambos sexos;De 16 a 29 años;16,25000001;
Albuñuelas;2012;Demandantes;Ambos sexos;De 30 a 44 años;26,16666666;
Albuñuelas;2012;Demandantes;Ambos sexos;De 45 a 64 años;19,83333333;
Albuñuelas;2012;Demandantes;Ambos sexos;TOTAL;62,25;
Aldeire;2010;Demandantes;Hombres;De 16 a 29 años;5,5;
Aldeire;2010;Demandantes;Hombres;De 30 a 44 años;6,91666665;
Aldeire;2010;Demandantes;Hombres;De 45 a 64 años;6,75000001;
Aldeire;2010;Demandantes;Hombres;TOTAL;19,16666666;
Aldeire;2010;Demandantes;Mujeres;De 16 a 29 años;2,08333333;
Aldeire;2010;Demandantes;Mujeres;De 30 a 44 años;5,58333334;
Aldeire;2010;Demandantes;Mujeres;De 45 a 64 años;3,91666666;
Aldeire;2010;Demandantes;Mujeres;TOTAL;11,58333333;
Aldeire;2010;Demandantes;Ambos sexos;De 16 a 29 años;7,58333333;
Aldeire;2010;Demandantes;Ambos sexos;De 30 a 44 años;12,49999999;
Aldeire;2010;Demandantes;Ambos sexos;De 45 a 64 años;10,66666667;
Aldeire;2010;Demandantes;Ambos sexos;TOTAL;30,74999999;
Aldeire;2011;Demandantes;Hombres;De 16 a 29 años;3,41666667;
Aldeire;2011;Demandantes;Hombres;De 30 a 44 años;8,41666666;
Aldeire;2011;Demandantes;Hombres;De 45 a 64 años;8,50000001;
Aldeire;2011;Demandantes;Hombres;TOTAL;20,33333334;
Aldeire;2011;Demandantes;Mujeres;De 16 a 29 años;4,91666667;
Aldeire;2011;Demandantes;Mujeres;De 30 a 44 años;6,58333331;
Aldeire;2011;Demandantes;Mujeres;De 45 a 64 años;6,58333334;
Aldeire;2011;Demandantes;Mujeres;TOTAL;18,08333332;
Aldeire;2011;Demandantes;Ambos sexos;De 16 a 29 años;8,33333334;
Aldeire;2011;Demandantes;Ambos sexos;De 30 a 44 años;14,99999997;
Aldeire;2011;Demandantes;Ambos sexos;De 45 a 64 años;15,08333335;
Aldeire;2011;Demandantes;Ambos sexos;TOTAL;38,41666666;
Aldeire;2012;Demandantes;Hombres;De 16 a 29 años;5,58333332;
Aldeire;2012;Demandantes;Hombres;De 30 a 44 años;7,58333332;
Aldeire;2012;Demandantes;Hombres;De 45 a 64 años;8,08333333;
Aldeire;2012;Demandantes;Hombres;TOTAL;21,24999997;
Aldeire;2012;Demandantes;Mujeres;De 16 a 29 años;6,49999998;
Aldeire;2012;Demandantes;Mujeres;De 30 a 44 años;6,58333333;
Aldeire;2012;Demandantes;Mujeres;De 45 a 64 años;11;
Aldeire;2012;Demandantes;Mujeres;TOTAL;24,08333331;
Aldeire;2012;Demandantes;Ambos sexos;De 16 a 29 años;12,0833333;
Aldeire;2012;Demandantes;Ambos sexos;De 30 a 44 años;14,16666665;
Aldeire;2012;Demandantes;Ambos sexos;De 45 a 64 años;19,08333333;
Aldeire;2012;Demandantes;Ambos sexos;TOTAL;45,33333328;
Alfacar;2010;Demandantes;Hombres;De 16 a 29 años;92,33333334;
Alfacar;2010;Demandantes;Hombres;De 30 a 44 años;126,58333333;
Alfacar;2010;Demandantes;Hombres;De 45 a 64 años;95,74999997;
Alfacar;2010;Demandantes;Hombres;TOTAL;314,66666664;
Alfacar;2010;Demandantes;Mujeres;De 16 a 29 años;70,50000002;
Alfacar;2010;Demandantes;Mujeres;De 30 a 44 años;113,41666668;
Alfacar;2010;Demandantes;Mujeres;De 45 a 64 años;41,00000001;
Alfacar;2010;Demandantes;Mujeres;TOTAL;224,91666671;
Alfacar;2010;Demandantes;Ambos sexos;De 16 a 29 años;162,83333336;
Alfacar;2010;Demandantes;Ambos sexos;De 30 a 44 años;240,00000001;
Alfacar;2010;Demandantes;Ambos sexos;De 45 a 64 años;136,74999998;
Alfacar;2010;Demandantes;Ambos sexos;TOTAL;539,58333335;
Alfacar;2011;Demandantes;Hombres;De 16 a 29 años;97,08333334;
Alfacar;2011;Demandantes;Hombres;De 30 a 44 años;128,08333333;
Alfacar;2011;Demandantes;Hombres;De 45 a 64 años;121,50000002;
Alfacar;2011;Demandantes;Hombres;TOTAL;346,66666669;
Alfacar;2011;Demandantes;Mujeres;De 16 a 29 años;72,33333334;
Alfacar;2011;Demandantes;Mujeres;De 30 a 44 años;129,49999998;
Alfacar;2011;Demandantes;Mujeres;De 45 a 64 años;47,58333334;
Alfacar;2011;Demandantes;Mujeres;TOTAL;249,41666666;
Alfacar;2011;Demandantes;Ambos sexos;De 16 a 29 años;169,41666668;
Alfacar;2011;Demandantes;Ambos sexos;De 30 a 44 años;257,58333331;
Alfacar;2011;Demandantes;Ambos sexos;De 45 a 64 años;169,08333336;
Alfacar;2011;Demandantes;Ambos sexos;TOTAL;596,08333335;
Alfacar;2012;Demandantes;Hombres;De 16 a 29 años;92,74999997;
Alfacar;2012;Demandantes;Hombres;De 30 a 44 años;159,41666668;
Alfacar;2012;Demandantes;Hombres;De 45 a 64 años;148,33333336;
Alfacar;2012;Demandantes;Hombres;TOTAL;400,50000001;
Alfacar;2012;Demandantes;Mujeres;De 16 a 29 años;92,91666667;
Alfacar;2012;Demandantes;Mujeres;De 30 a 44 años;145,50000003;
Alfacar;2012;Demandantes;Mujeres;De 45 a 64 años;67,66666666;
Alfacar;2012;Demandantes;Mujeres;TOTAL;306,08333336;
Alfacar;2012;Demandantes;Ambos sexos;De 16 a 29 años;185,66666664;
Alfacar;2012;Demandantes;Ambos sexos;De 30 a 44 años;304,91666671;
Alfacar;2012;Demandantes;Ambos sexos;De 45 a 64 años;216,00000002;
Alfacar;2012;Demandantes;Ambos sexos;TOTAL;706,58333337;
Algarinejo;2010;Demandantes;Hombres;De 16 a 29 años;17,08333332;
Algarinejo;2010;Demandantes;Hombres;De 30 a 44 años;30,3333333;
Algarinejo;2010;Demandantes;Hombres;De 45 a 64 años;27,83333334;
Algarinejo;2010;Demandantes;Hombres;TOTAL;75,24999996;
Algarinejo;2010;Demandantes;Mujeres;De 16 a 29 años;18,08333334;
Algarinejo;2010;Demandantes;Mujeres;De 30 a 44 años;5,83333333;
Algarinejo;2010;Demandantes;Mujeres;De 45 a 64 años;1,66666667;
Algarinejo;2010;Demandantes;Mujeres;TOTAL;25,58333334;
Algarinejo;2010;Demandantes;Ambos sexos;De 16 a 29 años;35,16666666;
Algarinejo;2010;Demandantes;Ambos sexos;De 30 a 44 años;36,16666663;
Algarinejo;2010;Demandantes;Ambos sexos;De 45 a 64 años;29,50000001;
Algarinejo;2010;Demandantes;Ambos sexos;TOTAL;100,8333333;
Algarinejo;2011;Demandantes;Hombres;De 16 a 29 años;14;
Algarinejo;2011;Demandantes;Hombres;De 30 a 44 años;26,24999999;
Algarinejo;2011;Demandantes;Hombres;De 45 a 64 años;25,91666666;
Algarinejo;2011;Demandantes;Hombres;TOTAL;66,16666665;
Algarinejo;2011;Demandantes;Mujeres;De 16 a 29 años;11,74999998;
Algarinejo;2011;Demandantes;Mujeres;De 30 a 44 años;8,58333333;
Algarinejo;2011;Demandantes;Mujeres;De 45 a 64 años;2,16666667;
Algarinejo;2011;Demandantes;Mujeres;TOTAL;22,49999998;
Algarinejo;2011;Demandantes;Ambos sexos;De 16 a 29 años;25,74999998;
Algarinejo;2011;Demandantes;Ambos sexos;De 30 a 44 años;34,83333332;
Algarinejo;2011;Demandantes;Ambos sexos;De 45 a 64 años;28,08333333;
Algarinejo;2011;Demandantes;Ambos sexos;TOTAL;88,66666663;
Algarinejo;2012;Demandantes;Hombres;De 16 a 29 años;11,91666667;
Algarinejo;2012;Demandantes;Hombres;De 30 a 44 años;20,16666667;
Algarinejo;2012;Demandantes;Hombres;De 45 a 64 años;30,49999999;
Algarinejo;2012;Demandantes;Hombres;TOTAL;62,58333333;
Algarinejo;2012;Demandantes;Mujeres;De 16 a 29 años;16,33333333;
Algarinejo;2012;Demandantes;Mujeres;De 30 a 44 años;13,25000001;
Algarinejo;2012;Demandantes;Mujeres;De 45 a 64 años;1,83333332;
Algarinejo;2012;Demandantes;Mujeres;TOTAL;31,41666666;
Algarinejo;2012;Demandantes;Ambos sexos;De 16 a 29 años;28,25;
Algarinejo;2012;Demandantes;Ambos sexos;De 30 a 44 años;33,41666668;
Algarinejo;2012;Demandantes;Ambos sexos;De 45 a 64 años;32,33333331;
Algarinejo;2012;Demandantes;Ambos sexos;TOTAL;93,99999999;
Alhama de Granada;2010;Demandantes;Hombres;De 16 a 29 años;75,58333335;
Alhama de Granada;2010;Demandantes;Hombres;De 30 a 44 años;116;
Alhama de Granada;2010;Demandantes;Hombres;De 45 a 64 años;72,16666666;
Alhama de Granada;2010;Demandantes;Hombres;TOTAL;263,75000001;
Alhama de Granada;2010;Demandantes;Mujeres;De 16 a 29 años;61,33333333;
Alhama de Granada;2010;Demandantes;Mujeres;De 30 a 44 años;87,5;
Alhama de Granada;2010;Demandantes;Mujeres;De 45 a 64 años;33,41666667;
Alhama de Granada;2010;Demandantes;Mujeres;TOTAL;182,25;
Alhama de Granada;2010;Demandantes;Ambos sexos;De 16 a 29 años;136,91666668;
Alhama de Granada;2010;Demandantes;Ambos sexos;De 30 a 44 años;203,5;
Alhama de Granada;2010;Demandantes;Ambos sexos;De 45 a 64 años;105,58333333;
Alhama de Granada;2010;Demandantes;Ambos sexos;TOTAL;446,00000001;
Alhama de Granada;2011;Demandantes;Hombres;De 16 a 29 años;74,91666664;
Alhama de Granada;2011;Demandantes;Hombres;De 30 a 44 años;124,91666668;
Alhama de Granada;2011;Demandantes;Hombres;De 45 a 64 años;85,50000002;
Alhama de Granada;2011;Demandantes;Hombres;TOTAL;285,33333334;
Alhama de Granada;2011;Demandantes;Mujeres;De 16 a 29 años;57,49999999;
Alhama de Granada;2011;Demandantes;Mujeres;De 30 a 44 años;73,91666664;
Alhama de Granada;2011;Demandantes;Mujeres;De 45 a 64 años;37,16666667;
Alhama de Granada;2011;Demandantes;Mujeres;TOTAL;168,5833333;
Alhama de Granada;2011;Demandantes;Ambos sexos;De 16 a 29 años;132,41666663;
Alhama de Granada;2011;Demandantes;Ambos sexos;De 30 a 44 años;198,83333332;
Alhama de Granada;2011;Demandantes;Ambos sexos;De 45 a 64 años;122,66666669;
Alhama de Granada;2011;Demandantes;Ambos sexos;TOTAL;453,91666664;
Alhama de Granada;2012;Demandantes;Hombres;De 16 a 29 años;79,24999999;
Alhama de Granada;2012;Demandantes;Hombres;De 30 a 44 años;149,49999998;
Alhama de Granada;2012;Demandantes;Hombres;De 45 a 64 años;109,5;
Alhama de Granada;2012;Demandantes;Hombres;TOTAL;338,24999997;
Alhama de Granada;2012;Demandantes;Mujeres;De 16 a 29 años;63,58333331;
Alhama de Granada;2012;Demandantes;Mujeres;De 30 a 44 años;96,58333334;
Alhama de Granada;2012;Demandantes;Mujeres;De 45 a 64 años;53,16666666;
Alhama de Granada;2012;Demandantes;Mujeres;TOTAL;213,33333331;
Alhama de Granada;2012;Demandantes;Ambos sexos;De 16 a 29 años;142,8333333;
Alhama de Granada;2012;Demandantes;Ambos sexos;De 30 a 44 años;246,08333332;
Alhama de Granada;2012;Demandantes;Ambos sexos;De 45 a 64 años;162,66666666;
Alhama de Granada;2012;Demandantes;Ambos sexos;TOTAL;551,58333328;
Alhendín;2010;Demandantes;Hombres;De 16 a 29 años;124,16666666;
Alhendín;2010;Demandantes;Hombres;De 30 a 44 años;202,66666669;
Alhendín;2010;Demandantes;Hombres;De 45 a 64 años;118,33333333;
Alhendín;2010;Demandantes;Hombres;TOTAL;445,16666668;
Alhendín;2010;Demandantes;Mujeres;De 16 a 29 años;116,08333333;
Alhendín;2010;Demandantes;Mujeres;De 30 a 44 años;195,74999999;
Alhendín;2010;Demandantes;Mujeres;De 45 a 64 años;110,25000001;
Alhendín;2010;Demandantes;Mujeres;TOTAL;422,08333333;
Alhendín;2010;Demandantes;Ambos sexos;De 16 a 29 años;240,24999999;
Alhendín;2010;Demandantes;Ambos sexos;De 30 a 44 años;398,41666668;
Alhendín;2010;Demandantes;Ambos sexos;De 45 a 64 años;228,58333334;
Alhendín;2010;Demandantes;Ambos sexos;TOTAL;867,25000001;
Alhendín;2011;Demandantes;Hombres;De 16 a 29 años;126,41666665;
Alhendín;2011;Demandantes;Hombres;De 30 a 44 años;223,16666666;
Alhendín;2011;Demandantes;Hombres;De 45 a 64 años;129,66666666;
Alhendín;2011;Demandantes;Hombres;TOTAL;479,24999997;
Alhendín;2011;Demandantes;Mujeres;De 16 a 29 años;123,91666665;
Alhendín;2011;Demandantes;Mujeres;De 30 a 44 años;219,66666667;
Alhendín;2011;Demandantes;Mujeres;De 45 a 64 años;119,16666668;
Alhendín;2011;Demandantes;Mujeres;TOTAL;462,75;
Alhendín;2011;Demandantes;Ambos sexos;De 16 a 29 años;250,3333333;
Alhendín;2011;Demandantes;Ambos sexos;De 30 a 44 años;442,83333333;
Alhendín;2011;Demandantes;Ambos sexos;De 45 a 64 años;248,83333334;
Alhendín;2011;Demandantes;Ambos sexos;TOTAL;941,99999997;
Alhendín;2012;Demandantes;Hombres;De 16 a 29 años;128,66666666;
Alhendín;2012;Demandantes;Hombres;De 30 a 44 años;257,08333333;
Alhendín;2012;Demandantes;Hombres;De 45 a 64 años;158,99999998;
Alhendín;2012;Demandantes;Hombres;TOTAL;544,74999997;
Alhendín;2012;Demandantes;Mujeres;De 16 a 29 años;138,91666666;
Alhendín;2012;Demandantes;Mujeres;De 30 a 44 años;256,66666668;
Alhendín;2012;Demandantes;Mujeres;De 45 a 64 años;143,16666668;
Alhendín;2012;Demandantes;Mujeres;TOTAL;538,75000002;
Alhendín;2012;Demandantes;Ambos sexos;De 16 a 29 años;267,58333332;
Alhendín;2012;Demandantes;Ambos sexos;De 30 a 44 años;513,75000001;
Alhendín;2012;Demandantes;Ambos sexos;De 45 a 64 años;302,16666666;
Alhendín;2012;Demandantes;Ambos sexos;TOTAL;1083,49999999;
Alicún de Ortega;2010;Demandantes;Hombres;De 16 a 29 años;1,66666666;
Alicún de Ortega;2010;Demandantes;Hombres;De 30 a 44 años;4,83333334;
Alicún de Ortega;2010;Demandantes;Hombres;De 45 a 64 años;7,16666667;
Alicún de Ortega;2010;Demandantes;Hombres;TOTAL;13,66666667;
Alicún de Ortega;2010;Demandantes;Mujeres;De 16 a 29 años;3,24999999;
Alicún de Ortega;2010;Demandantes;Mujeres;De 30 a 44 años;1,16666667;
Alicún de Ortega;2010;Demandantes;Mujeres;De 45 a 64 años;0,91666667;
Alicún de Ortega;2010;Demandantes;Mujeres;TOTAL;5,33333333;
Alicún de Ortega;2010;Demandantes;Ambos sexos;De 16 a 29 años;4,91666665;
Alicún de Ortega;2010;Demandantes;Ambos sexos;De 30 a 44 años;6,00000001;
Alicún de Ortega;2010;Demandantes;Ambos sexos;De 45 a 64 años;8,08333334;
Alicún de Ortega;2010;Demandantes;Ambos sexos;TOTAL;19;
Alicún de Ortega;2011;Demandantes;Hombres;De 16 a 29 años;4,66666667;
Alicún de Ortega;2011;Demandantes;Hombres;De 30 a 44 años;3,66666666;
Alicún de Ortega;2011;Demandantes;Hombres;De 45 a 64 años;7,58333333;
Alicún de Ortega;2011;Demandantes;Hombres;TOTAL;15,91666666;
Alicún de Ortega;2011;Demandantes;Mujeres;De 16 a 29 años;2,5;
Alicún de Ortega;2011;Demandantes;Mujeres;De 30 a 44 años;1,58333333;
Alicún de Ortega;2011;Demandantes;Mujeres;De 45 a 64 años;0,75;
Alicún de Ortega;2011;Demandantes;Mujeres;TOTAL;4,83333333;
Alicún de Ortega;2011;Demandantes;Ambos sexos;De 16 a 29 años;7,16666667;
Alicún de Ortega;2011;Demandantes;Ambos sexos;De 30 a 44 años;5,24999999;
Alicún de Ortega;2011;Demandantes;Ambos sexos;De 45 a 64 años;8,33333333;
Alicún de Ortega;2011;Demandantes;Ambos sexos;TOTAL;20,74999999;
Alicún de Ortega;2012;Demandantes;Hombres;De 16 a 29 años;5,66666667;
Alicún de Ortega;2012;Demandantes;Hombres;De 30 a 44 años;1,91666667;
Alicún de Ortega;2012;Demandantes;Hombres;De 45 a 64 años;8,5;
Alicún de Ortega;2012;Demandantes;Hombres;TOTAL;16,08333334;
Alicún de Ortega;2012;Demandantes;Mujeres;De 16 a 29 años;2;
Alicún de Ortega;2012;Demandantes;Mujeres;De 30 a 44 años;1,58333333;
Alicún de Ortega;2012;Demandantes;Mujeres;De 45 a 64 años;1,25;
Alicún de Ortega;2012;Demandantes;Mujeres;TOTAL;4,83333333;
Alicún de Ortega;2012;Demandantes;Ambos sexos;De 16 a 29 años;7,66666667;
Alicún de Ortega;2012;Demandantes;Ambos sexos;De 30 a 44 años;3,5;
Alicún de Ortega;2012;Demandantes;Ambos sexos;De 45 a 64 años;9,75;
Alicún de Ortega;2012;Demandantes;Ambos sexos;TOTAL;20,91666667;
Almegíjar;2010;Demandantes;Hombres;De 16 a 29 años;4,08333333;
Almegíjar;2010;Demandantes;Hombres;De 30 a 44 años;5,25;
Almegíjar;2010;Demandantes;Hombres;De 45 a 64 años;5,75;
Almegíjar;2010;Demandantes;Hombres;TOTAL;15,08333333;
Almegíjar;2010;Demandantes;Mujeres;De 16 a 29 años;2,25;
Almegíjar;2010;Demandantes;Mujeres;De 30 a 44 años;4,5;
Almegíjar;2010;Demandantes;Mujeres;De 45 a 64 años;1,33333333;
Almegíjar;2010;Demandantes;Mujeres;TOTAL;8,08333333;
Almegíjar;2010;Demandantes;Ambos sexos;De 16 a 29 años;6,33333333;
Almegíjar;2010;Demandantes;Ambos sexos;De 30 a 44 años;9,75;
Almegíjar;2010;Demandantes;Ambos sexos;De 45 a 64 años;7,08333333;
Almegíjar;2010;Demandantes;Ambos sexos;TOTAL;23,16666666;
Almegíjar;2011;Demandantes;Hombres;De 16 a 29 años;3,50000001;
Almegíjar;2011;Demandantes;Hombres;De 30 a 44 años;6,58333333;
Almegíjar;2011;Demandantes;Hombres;De 45 a 64 años;4,41666667;
Almegíjar;2011;Demandantes;Hombres;TOTAL;14,50000001;
Almegíjar;2011;Demandantes;Mujeres;De 16 a 29 años;1,33333333;
Almegíjar;2011;Demandantes;Mujeres;De 30 a 44 años;4,25;
Almegíjar;2011;Demandantes;Mujeres;De 45 a 64 años;1,66666666;
Almegíjar;2011;Demandantes;Mujeres;TOTAL;7,24999999;
Almegíjar;2011;Demandantes;Ambos sexos;De 16 a 29 años;4,83333334;
Almegíjar;2011;Demandantes;Ambos sexos;De 30 a 44 años;10,83333333;
Almegíjar;2011;Demandantes;Ambos sexos;De 45 a 64 años;6,08333333;
Almegíjar;2011;Demandantes;Ambos sexos;TOTAL;21,75;
Almegíjar;2012;Demandantes;Hombres;De 16 a 29 años;7,41666667;
Almegíjar;2012;Demandantes;Hombres;De 30 a 44 años;8,25;
Almegíjar;2012;Demandantes;Hombres;De 45 a 64 años;5,58333333;
Almegíjar;2012;Demandantes;Hombres;TOTAL;21,25;
Almegíjar;2012;Demandantes;Mujeres;De 16 a 29 años;1,66666667;
Almegíjar;2012;Demandantes;Mujeres;De 30 a 44 años;4,75;
Almegíjar;2012;Demandantes;Mujeres;De 45 a 64 años;2,25;
Almegíjar;2012;Demandantes;Mujeres;TOTAL;8,66666667;
Almegíjar;2012;Demandantes;Ambos sexos;De 16 a 29 años;9,08333334;
Almegíjar;2012;Demandantes;Ambos sexos;De 30 a 44 años;13;
Almegíjar;2012;Demandantes;Ambos sexos;De 45 a 64 años;7,83333333;
Almegíjar;2012;Demandantes;Ambos sexos;TOTAL;29,91666667;
Almuñécar;2010;Demandantes;Hombres;De 16 a 29 años;377,24999998;
Almuñécar;2010;Demandantes;Hombres;De 30 a 44 años;710,99999999;
Almuñécar;2010;Demandantes;Hombres;De 45 a 64 años;578,58333331;
Almuñécar;2010;Demandantes;Hombres;TOTAL;1666,83333328;
Almuñécar;2010;Demandantes;Mujeres;De 16 a 29 años;349,99999999;
Almuñécar;2010;Demandantes;Mujeres;De 30 a 44 años;595,83333334;
Almuñécar;2010;Demandantes;Mujeres;De 45 a 64 años;462,50000003;
Almuñécar;2010;Demandantes;Mujeres;TOTAL;1408,33333336;
Almuñécar;2010;Demandantes;Ambos sexos;De 16 a 29 años;727,24999997;
Almuñécar;2010;Demandantes;Ambos sexos;De 30 a 44 años;1306,83333333;
Almuñécar;2010;Demandantes;Ambos sexos;De 45 a 64 años;1041,08333334;
Almuñécar;2010;Demandantes;Ambos sexos;TOTAL;3075,16666664;
Almuñécar;2011;Demandantes;Hombres;De 16 a 29 años;363,99999998;
Almuñécar;2011;Demandantes;Hombres;De 30 a 44 años;721,75000002;
Almuñécar;2011;Demandantes;Hombres;De 45 a 64 años;605,25000002;
Almuñécar;2011;Demandantes;Hombres;TOTAL;1691,00000002;
Almuñécar;2011;Demandantes;Mujeres;De 16 a 29 años;343,08333333;
Almuñécar;2011;Demandantes;Mujeres;De 30 a 44 años;621,41666668;
Almuñécar;2011;Demandantes;Mujeres;De 45 a 64 años;516,41666669;
Almuñécar;2011;Demandantes;Mujeres;TOTAL;1480,9166667;
Almuñécar;2011;Demandantes;Ambos sexos;De 16 a 29 años;707,08333331;
Almuñécar;2011;Demandantes;Ambos sexos;De 30 a 44 años;1343,1666667;
Almuñécar;2011;Demandantes;Ambos sexos;De 45 a 64 años;1121,66666671;
Almuñécar;2011;Demandantes;Ambos sexos;TOTAL;3171,91666672;
Almuñécar;2012;Demandantes;Hombres;De 16 a 29 años;380,83333335;
Almuñécar;2012;Demandantes;Hombres;De 30 a 44 años;745,33333337;
Almuñécar;2012;Demandantes;Hombres;De 45 a 64 años;678,91666671;
Almuñécar;2012;Demandantes;Hombres;TOTAL;1805,08333343;
Almuñécar;2012;Demandantes;Mujeres;De 16 a 29 años;359,25000001;
Almuñécar;2012;Demandantes;Mujeres;De 30 a 44 años;664,16666665;
Almuñécar;2012;Demandantes;Mujeres;De 45 a 64 años;605,16666667;
Almuñécar;2012;Demandantes;Mujeres;TOTAL;1628,58333333;
Almuñécar;2012;Demandantes;Ambos sexos;De 16 a 29 años;740,08333336;
Almuñécar;2012;Demandantes;Ambos sexos;De 30 a 44 años;1409,50000002;
Almuñécar;2012;Demandantes;Ambos sexos;De 45 a 64 años;1284,08333338;
Almuñécar;2012;Demandantes;Ambos sexos;TOTAL;3433,66666676;
Alpujarra de la Sierra;2010;Demandantes;Hombres;De 16 a 29 años;12,66666665;
Alpujarra de la Sierra;2010;Demandantes;Hombres;De 30 a 44 años;10,41666668;
Alpujarra de la Sierra;2010;Demandantes;Hombres;De 45 a 64 años;14,74999999;
Alpujarra de la Sierra;2010;Demandantes;Hombres;TOTAL;37,83333332;
Alpujarra de la Sierra;2010;Demandantes;Mujeres;De 16 a 29 años;3,33333334;
Alpujarra de la Sierra;2010;Demandantes;Mujeres;De 30 a 44 años;7,58333333;
Alpujarra de la Sierra;2010;Demandantes;Mujeres;De 45 a 64 años;10,08333333;
Alpujarra de la Sierra;2010;Demandantes;Mujeres;TOTAL;21;
Alpujarra de la Sierra;2010;Demandantes;Ambos sexos;De 16 a 29 años;15,99999999;
Alpujarra de la Sierra;2010;Demandantes;Ambos sexos;De 30 a 44 años;18,00000001;
Alpujarra de la Sierra;2010;Demandantes;Ambos sexos;De 45 a 64 años;24,83333332;
Alpujarra de la Sierra;2010;Demandantes;Ambos sexos;TOTAL;58,83333332;
Alpujarra de la Sierra;2011;Demandantes;Hombres;De 16 a 29 años;12,83333333;
Alpujarra de la Sierra;2011;Demandantes;Hombres;De 30 a 44 años;13,33333333;
Alpujarra de la Sierra;2011;Demandantes;Hombres;De 45 a 64 años;18,33333335;
Alpujarra de la Sierra;2011;Demandantes;Hombres;TOTAL;44,50000001;
Alpujarra de la Sierra;2011;Demandantes;Mujeres;De 16 a 29 años;1,58333334;
Alpujarra de la Sierra;2011;Demandantes;Mujeres;De 30 a 44 años;5,75;
Alpujarra de la Sierra;2011;Demandantes;Mujeres;De 45 a 64 años;9,91666667;
Alpujarra de la Sierra;2011;Demandantes;Mujeres;TOTAL;17,25000001;
Alpujarra de la Sierra;2011;Demandantes;Ambos sexos;De 16 a 29 años;14,41666667;
Alpujarra de la Sierra;2011;Demandantes;Ambos sexos;De 30 a 44 años;19,08333333;
Alpujarra de la Sierra;2011;Demandantes;Ambos sexos;De 45 a 64 años;28,25000002;
Alpujarra de la Sierra;2011;Demandantes;Ambos sexos;TOTAL;61,75000002;
Alpujarra de la Sierra;2012;Demandantes;Hombres;De 16 a 29 años;15,49999999;
Alpujarra de la Sierra;2012;Demandantes;Hombres;De 30 a 44 años;15;
Alpujarra de la Sierra;2012;Demandantes;Hombres;De 45 a 64 años;22,33333335;
Alpujarra de la Sierra;2012;Demandantes;Hombres;TOTAL;52,83333334;
Alpujarra de la Sierra;2012;Demandantes;Mujeres;De 16 a 29 años;5,66666666;
Alpujarra de la Sierra;2012;Demandantes;Mujeres;De 30 a 44 años;7,5;
Alpujarra de la Sierra;2012;Demandantes;Mujeres;De 45 a 64 años;8,83333334;
Alpujarra de la Sierra;2012;Demandantes;Mujeres;TOTAL;22;
Alpujarra de la Sierra;2012;Demandantes;Ambos sexos;De 16 a 29 años;21,16666665;
Alpujarra de la Sierra;2012;Demandantes;Ambos sexos;De 30 a 44 años;22,5;
Alpujarra de la Sierra;2012;Demandantes;Ambos sexos;De 45 a 64 años;31,16666669;
Alpujarra de la Sierra;2012;Demandantes;Ambos sexos;TOTAL;74,83333334;
Alquife;2010;Demandantes;Hombres;De 16 a 29 años;7,24999999;
Alquife;2010;Demandantes;Hombres;De 30 a 44 años;12,58333335;
Alquife;2010;Demandantes;Hombres;De 45 a 64 años;15,91666666;
Alquife;2010;Demandantes;Hombres;TOTAL;35,75;
Alquife;2010;Demandantes;Mujeres;De 16 a 29 años;7,66666667;
Alquife;2010;Demandantes;Mujeres;De 30 a 44 años;10,83333334;
Alquife;2010;Demandantes;Mujeres;De 45 a 64 años;9;
Alquife;2010;Demandantes;Mujeres;TOTAL;27,50000001;
Alquife;2010;Demandantes;Ambos sexos;De 16 a 29 años;14,91666666;
Alquife;2010;Demandantes;Ambos sexos;De 30 a 44 años;23,41666669;
Alquife;2010;Demandantes;Ambos sexos;De 45 a 64 años;24,91666666;
Alquife;2010;Demandantes;Ambos sexos;TOTAL;63,25000001;
Alquife;2011;Demandantes;Hombres;De 16 a 29 años;8,25000001;
Alquife;2011;Demandantes;Hombres;De 30 a 44 años;14,99999999;
Alquife;2011;Demandantes;Hombres;De 45 a 64 años;20,25;
Alquife;2011;Demandantes;Hombres;TOTAL;43,5;
Alquife;2011;Demandantes;Mujeres;De 16 a 29 años;6,75000001;
Alquife;2011;Demandantes;Mujeres;De 30 a 44 años;10,33333334;
Alquife;2011;Demandantes;Mujeres;De 45 a 64 años;13;
Alquife;2011;Demandantes;Mujeres;TOTAL;30,08333335;
Alquife;2011;Demandantes;Ambos sexos;De 16 a 29 años;15,00000002;
Alquife;2011;Demandantes;Ambos sexos;De 30 a 44 años;25,33333333;
Alquife;2011;Demandantes;Ambos sexos;De 45 a 64 años;33,25;
Alquife;2011;Demandantes;Ambos sexos;TOTAL;73,58333335;
Alquife;2012;Demandantes;Hombres;De 16 a 29 años;12,83333333;
Alquife;2012;Demandantes;Hombres;De 30 a 44 años;17,58333333;
Alquife;2012;Demandantes;Hombres;De 45 a 64 años;23,91666666;
Alquife;2012;Demandantes;Hombres;TOTAL;54,33333332;
Alquife;2012;Demandantes;Mujeres;De 16 a 29 años;10,83333333;
Alquife;2012;Demandantes;Mujeres;De 30 a 44 años;11,74999999;
Alquife;2012;Demandantes;Mujeres;De 45 a 64 años;17,33333333;
Alquife;2012;Demandantes;Mujeres;TOTAL;39,91666665;
Alquife;2012;Demandantes;Ambos sexos;De 16 a 29 años;23,66666666;
Alquife;2012;Demandantes;Ambos sexos;De 30 a 44 años;29,33333332;
Alquife;2012;Demandantes;Ambos sexos;De 45 a 64 años;41,24999999;
Alquife;2012;Demandantes;Ambos sexos;TOTAL;94,24999997;
Arenas del Rey;2010;Demandantes;Hombres;De 16 a 29 años;17,08333334;
Arenas del Rey;2010;Demandantes;Hombres;De 30 a 44 años;29,91666668;
Arenas del Rey;2010;Demandantes;Hombres;De 45 a 64 años;33,33333333;
Arenas del Rey;2010;Demandantes;Hombres;TOTAL;80,33333335;
Arenas del Rey;2010;Demandantes;Mujeres;De 16 a 29 años;15,16666666;
Arenas del Rey;2010;Demandantes;Mujeres;De 30 a 44 años;14,33333334;
Arenas del Rey;2010;Demandantes;Mujeres;De 45 a 64 años;14,33333333;
Arenas del Rey;2010;Demandantes;Mujeres;TOTAL;43,83333333;
Arenas del Rey;2010;Demandantes;Ambos sexos;De 16 a 29 años;32,25;
Arenas del Rey;2010;Demandantes;Ambos sexos;De 30 a 44 años;44,25000002;
Arenas del Rey;2010;Demandantes;Ambos sexos;De 45 a 64 años;47,66666666;
Arenas del Rey;2010;Demandantes;Ambos sexos;TOTAL;124,16666668;
Arenas del Rey;2011;Demandantes;Hombres;De 16 a 29 años;14,33333333;
Arenas del Rey;2011;Demandantes;Hombres;De 30 a 44 años;22,33333334;
Arenas del Rey;2011;Demandantes;Hombres;De 45 a 64 años;34,16666665;
Arenas del Rey;2011;Demandantes;Hombres;TOTAL;70,83333332;
Arenas del Rey;2011;Demandantes;Mujeres;De 16 a 29 años;15,16666666;
Arenas del Rey;2011;Demandantes;Mujeres;De 30 a 44 años;15,58333334;
Arenas del Rey;2011;Demandantes;Mujeres;De 45 a 64 años;15,99999999;
Arenas del Rey;2011;Demandantes;Mujeres;TOTAL;46,74999999;
Arenas del Rey;2011;Demandantes;Ambos sexos;De 16 a 29 años;29,49999999;
Arenas del Rey;2011;Demandantes;Ambos sexos;De 30 a 44 años;37,91666668;
Arenas del Rey;2011;Demandantes;Ambos sexos;De 45 a 64 años;50,16666664;
Arenas del Rey;2011;Demandantes;Ambos sexos;TOTAL;117,58333331;
Arenas del Rey;2012;Demandantes;Hombres;De 16 a 29 años;22,75;
Arenas del Rey;2012;Demandantes;Hombres;De 30 a 44 años;24,66666667;
Arenas del Rey;2012;Demandantes;Hombres;De 45 a 64 años;42,33333334;
Arenas del Rey;2012;Demandantes;Hombres;TOTAL;89,75000001;
Arenas del Rey;2012;Demandantes;Mujeres;De 16 a 29 años;21;
Arenas del Rey;2012;Demandantes;Mujeres;De 30 a 44 años;19,33333333;
Arenas del Rey;2012;Demandantes;Mujeres;De 45 a 64 años;22,08333333;
Arenas del Rey;2012;Demandantes;Mujeres;TOTAL;62,41666666;
Arenas del Rey;2012;Demandantes;Ambos sexos;De 16 a 29 años;43,75;
Arenas del Rey;2012;Demandantes;Ambos sexos;De 30 a 44 años;44;
Arenas del Rey;2012;Demandantes;Ambos sexos;De 45 a 64 años;64,41666667;
Arenas del Rey;2012;Demandantes;Ambos sexos;TOTAL;152,16666667;
Armilla;2010;Demandantes;Hombres;De 16 a 29 años;333,91666668;
Armilla;2010;Demandantes;Hombres;De 30 a 44 años;539,50000001;
Armilla;2010;Demandantes;Hombres;De 45 a 64 años;388,00000002;
Armilla;2010;Demandantes;Hombres;TOTAL;1261,41666671;
Armilla;2010;Demandantes;Mujeres;De 16 a 29 años;314,08333334;
Armilla;2010;Demandantes;Mujeres;De 30 a 44 años;637,24999997;
Armilla;2010;Demandantes;Mujeres;De 45 a 64 años;378,33333331;
Armilla;2010;Demandantes;Mujeres;TOTAL;1329,66666662;
Armilla;2010;Demandantes;Ambos sexos;De 16 a 29 años;648,00000002;
Armilla;2010;Demandantes;Ambos sexos;De 30 a 44 años;1176,74999998;
Armilla;2010;Demandantes;Ambos sexos;De 45 a 64 años;766,33333333;
Armilla;2010;Demandantes;Ambos sexos;TOTAL;2591,08333333;
Armilla;2011;Demandantes;Hombres;De 16 a 29 años;369,99999998;
Armilla;2011;Demandantes;Hombres;De 30 a 44 años;567,66666665;
Armilla;2011;Demandantes;Hombres;De 45 a 64 años;439,58333334;
Armilla;2011;Demandantes;Hombres;TOTAL;1377,24999997;
Armilla;2011;Demandantes;Mujeres;De 16 a 29 años;342,58333333;
Armilla;2011;Demandantes;Mujeres;De 30 a 44 años;656,41666668;
Armilla;2011;Demandantes;Mujeres;De 45 a 64 años;431,83333335;
Armilla;2011;Demandantes;Mujeres;TOTAL;1430,83333336;
Armilla;2011;Demandantes;Ambos sexos;De 16 a 29 años;712,58333331;
Armilla;2011;Demandantes;Ambos sexos;De 30 a 44 años;1224,08333333;
Armilla;2011;Demandantes;Ambos sexos;De 45 a 64 años;871,41666669;
Armilla;2011;Demandantes;Ambos sexos;TOTAL;2808,08333333;
Armilla;2012;Demandantes;Hombres;De 16 a 29 años;375,91666669;
Armilla;2012;Demandantes;Hombres;De 30 a 44 años;618,83333336;
Armilla;2012;Demandantes;Hombres;De 45 a 64 años;490,66666665;
Armilla;2012;Demandantes;Hombres;TOTAL;1485,4166667;
Armilla;2012;Demandantes;Mujeres;De 16 a 29 años;376,49999998;
Armilla;2012;Demandantes;Mujeres;De 30 a 44 años;694,66666667;
Armilla;2012;Demandantes;Mujeres;De 45 a 64 años;499,33333334;
Armilla;2012;Demandantes;Mujeres;TOTAL;1570,49999999;
Armilla;2012;Demandantes;Ambos sexos;De 16 a 29 años;752,41666667;
Armilla;2012;Demandantes;Ambos sexos;De 30 a 44 años;1313,50000003;
Armilla;2012;Demandantes;Ambos sexos;De 45 a 64 años;989,99999999;
Armilla;2012;Demandantes;Ambos sexos;TOTAL;3055,91666669;
Atarfe;2010;Demandantes;Hombres;De 16 a 29 años;289,08333333;
Atarfe;2010;Demandantes;Hombres;De 30 a 44 años;470,83333332;
Atarfe;2010;Demandantes;Hombres;De 45 a 64 años;277,5;
Atarfe;2010;Demandantes;Hombres;TOTAL;1037,41666665;
Atarfe;2010;Demandantes;Mujeres;De 16 a 29 años;263,49999999;
Atarfe;2010;Demandantes;Mujeres;De 30 a 44 años;404,00000002;
Atarfe;2010;Demandantes;Mujeres;De 45 a 64 años;170,49999999;
Atarfe;2010;Demandantes;Mujeres;TOTAL;838;
Atarfe;2010;Demandantes;Ambos sexos;De 16 a 29 años;552,58333332;
Atarfe;2010;Demandantes;Ambos sexos;De 30 a 44 años;874,83333334;
Atarfe;2010;Demandantes;Ambos sexos;De 45 a 64 años;447,99999999;
Atarfe;2010;Demandantes;Ambos sexos;TOTAL;1875,41666665;
Atarfe;2011;Demandantes;Hombres;De 16 a 29 años;283,83333331;
Atarfe;2011;Demandantes;Hombres;De 30 a 44 años;473,16666667;
Atarfe;2011;Demandantes;Hombres;De 45 a 64 años;288,16666666;
Atarfe;2011;Demandantes;Hombres;TOTAL;1045,16666664;
Atarfe;2011;Demandantes;Mujeres;De 16 a 29 años;299,50000001;
Atarfe;2011;Demandantes;Mujeres;De 30 a 44 años;449,91666667;
Atarfe;2011;Demandantes;Mujeres;De 45 a 64 años;200,58333336;
Atarfe;2011;Demandantes;Mujeres;TOTAL;950,00000004;
Atarfe;2011;Demandantes;Ambos sexos;De 16 a 29 años;583,33333332;
Atarfe;2011;Demandantes;Ambos sexos;De 30 a 44 años;923,08333334;
Atarfe;2011;Demandantes;Ambos sexos;De 45 a 64 años;488,75000002;
Atarfe;2011;Demandantes;Ambos sexos;TOTAL;1995,16666668;
Atarfe;2012;Demandantes;Hombres;De 16 a 29 años;304,49999999;
Atarfe;2012;Demandantes;Hombres;De 30 a 44 años;526,25000001;
Atarfe;2012;Demandantes;Hombres;De 45 a 64 años;353,41666666;
Atarfe;2012;Demandantes;Hombres;TOTAL;1184,16666666;
Atarfe;2012;Demandantes;Mujeres;De 16 a 29 años;325,16666668;
Atarfe;2012;Demandantes;Mujeres;De 30 a 44 años;519,16666664;
Atarfe;2012;Demandantes;Mujeres;De 45 a 64 años;259,41666669;
Atarfe;2012;Demandantes;Mujeres;TOTAL;1103,75000001;
Atarfe;2012;Demandantes;Ambos sexos;De 16 a 29 años;629,66666667;
Atarfe;2012;Demandantes;Ambos sexos;De 30 a 44 años;1045,41666665;
Atarfe;2012;Demandantes;Ambos sexos;De 45 a 64 años;612,83333335;
Atarfe;2012;Demandantes;Ambos sexos;TOTAL;2287,91666667;
Baza;2010;Demandantes;Hombres;De 16 a 29 años;203,83333332;
Baza;2010;Demandantes;Hombres;De 30 a 44 años;364,83333332;
Baza;2010;Demandantes;Hombres;De 45 a 64 años;281,16666669;
Baza;2010;Demandantes;Hombres;TOTAL;849,83333333;
Baza;2010;Demandantes;Mujeres;De 16 a 29 años;191,08333333;
Baza;2010;Demandantes;Mujeres;De 30 a 44 años;385,00000001;
Baza;2010;Demandantes;Mujeres;De 45 a 64 años;238,41666668;
Baza;2010;Demandantes;Mujeres;TOTAL;814,50000002;
Baza;2010;Demandantes;Ambos sexos;De 16 a 29 años;394,91666665;
Baza;2010;Demandantes;Ambos sexos;De 30 a 44 años;749,83333333;
Baza;2010;Demandantes;Ambos sexos;De 45 a 64 años;519,58333337;
Baza;2010;Demandantes;Ambos sexos;TOTAL;1664,33333335;
Baza;2011;Demandantes;Hombres;De 16 a 29 años;235,66666667;
Baza;2011;Demandantes;Hombres;De 30 a 44 años;374,83333331;
Baza;2011;Demandantes;Hombres;De 45 a 64 años;325,16666668;
Baza;2011;Demandantes;Hombres;TOTAL;935,66666666;
Baza;2011;Demandantes;Mujeres;De 16 a 29 años;228,75000002;
Baza;2011;Demandantes;Mujeres;De 30 a 44 años;407,41666668;
Baza;2011;Demandantes;Mujeres;De 45 a 64 años;281,41666667;
Baza;2011;Demandantes;Mujeres;TOTAL;917,58333337;
Baza;2011;Demandantes;Ambos sexos;De 16 a 29 años;464,41666669;
Baza;2011;Demandantes;Ambos sexos;De 30 a 44 años;782,24999999;
Baza;2011;Demandantes;Ambos sexos;De 45 a 64 años;606,58333335;
Baza;2011;Demandantes;Ambos sexos;TOTAL;1853,25000003;
Baza;2012;Demandantes;Hombres;De 16 a 29 años;249,58333334;
Baza;2012;Demandantes;Hombres;De 30 a 44 años;425,74999999;
Baza;2012;Demandantes;Hombres;De 45 a 64 años;423,33333333;
Baza;2012;Demandantes;Hombres;TOTAL;1098,66666666;
Baza;2012;Demandantes;Mujeres;De 16 a 29 años;264,74999997;
Baza;2012;Demandantes;Mujeres;De 30 a 44 años;471,83333334;
Baza;2012;Demandantes;Mujeres;De 45 a 64 años;345,83333334;
Baza;2012;Demandantes;Mujeres;TOTAL;1082,41666665;
Baza;2012;Demandantes;Ambos sexos;De 16 a 29 años;514,33333331;
Baza;2012;Demandantes;Ambos sexos;De 30 a 44 años;897,58333333;
Baza;2012;Demandantes;Ambos sexos;De 45 a 64 años;769,16666667;
Baza;2012;Demandantes;Ambos sexos;TOTAL;2181,08333331;
Beas de Granada;2010;Demandantes;Hombres;De 16 a 29 años;12,5;
Beas de Granada;2010;Demandantes;Hombres;De 30 a 44 años;13,33333333;
Beas de Granada;2010;Demandantes;Hombres;De 45 a 64 años;7,25;
Beas de Granada;2010;Demandantes;Hombres;TOTAL;33,08333333;
Beas de Granada;2010;Demandantes;Mujeres;De 16 a 29 años;6,91666666;
Beas de Granada;2010;Demandantes;Mujeres;De 30 a 44 años;16,49999999;
Beas de Granada;2010;Demandantes;Mujeres;De 45 a 64 años;14,41666668;
Beas de Granada;2010;Demandantes;Mujeres;TOTAL;37,83333333;
Beas de Granada;2010;Demandantes;Ambos sexos;De 16 a 29 años;19,41666666;
Beas de Granada;2010;Demandantes;Ambos sexos;De 30 a 44 años;29,83333332;
Beas de Granada;2010;Demandantes;Ambos sexos;De 45 a 64 años;21,66666668;
Beas de Granada;2010;Demandantes;Ambos sexos;TOTAL;70,91666666;
Beas de Granada;2011;Demandantes;Hombres;De 16 a 29 años;17,91666667;
Beas de Granada;2011;Demandantes;Hombres;De 30 a 44 años;15,16666666;
Beas de Granada;2011;Demandantes;Hombres;De 45 a 64 años;12,25000001;
Beas de Granada;2011;Demandantes;Hombres;TOTAL;45,33333334;
Beas de Granada;2011;Demandantes;Mujeres;De 16 a 29 años;10,25000001;
Beas de Granada;2011;Demandantes;Mujeres;De 30 a 44 años;17,00000001;
Beas de Granada;2011;Demandantes;Mujeres;De 45 a 64 años;15,75;
Beas de Granada;2011;Demandantes;Mujeres;TOTAL;43,00000002;
Beas de Granada;2011;Demandantes;Ambos sexos;De 16 a 29 años;28,16666668;
Beas de Granada;2011;Demandantes;Ambos sexos;De 30 a 44 años;32,16666667;
Beas de Granada;2011;Demandantes;Ambos sexos;De 45 a 64 años;28,00000001;
Beas de Granada;2011;Demandantes;Ambos sexos;TOTAL;88,33333336;
Beas de Granada;2012;Demandantes;Hombres;De 16 a 29 años;18,5;
Beas de Granada;2012;Demandantes;Hombres;De 30 a 44 años;18,33333334;
Beas de Granada;2012;Demandantes;Hombres;De 45 a 64 años;18,5;
Beas de Granada;2012;Demandantes;Hombres;TOTAL;55,33333334;
Beas de Granada;2012;Demandantes;Mujeres;De 16 a 29 años;11,75000001;
Beas de Granada;2012;Demandantes;Mujeres;De 30 a 44 años;19;
Beas de Granada;2012;Demandantes;Mujeres;De 45 a 64 años;16,41666667;
Beas de Granada;2012;Demandantes;Mujeres;TOTAL;47,16666668;
Beas de Granada;2012;Demandantes;Ambos sexos;De 16 a 29 años;30,25000001;
Beas de Granada;2012;Demandantes;Ambos sexos;De 30 a 44 años;37,33333334;
Beas de Granada;2012;Demandantes;Ambos sexos;De 45 a 64 años;34,91666667;
Beas de Granada;2012;Demandantes;Ambos sexos;TOTAL;102,50000002;
Beas de Guadix;2010;Demandantes;Hombres;De 16 a 29 años;5,16666667;
Beas de Guadix;2010;Demandantes;Hombres;De 30 a 44 años;9,91666666;
Beas de Guadix;2010;Demandantes;Hombres;De 45 a 64 años;7,75;
Beas de Guadix;2010;Demandantes;Hombres;TOTAL;22,83333333;
Beas de Guadix;2010;Demandantes;Mujeres;De 16 a 29 años;2,91666666;
Beas de Guadix;2010;Demandantes;Mujeres;De 30 a 44 años;3,83333333;
Beas de Guadix;2010;Demandantes;Mujeres;De 45 a 64 años;3,25;
Beas de Guadix;2010;Demandantes;Mujeres;TOTAL;9,99999999;
Beas de Guadix;2010;Demandantes;Ambos sexos;De 16 a 29 años;8,08333333;
Beas de Guadix;2010;Demandantes;Ambos sexos;De 30 a 44 años;13,74999999;
Beas de Guadix;2010;Demandantes;Ambos sexos;De 45 a 64 años;11;
Beas de Guadix;2010;Demandantes;Ambos sexos;TOTAL;32,83333332;
Beas de Guadix;2011;Demandantes;Hombres;De 16 a 29 años;9,16666667;
Beas de Guadix;2011;Demandantes;Hombres;De 30 a 44 años;12,16666667;
Beas de Guadix;2011;Demandantes;Hombres;De 45 a 64 años;11,33333334;
Beas de Guadix;2011;Demandantes;Hombres;TOTAL;32,66666668;
Beas de Guadix;2011;Demandantes;Mujeres;De 16 a 29 años;2,16666666;
Beas de Guadix;2011;Demandantes;Mujeres;De 30 a 44 años;2,74999999;
Beas de Guadix;2011;Demandantes;Mujeres;De 45 a 64 años;3,00000001;
Beas de Guadix;2011;Demandantes;Mujeres;TOTAL;7,91666666;
Beas de Guadix;2011;Demandantes;Ambos sexos;De 16 a 29 años;11,33333333;
Beas de Guadix;2011;Demandantes;Ambos sexos;De 30 a 44 años;14,91666666;
Beas de Guadix;2011;Demandantes;Ambos sexos;De 45 a 64 años;14,33333335;
Beas de Guadix;2011;Demandantes;Ambos sexos;TOTAL;40,58333334;
Beas de Guadix;2012;Demandantes;Hombres;De 16 a 29 años;9,08333333;
Beas de Guadix;2012;Demandantes;Hombres;De 30 a 44 años;16,41666668;
Beas de Guadix;2012;Demandantes;Hombres;De 45 a 64 años;11,83333333;
Beas de Guadix;2012;Demandantes;Hombres;TOTAL;37,33333334;
Beas de Guadix;2012;Demandantes;Mujeres;De 16 a 29 años;3,75000001;
Beas de Guadix;2012;Demandantes;Mujeres;De 30 a 44 años;5,33333333;
Beas de Guadix;2012;Demandantes;Mujeres;De 45 a 64 años;5,33333333;
Beas de Guadix;2012;Demandantes;Mujeres;TOTAL;14,41666667;
Beas de Guadix;2012;Demandantes;Ambos sexos;De 16 a 29 años;12,83333334;
Beas de Guadix;2012;Demandantes;Ambos sexos;De 30 a 44 años;21,75000001;
Beas de Guadix;2012;Demandantes;Ambos sexos;De 45 a 64 años;17,16666666;
Beas de Guadix;2012;Demandantes;Ambos sexos;TOTAL;51,75000001;
Benalúa;2010;Demandantes;Hombres;De 16 a 29 años;75,25;
Benalúa;2010;Demandantes;Hombres;De 30 a 44 años;93,91666667;
Benalúa;2010;Demandantes;Hombres;De 45 a 64 años;45,91666668;
Benalúa;2010;Demandantes;Hombres;TOTAL;215,08333335;
Benalúa;2010;Demandantes;Mujeres;De 16 a 29 años;52,08333333;
Benalúa;2010;Demandantes;Mujeres;De 30 a 44 años;79,75;
Benalúa;2010;Demandantes;Mujeres;De 45 a 64 años;27,41666668;
Benalúa;2010;Demandantes;Mujeres;TOTAL;159,25000001;
Benalúa;2010;Demandantes;Ambos sexos;De 16 a 29 años;127,33333333;
Benalúa;2010;Demandantes;Ambos sexos;De 30 a 44 años;173,66666667;
Benalúa;2010;Demandantes;Ambos sexos;De 45 a 64 años;73,33333336;
Benalúa;2010;Demandantes;Ambos sexos;TOTAL;374,33333336;
Benalúa;2011;Demandantes;Hombres;De 16 a 29 años;81,33333335;
Benalúa;2011;Demandantes;Hombres;De 30 a 44 años;93,08333333;
Benalúa;2011;Demandantes;Hombres;De 45 a 64 años;59,66666666;
Benalúa;2011;Demandantes;Hombres;TOTAL;234,08333334;
Benalúa;2011;Demandantes;Mujeres;De 16 a 29 años;66,66666665;
Benalúa;2011;Demandantes;Mujeres;De 30 a 44 años;79,83333333;
Benalúa;2011;Demandantes;Mujeres;De 45 a 64 años;27,99999999;
Benalúa;2011;Demandantes;Mujeres;TOTAL;174,49999997;
Benalúa;2011;Demandantes;Ambos sexos;De 16 a 29 años;148;
Benalúa;2011;Demandantes;Ambos sexos;De 30 a 44 años;172,91666666;
Benalúa;2011;Demandantes;Ambos sexos;De 45 a 64 años;87,66666665;
Benalúa;2011;Demandantes;Ambos sexos;TOTAL;408,58333331;
Benalúa;2012;Demandantes;Hombres;De 16 a 29 años;85,25000001;
Benalúa;2012;Demandantes;Hombres;De 30 a 44 años;114,74999999;
Benalúa;2012;Demandantes;Hombres;De 45 a 64 años;90,25000002;
Benalúa;2012;Demandantes;Hombres;TOTAL;290,25000002;
Benalúa;2012;Demandantes;Mujeres;De 16 a 29 años;75,16666667;
Benalúa;2012;Demandantes;Mujeres;De 30 a 44 años;102,75000002;
Benalúa;2012;Demandantes;Mujeres;De 45 a 64 años;34,75000001;
Benalúa;2012;Demandantes;Mujeres;TOTAL;212,6666667;
Benalúa;2012;Demandantes;Ambos sexos;De 16 a 29 años;160,41666668;
Benalúa;2012;Demandantes;Ambos sexos;De 30 a 44 años;217,50000001;
Benalúa;2012;Demandantes;Ambos sexos;De 45 a 64 años;125,00000003;
Benalúa;2012;Demandantes;Ambos sexos;TOTAL;502,91666672;
Benalúa de las Villas;2010;Demandantes;Hombres;De 16 a 29 años;8,33333334;
Benalúa de las Villas;2010;Demandantes;Hombres;De 30 a 44 años;11,83333334;
Benalúa de las Villas;2010;Demandantes;Hombres;De 45 a 64 años;14,74999999;
Benalúa de las Villas;2010;Demandantes;Hombres;TOTAL;34,91666667;
Benalúa de las Villas;2010;Demandantes;Mujeres;De 16 a 29 años;6,83333333;
Benalúa de las Villas;2010;Demandantes;Mujeres;De 30 a 44 años;9,25;
Benalúa de las Villas;2010;Demandantes;Mujeres;De 45 a 64 años;4,58333334;
Benalúa de las Villas;2010;Demandantes;Mujeres;TOTAL;20,66666667;
Benalúa de las Villas;2010;Demandantes;Ambos sexos;De 16 a 29 años;15,16666667;
Benalúa de las Villas;2010;Demandantes;Ambos sexos;De 30 a 44 años;21,08333334;
Benalúa de las Villas;2010;Demandantes;Ambos sexos;De 45 a 64 años;19,33333333;
Benalúa de las Villas;2010;Demandantes;Ambos sexos;TOTAL;55,58333334;
Benalúa de las Villas;2011;Demandantes;Hombres;De 16 a 29 años;12;
Benalúa de las Villas;2011;Demandantes;Hombres;De 30 a 44 años;11,5;
Benalúa de las Villas;2011;Demandantes;Hombres;De 45 a 64 años;14,83333334;
Benalúa de las Villas;2011;Demandantes;Hombres;TOTAL;38,33333334;
Benalúa de las Villas;2011;Demandantes;Mujeres;De 16 a 29 años;9,41666666;
Benalúa de las Villas;2011;Demandantes;Mujeres;De 30 a 44 años;11,66666667;
Benalúa de las Villas;2011;Demandantes;Mujeres;De 45 a 64 años;3,16666666;
Benalúa de las Villas;2011;Demandantes;Mujeres;TOTAL;24,24999999;
Benalúa de las Villas;2011;Demandantes;Ambos sexos;De 16 a 29 años;21,41666666;
Benalúa de las Villas;2011;Demandantes;Ambos sexos;De 30 a 44 años;23,16666667;
Benalúa de las Villas;2011;Demandantes;Ambos sexos;De 45 a 64 años;18;
Benalúa de las Villas;2011;Demandantes;Ambos sexos;TOTAL;62,58333333;
Benalúa de las Villas;2012;Demandantes;Hombres;De 16 a 29 años;7,16666667;
Benalúa de las Villas;2012;Demandantes;Hombres;De 30 a 44 años;16,16666667;
Benalúa de las Villas;2012;Demandantes;Hombres;De 45 a 64 años;23,24999999;
Benalúa de las Villas;2012;Demandantes;Hombres;TOTAL;46,58333333;
Benalúa de las Villas;2012;Demandantes;Mujeres;De 16 a 29 años;14,58333334;
Benalúa de las Villas;2012;Demandantes;Mujeres;De 30 a 44 años;12,08333332;
Benalúa de las Villas;2012;Demandantes;Mujeres;De 45 a 64 años;5,75;
Benalúa de las Villas;2012;Demandantes;Mujeres;TOTAL;32,41666666;
Benalúa de las Villas;2012;Demandantes;Ambos sexos;De 16 a 29 años;21,75000001;
Benalúa de las Villas;2012;Demandantes;Ambos sexos;De 30 a 44 años;28,24999999;
Benalúa de las Villas;2012;Demandantes;Ambos sexos;De 45 a 64 años;28,99999999;
Benalúa de las Villas;2012;Demandantes;Ambos sexos;TOTAL;78,99999999;
Benamaurel;2010;Demandantes;Hombres;De 16 a 29 años;23,49999999;
Benamaurel;2010;Demandantes;Hombres;De 30 a 44 años;33,16666667;
Benamaurel;2010;Demandantes;Hombres;De 45 a 64 años;33,16666666;
Benamaurel;2010;Demandantes;Hombres;TOTAL;89,83333332;
Benamaurel;2010;Demandantes;Mujeres;De 16 a 29 años;12,83333334;
Benamaurel;2010;Demandantes;Mujeres;De 30 a 44 años;23,41666667;
Benamaurel;2010;Demandantes;Mujeres;De 45 a 64 años;12,16666667;
Benamaurel;2010;Demandantes;Mujeres;TOTAL;48,41666668;
Benamaurel;2010;Demandantes;Ambos sexos;De 16 a 29 años;36,33333333;
Benamaurel;2010;Demandantes;Ambos sexos;De 30 a 44 años;56,58333334;
Benamaurel;2010;Demandantes;Ambos sexos;De 45 a 64 años;45,33333333;
Benamaurel;2010;Demandantes;Ambos sexos;TOTAL;138,25;
Benamaurel;2011;Demandantes;Hombres;De 16 a 29 años;26,83333332;
Benamaurel;2011;Demandantes;Hombres;De 30 a 44 años;32;
Benamaurel;2011;Demandantes;Hombres;De 45 a 64 años;35,33333334;
Benamaurel;2011;Demandantes;Hombres;TOTAL;94,16666666;
Benamaurel;2011;Demandantes;Mujeres;De 16 a 29 años;20;
Benamaurel;2011;Demandantes;Mujeres;De 30 a 44 años;19,41666668;
Benamaurel;2011;Demandantes;Mujeres;De 45 a 64 años;14,16666666;
Benamaurel;2011;Demandantes;Mujeres;TOTAL;53,58333334;
Benamaurel;2011;Demandantes;Ambos sexos;De 16 a 29 años;46,83333332;
Benamaurel;2011;Demandantes;Ambos sexos;De 30 a 44 años;51,41666668;
Benamaurel;2011;Demandantes;Ambos sexos;De 45 a 64 años;49,5;
Benamaurel;2011;Demandantes;Ambos sexos;TOTAL;147,75;
Benamaurel;2012;Demandantes;Hombres;De 16 a 29 años;23,74999998;
Benamaurel;2012;Demandantes;Hombres;De 30 a 44 años;39,91666666;
Benamaurel;2012;Demandantes;Hombres;De 45 a 64 años;43,08333334;
Benamaurel;2012;Demandantes;Hombres;TOTAL;106,74999998;
Benamaurel;2012;Demandantes;Mujeres;De 16 a 29 años;20,91666667;
Benamaurel;2012;Demandantes;Mujeres;De 30 a 44 años;27,00000002;
Benamaurel;2012;Demandantes;Mujeres;De 45 a 64 años;19,16666666;
Benamaurel;2012;Demandantes;Mujeres;TOTAL;67,08333335;
Benamaurel;2012;Demandantes;Ambos sexos;De 16 a 29 años;44,66666665;
Benamaurel;2012;Demandantes;Ambos sexos;De 30 a 44 años;66,91666668;
Benamaurel;2012;Demandantes;Ambos sexos;De 45 a 64 años;62,25;
Benamaurel;2012;Demandantes;Ambos sexos;TOTAL;173,83333333;
Bérchules;2010;Demandantes;Hombres;De 16 a 29 años;4,83333333;
Bérchules;2010;Demandantes;Hombres;De 30 a 44 años;9,50000001;
Bérchules;2010;Demandantes;Hombres;De 45 a 64 años;10,91666667;
Bérchules;2010;Demandantes;Hombres;TOTAL;25,25000001;
Bérchules;2010;Demandantes;Mujeres;De 16 a 29 años;4,58333333;
Bérchules;2010;Demandantes;Mujeres;De 30 a 44 años;7,33333333;
Bérchules;2010;Demandantes;Mujeres;De 45 a 64 años;5;
Bérchules;2010;Demandantes;Mujeres;TOTAL;16,91666666;
Bérchules;2010;Demandantes;Ambos sexos;De 16 a 29 años;9,41666666;
Bérchules;2010;Demandantes;Ambos sexos;De 30 a 44 años;16,83333334;
Bérchules;2010;Demandantes;Ambos sexos;De 45 a 64 años;15,91666667;
Bérchules;2010;Demandantes;Ambos sexos;TOTAL;42,16666667;
Bérchules;2011;Demandantes;Hombres;De 16 a 29 años;4,58333333;
Bérchules;2011;Demandantes;Hombres;De 30 a 44 años;11,75;
Bérchules;2011;Demandantes;Hombres;De 45 a 64 años;12,16666666;
Bérchules;2011;Demandantes;Hombres;TOTAL;28,49999999;
Bérchules;2011;Demandantes;Mujeres;De 16 a 29 años;4,5;
Bérchules;2011;Demandantes;Mujeres;De 30 a 44 años;6,41666667;
Bérchules;2011;Demandantes;Mujeres;De 45 a 64 años;7,66666668;
Bérchules;2011;Demandantes;Mujeres;TOTAL;18,58333335;
Bérchules;2011;Demandantes;Ambos sexos;De 16 a 29 años;9,08333333;
Bérchules;2011;Demandantes;Ambos sexos;De 30 a 44 años;18,16666667;
Bérchules;2011;Demandantes;Ambos sexos;De 45 a 64 años;19,83333334;
Bérchules;2011;Demandantes;Ambos sexos;TOTAL;47,08333334;
Bérchules;2012;Demandantes;Hombres;De 16 a 29 años;5,49999999;
Bérchules;2012;Demandantes;Hombres;De 30 a 44 años;13,99999999;
Bérchules;2012;Demandantes;Hombres;De 45 a 64 años;14,91666667;
Bérchules;2012;Demandantes;Hombres;TOTAL;34,41666665;
Bérchules;2012;Demandantes;Mujeres;De 16 a 29 años;8,33333333;
Bérchules;2012;Demandantes;Mujeres;De 30 a 44 años;10,91666666;
Bérchules;2012;Demandantes;Mujeres;De 45 a 64 años;11,25;
Bérchules;2012;Demandantes;Mujeres;TOTAL;30,49999999;
Bérchules;2012;Demandantes;Ambos sexos;De 16 a 29 años;13,83333332;
Bérchules;2012;Demandantes;Ambos sexos;De 30 a 44 años;24,91666665;
Bérchules;2012;Demandantes;Ambos sexos;De 45 a 64 años;26,16666667;
Bérchules;2012;Demandantes;Ambos sexos;TOTAL;64,91666664;
Bubión;2010;Demandantes;Hombres;De 16 a 29 años;3,49999998;
Bubión;2010;Demandantes;Hombres;De 30 a 44 años;3,66666666;
Bubión;2010;Demandantes;Hombres;De 45 a 64 años;9,5;
Bubión;2010;Demandantes;Hombres;TOTAL;16,66666664;
Bubión;2010;Demandantes;Mujeres;De 16 a 29 años;1,91666667;
Bubión;2010;Demandantes;Mujeres;De 30 a 44 años;4,08333333;
Bubión;2010;Demandantes;Mujeres;De 45 a 64 años;6,41666667;
Bubión;2010;Demandantes;Mujeres;TOTAL;12,41666667;
Bubión;2010;Demandantes;Ambos sexos;De 16 a 29 años;5,41666665;
Bubión;2010;Demandantes;Ambos sexos;De 30 a 44 años;7,74999999;
Bubión;2010;Demandantes;Ambos sexos;De 45 a 64 años;15,91666667;
Bubión;2010;Demandantes;Ambos sexos;TOTAL;29,08333331;
Bubión;2011;Demandantes;Hombres;De 16 a 29 años;6,08333333;
Bubión;2011;Demandantes;Hombres;De 30 a 44 años;5,83333335;
Bubión;2011;Demandantes;Hombres;De 45 a 64 años;11,08333333;
Bubión;2011;Demandantes;Hombres;TOTAL;23,00000001;
Bubión;2011;Demandantes;Mujeres;De 16 a 29 años;2,5;
Bubión;2011;Demandantes;Mujeres;De 30 a 44 años;9,16666667;
Bubión;2011;Demandantes;Mujeres;De 45 a 64 años;9;
Bubión;2011;Demandantes;Mujeres;TOTAL;20,66666667;
Bubión;2011;Demandantes;Ambos sexos;De 16 a 29 años;8,58333333;
Bubión;2011;Demandantes;Ambos sexos;De 30 a 44 años;15,00000002;
Bubión;2011;Demandantes;Ambos sexos;De 45 a 64 años;20,08333333;
Bubión;2011;Demandantes;Ambos sexos;TOTAL;43,66666668;
Bubión;2012;Demandantes;Hombres;De 16 a 29 años;5,08333334;
Bubión;2012;Demandantes;Hombres;De 30 a 44 años;9,41666666;
Bubión;2012;Demandantes;Hombres;De 45 a 64 años;14,08333334;
Bubión;2012;Demandantes;Hombres;TOTAL;28,58333334;
Bubión;2012;Demandantes;Mujeres;De 16 a 29 años;6,91666667;
Bubión;2012;Demandantes;Mujeres;De 30 a 44 años;11;
Bubión;2012;Demandantes;Mujeres;De 45 a 64 años;16,75;
Bubión;2012;Demandantes;Mujeres;TOTAL;34,66666667;
Bubión;2012;Demandantes;Ambos sexos;De 16 a 29 años;12,00000001;
Bubión;2012;Demandantes;Ambos sexos;De 30 a 44 años;20,41666666;
Bubión;2012;Demandantes;Ambos sexos;De 45 a 64 años;30,83333334;
Bubión;2012;Demandantes;Ambos sexos;TOTAL;63,25000001;
Busquístar;2010;Demandantes;Hombres;De 16 a 29 años;2,83333334;
Busquístar;2010;Demandantes;Hombres;De 30 a 44 años;5,66666667;
Busquístar;2010;Demandantes;Hombres;De 45 a 64 años;6,25000001;
Busquístar;2010;Demandantes;Hombres;TOTAL;14,75000002;
Busquístar;2010;Demandantes;Mujeres;De 16 a 29 años;3,91666666;
Busquístar;2010;Demandantes;Mujeres;De 30 a 44 años;4,75;
Busquístar;2010;Demandantes;Mujeres;De 45 a 64 años;2,83333333;
Busquístar;2010;Demandantes;Mujeres;TOTAL;11,49999999;
Busquístar;2010;Demandantes;Ambos sexos;De 16 a 29 años;6,75;
Busquístar;2010;Demandantes;Ambos sexos;De 30 a 44 años;10,41666667;
Busquístar;2010;Demandantes;Ambos sexos;De 45 a 64 años;9,08333334;
Busquístar;2010;Demandantes;Ambos sexos;TOTAL;26,25000001;
Busquístar;2011;Demandantes;Hombres;De 16 a 29 años;2,08333333;
Busquístar;2011;Demandantes;Hombres;De 30 a 44 años;6,25000001;
Busquístar;2011;Demandantes;Hombres;De 45 a 64 años;5,91666666;
Busquístar;2011;Demandantes;Hombres;TOTAL;14,25;
Busquístar;2011;Demandantes;Mujeres;De 16 a 29 años;2,91666668;
Busquístar;2011;Demandantes;Mujeres;De 30 a 44 años;12,25000001;
Busquístar;2011;Demandantes;Mujeres;De 45 a 64 años;4,58333333;
Busquístar;2011;Demandantes;Mujeres;TOTAL;19,75000002;
Busquístar;2011;Demandantes;Ambos sexos;De 16 a 29 años;5,00000001;
Busquístar;2011;Demandantes;Ambos sexos;De 30 a 44 años;18,50000002;
Busquístar;2011;Demandantes;Ambos sexos;De 45 a 64 años;10,49999999;
Busquístar;2011;Demandantes;Ambos sexos;TOTAL;34,00000002;
Busquístar;2012;Demandantes;Hombres;De 16 a 29 años;4,83333334;
Busquístar;2012;Demandantes;Hombres;De 30 a 44 años;9,66666667;
Busquístar;2012;Demandantes;Hombres;De 45 a 64 años;7,33333334;
Busquístar;2012;Demandantes;Hombres;TOTAL;21,83333335;
Busquístar;2012;Demandantes;Mujeres;De 16 a 29 años;5,58333332;
Busquístar;2012;Demandantes;Mujeres;De 30 a 44 años;11,91666666;
Busquístar;2012;Demandantes;Mujeres;De 45 a 64 años;5,5;
Busquístar;2012;Demandantes;Mujeres;TOTAL;22,99999998;
Busquístar;2012;Demandantes;Ambos sexos;De 16 a 29 años;10,41666666;
Busquístar;2012;Demandantes;Ambos sexos;De 30 a 44 años;21,58333333;
Busquístar;2012;Demandantes;Ambos sexos;De 45 a 64 años;12,83333334;
Busquístar;2012;Demandantes;Ambos sexos;TOTAL;44,83333333;
Cacín;2010;Demandantes;Hombres;De 16 a 29 años;6,58333334;
Cacín;2010;Demandantes;Hombres;De 30 a 44 años;7,33333333;
Cacín;2010;Demandantes;Hombres;De 45 a 64 años;6,91666666;
Cacín;2010;Demandantes;Hombres;TOTAL;20,83333333;
Cacín;2010;Demandantes;Mujeres;De 16 a 29 años;6,08333334;
Cacín;2010;Demandantes;Mujeres;De 30 a 44 años;3,75;
Cacín;2010;Demandantes;Mujeres;De 45 a 64 años;5,16666667;
Cacín;2010;Demandantes;Mujeres;TOTAL;15,00000001;
Cacín;2010;Demandantes;Ambos sexos;De 16 a 29 años;12,66666668;
Cacín;2010;Demandantes;Ambos sexos;De 30 a 44 años;11,08333333;
Cacín;2010;Demandantes;Ambos sexos;De 45 a 64 años;12,08333333;
Cacín;2010;Demandantes;Ambos sexos;TOTAL;35,83333334;
Cacín;2011;Demandantes;Hombres;De 16 a 29 años;4,66666666;
Cacín;2011;Demandantes;Hombres;De 30 a 44 años;6,58333333;
Cacín;2011;Demandantes;Hombres;De 45 a 64 años;9,75;
Cacín;2011;Demandantes;Hombres;TOTAL;20,99999999;
Cacín;2011;Demandantes;Mujeres;De 16 a 29 años;4,83333333;
Cacín;2011;Demandantes;Mujeres;De 30 a 44 años;4,41666666;
Cacín;2011;Demandantes;Mujeres;De 45 a 64 años;5,58333333;
Cacín;2011;Demandantes;Mujeres;TOTAL;14,83333332;
Cacín;2011;Demandantes;Ambos sexos;De 16 a 29 años;9,49999999;
Cacín;2011;Demandantes;Ambos sexos;De 30 a 44 años;10,99999999;
Cacín;2011;Demandantes;Ambos sexos;De 45 a 64 años;15,33333333;
Cacín;2011;Demandantes;Ambos sexos;TOTAL;35,83333331;
Cacín;2012;Demandantes;Hombres;De 16 a 29 años;4,41666667;
Cacín;2012;Demandantes;Hombres;De 30 a 44 años;8,41666668;
Cacín;2012;Demandantes;Hombres;De 45 a 64 años;12,33333333;
Cacín;2012;Demandantes;Hombres;TOTAL;25,16666668;
Cacín;2012;Demandantes;Mujeres;De 16 a 29 años;4,16666668;
Cacín;2012;Demandantes;Mujeres;De 30 a 44 años;5,91666667;
Cacín;2012;Demandantes;Mujeres;De 45 a 64 años;6,91666666;
Cacín;2012;Demandantes;Mujeres;TOTAL;17,00000001;
Cacín;2012;Demandantes;Ambos sexos;De 16 a 29 años;8,58333335;
Cacín;2012;Demandantes;Ambos sexos;De 30 a 44 años;14,33333335;
Cacín;2012;Demandantes;Ambos sexos;De 45 a 64 años;19,24999999;
Cacín;2012;Demandantes;Ambos sexos;TOTAL;42,16666669;
Cádiar;2010;Demandantes;Hombres;De 16 a 29 años;14,66666666;
Cádiar;2010;Demandantes;Hombres;De 30 a 44 años;28,08333334;
Cádiar;2010;Demandantes;Hombres;De 45 a 64 años;19,75;
Cádiar;2010;Demandantes;Hombres;TOTAL;62,5;
Cádiar;2010;Demandantes;Mujeres;De 16 a 29 años;11,16666667;
Cádiar;2010;Demandantes;Mujeres;De 30 a 44 años;15,58333332;
Cádiar;2010;Demandantes;Mujeres;De 45 a 64 años;11,58333334;
Cádiar;2010;Demandantes;Mujeres;TOTAL;38,33333333;
Cádiar;2010;Demandantes;Ambos sexos;De 16 a 29 años;25,83333333;
Cádiar;2010;Demandantes;Ambos sexos;De 30 a 44 años;43,66666666;
Cádiar;2010;Demandantes;Ambos sexos;De 45 a 64 años;31,33333334;
Cádiar;2010;Demandantes;Ambos sexos;TOTAL;100,83333333;
Cádiar;2011;Demandantes;Hombres;De 16 a 29 años;20,33333332;
Cádiar;2011;Demandantes;Hombres;De 30 a 44 años;24,99999999;
Cádiar;2011;Demandantes;Hombres;De 45 a 64 años;22,41666669;
Cádiar;2011;Demandantes;Hombres;TOTAL;67,75;
Cádiar;2011;Demandantes;Mujeres;De 16 a 29 años;12,16666666;
Cádiar;2011;Demandantes;Mujeres;De 30 a 44 años;16,33333333;
Cádiar;2011;Demandantes;Mujeres;De 45 a 64 años;14,08333332;
Cádiar;2011;Demandantes;Mujeres;TOTAL;42,58333331;
Cádiar;2011;Demandantes;Ambos sexos;De 16 a 29 años;32,49999998;
Cádiar;2011;Demandantes;Ambos sexos;De 30 a 44 años;41,33333332;
Cádiar;2011;Demandantes;Ambos sexos;De 45 a 64 años;36,50000001;
Cádiar;2011;Demandantes;Ambos sexos;TOTAL;110,33333331;
Cádiar;2012;Demandantes;Hombres;De 16 a 29 años;21,08333333;
Cádiar;2012;Demandantes;Hombres;De 30 a 44 años;24,41666667;
Cádiar;2012;Demandantes;Hombres;De 45 a 64 años;32,33333333;
Cádiar;2012;Demandantes;Hombres;TOTAL;77,83333333;
Cádiar;2012;Demandantes;Mujeres;De 16 a 29 años;17,33333333;
Cádiar;2012;Demandantes;Mujeres;De 30 a 44 años;13,91666666;
Cádiar;2012;Demandantes;Mujeres;De 45 a 64 años;14,83333334;
Cádiar;2012;Demandantes;Mujeres;TOTAL;46,08333333;
Cádiar;2012;Demandantes;Ambos sexos;De 16 a 29 años;38,41666666;
Cádiar;2012;Demandantes;Ambos sexos;De 30 a 44 años;38,33333333;
Cádiar;2012;Demandantes;Ambos sexos;De 45 a 64 años;47,16666667;
Cádiar;2012;Demandantes;Ambos sexos;TOTAL;123,91666666;
Cájar;2010;Demandantes;Hombres;De 16 a 29 años;40,83333331;
Cájar;2010;Demandantes;Hombres;De 30 a 44 años;90,50000001;
Cájar;2010;Demandantes;Hombres;De 45 a 64 años;56,75;
Cájar;2010;Demandantes;Hombres;TOTAL;188,08333332;
Cájar;2010;Demandantes;Mujeres;De 16 a 29 años;36,66666666;
Cájar;2010;Demandantes;Mujeres;De 30 a 44 años;99,25000002;
Cájar;2010;Demandantes;Mujeres;De 45 a 64 años;66,33333335;
Cájar;2010;Demandantes;Mujeres;TOTAL;202,25000003;
Cájar;2010;Demandantes;Ambos sexos;De 16 a 29 años;77,49999997;
Cájar;2010;Demandantes;Ambos sexos;De 30 a 44 años;189,75000003;
Cájar;2010;Demandantes;Ambos sexos;De 45 a 64 años;123,08333335;
Cájar;2010;Demandantes;Ambos sexos;TOTAL;390,33333335;
Cájar;2011;Demandantes;Hombres;De 16 a 29 años;49,08333331;
Cájar;2011;Demandantes;Hombres;De 30 a 44 años;87,24999999;
Cájar;2011;Demandantes;Hombres;De 45 a 64 años;64;
Cájar;2011;Demandantes;Hombres;TOTAL;200,3333333;
Cájar;2011;Demandantes;Mujeres;De 16 a 29 años;36,41666666;
Cájar;2011;Demandantes;Mujeres;De 30 a 44 años;99,41666667;
Cájar;2011;Demandantes;Mujeres;De 45 a 64 años;70,74999997;
Cájar;2011;Demandantes;Mujeres;TOTAL;206,5833333;
Cájar;2011;Demandantes;Ambos sexos;De 16 a 29 años;85,49999997;
Cájar;2011;Demandantes;Ambos sexos;De 30 a 44 años;186,66666666;
Cájar;2011;Demandantes;Ambos sexos;De 45 a 64 años;134,74999997;
Cájar;2011;Demandantes;Ambos sexos;TOTAL;406,9166666;
Cájar;2012;Demandantes;Hombres;De 16 a 29 años;53,25;
Cájar;2012;Demandantes;Hombres;De 30 a 44 años;102,41666666;
Cájar;2012;Demandantes;Hombres;De 45 a 64 años;85,91666667;
Cájar;2012;Demandantes;Hombres;TOTAL;241,58333333;
Cájar;2012;Demandantes;Mujeres;De 16 a 29 años;43,16666667;
Cájar;2012;Demandantes;Mujeres;De 30 a 44 años;101,66666667;
Cájar;2012;Demandantes;Mujeres;De 45 a 64 años;81,33333331;
Cájar;2012;Demandantes;Mujeres;TOTAL;226,16666665;
Cájar;2012;Demandantes;Ambos sexos;De 16 a 29 años;96,41666667;
Cájar;2012;Demandantes;Ambos sexos;De 30 a 44 años;204,08333333;
Cájar;2012;Demandantes;Ambos sexos;De 45 a 64 años;167,24999998;
Cájar;2012;Demandantes;Ambos sexos;TOTAL;467,74999998;
Calicasas;2010;Demandantes;Hombres;De 16 a 29 años;11,33333334;
Calicasas;2010;Demandantes;Hombres;De 30 a 44 años;15,66666668;
Calicasas;2010;Demandantes;Hombres;De 45 a 64 años;10,5;
Calicasas;2010;Demandantes;Hombres;TOTAL;37,50000002;
Calicasas;2010;Demandantes;Mujeres;De 16 a 29 años;6,66666667;
Calicasas;2010;Demandantes;Mujeres;De 30 a 44 años;12,16666666;
Calicasas;2010;Demandantes;Mujeres;De 45 a 64 años;2,5;
Calicasas;2010;Demandantes;Mujeres;TOTAL;21,33333333;
Calicasas;2010;Demandantes;Ambos sexos;De 16 a 29 años;18,00000001;
Calicasas;2010;Demandantes;Ambos sexos;De 30 a 44 años;27,83333334;
Calicasas;2010;Demandantes;Ambos sexos;De 45 a 64 años;13;
Calicasas;2010;Demandantes;Ambos sexos;TOTAL;58,83333335;
Calicasas;2011;Demandantes;Hombres;De 16 a 29 años;11,25000001;
Calicasas;2011;Demandantes;Hombres;De 30 a 44 años;15,5;
Calicasas;2011;Demandantes;Hombres;De 45 a 64 años;12,75;
Calicasas;2011;Demandantes;Hombres;TOTAL;39,50000001;
Calicasas;2011;Demandantes;Mujeres;De 16 a 29 años;7,83333334;
Calicasas;2011;Demandantes;Mujeres;De 30 a 44 años;13,41666666;
Calicasas;2011;Demandantes;Mujeres;De 45 a 64 años;1,5;
Calicasas;2011;Demandantes;Mujeres;TOTAL;22,75;
Calicasas;2011;Demandantes;Ambos sexos;De 16 a 29 años;19,08333335;
Calicasas;2011;Demandantes;Ambos sexos;De 30 a 44 años;28,91666666;
Calicasas;2011;Demandantes;Ambos sexos;De 45 a 64 años;14,25;
Calicasas;2011;Demandantes;Ambos sexos;TOTAL;62,25000001;
Calicasas;2012;Demandantes;Hombres;De 16 a 29 años;16;
Calicasas;2012;Demandantes;Hombres;De 30 a 44 años;18;
Calicasas;2012;Demandantes;Hombres;De 45 a 64 años;15,25;
Calicasas;2012;Demandantes;Hombres;TOTAL;49,25;
Calicasas;2012;Demandantes;Mujeres;De 16 a 29 años;7;
Calicasas;2012;Demandantes;Mujeres;De 30 a 44 años;15,08333332;
Calicasas;2012;Demandantes;Mujeres;De 45 a 64 años;3,58333334;
Calicasas;2012;Demandantes;Mujeres;TOTAL;25,66666666;
Calicasas;2012;Demandantes;Ambos sexos;De 16 a 29 años;23;
Calicasas;2012;Demandantes;Ambos sexos;De 30 a 44 años;33,08333332;
Calicasas;2012;Demandantes;Ambos sexos;De 45 a 64 años;18,83333334;
Calicasas;2012;Demandantes;Ambos sexos;TOTAL;74,91666666;
Campotéjar;2010;Demandantes;Hombres;De 16 a 29 años;12,08333331;
Campotéjar;2010;Demandantes;Hombres;De 30 a 44 años;20,58333331;
Campotéjar;2010;Demandantes;Hombres;De 45 a 64 años;18,08333332;
Campotéjar;2010;Demandantes;Hombres;TOTAL;50,74999994;
Campotéjar;2010;Demandantes;Mujeres;De 16 a 29 años;9,08333333;
Campotéjar;2010;Demandantes;Mujeres;De 30 a 44 años;11,25;
Campotéjar;2010;Demandantes;Mujeres;De 45 a 64 años;4,75;
Campotéjar;2010;Demandantes;Mujeres;TOTAL;25,08333333;
Campotéjar;2010;Demandantes;Ambos sexos;De 16 a 29 años;21,16666664;
Campotéjar;2010;Demandantes;Ambos sexos;De 30 a 44 años;31,83333331;
Campotéjar;2010;Demandantes;Ambos sexos;De 45 a 64 años;22,83333332;
Campotéjar;2010;Demandantes;Ambos sexos;TOTAL;75,83333327;
Campotéjar;2011;Demandantes;Hombres;De 16 a 29 años;14,58333333;
Campotéjar;2011;Demandantes;Hombres;De 30 a 44 años;19,66666666;
Campotéjar;2011;Demandantes;Hombres;De 45 a 64 años;18,66666665;
Campotéjar;2011;Demandantes;Hombres;TOTAL;52,91666664;
Campotéjar;2011;Demandantes;Mujeres;De 16 a 29 años;9,75;
Campotéjar;2011;Demandantes;Mujeres;De 30 a 44 años;10,91666667;
Campotéjar;2011;Demandantes;Mujeres;De 45 a 64 años;6,83333333;
Campotéjar;2011;Demandantes;Mujeres;TOTAL;27,5;
Campotéjar;2011;Demandantes;Ambos sexos;De 16 a 29 años;24,33333333;
Campotéjar;2011;Demandantes;Ambos sexos;De 30 a 44 años;30,58333333;
Campotéjar;2011;Demandantes;Ambos sexos;De 45 a 64 años;25,49999998;
Campotéjar;2011;Demandantes;Ambos sexos;TOTAL;80,41666664;
Campotéjar;2012;Demandantes;Hombres;De 16 a 29 años;16,24999999;
Campotéjar;2012;Demandantes;Hombres;De 30 a 44 años;22,91666668;
Campotéjar;2012;Demandantes;Hombres;De 45 a 64 años;28,33333333;
Campotéjar;2012;Demandantes;Hombres;TOTAL;67,5;
Campotéjar;2012;Demandantes;Mujeres;De 16 a 29 años;13,83333333;
Campotéjar;2012;Demandantes;Mujeres;De 30 a 44 años;13,33333334;
Campotéjar;2012;Demandantes;Mujeres;De 45 a 64 años;9,41666667;
Campotéjar;2012;Demandantes;Mujeres;TOTAL;36,58333334;
Campotéjar;2012;Demandantes;Ambos sexos;De 16 a 29 años;30,08333332;
Campotéjar;2012;Demandantes;Ambos sexos;De 30 a 44 años;36,25000002;
Campotéjar;2012;Demandantes;Ambos sexos;De 45 a 64 años;37,75;
Campotéjar;2012;Demandantes;Ambos sexos;TOTAL;104,08333334;
Caniles;2010;Demandantes;Hombres;De 16 a 29 años;37,66666667;
Caniles;2010;Demandantes;Hombres;De 30 a 44 años;56,74999998;
Caniles;2010;Demandantes;Hombres;De 45 a 64 años;37,66666665;
Caniles;2010;Demandantes;Hombres;TOTAL;132,0833333;
Caniles;2010;Demandantes;Mujeres;De 16 a 29 años;45,33333334;
Caniles;2010;Demandantes;Mujeres;De 30 a 44 años;46,99999999;
Caniles;2010;Demandantes;Mujeres;De 45 a 64 años;43,58333333;
Caniles;2010;Demandantes;Mujeres;TOTAL;135,91666666;
Caniles;2010;Demandantes;Ambos sexos;De 16 a 29 años;83,00000001;
Caniles;2010;Demandantes;Ambos sexos;De 30 a 44 años;103,74999997;
Caniles;2010;Demandantes;Ambos sexos;De 45 a 64 años;81,24999998;
Caniles;2010;Demandantes;Ambos sexos;TOTAL;267,99999996;
Caniles;2011;Demandantes;Hombres;De 16 a 29 años;57,99999999;
Caniles;2011;Demandantes;Hombres;De 30 a 44 años;60,83333332;
Caniles;2011;Demandantes;Hombres;De 45 a 64 años;46,08333333;
Caniles;2011;Demandantes;Hombres;TOTAL;164,91666664;
Caniles;2011;Demandantes;Mujeres;De 16 a 29 años;53,58333335;
Caniles;2011;Demandantes;Mujeres;De 30 a 44 años;57,66666668;
Caniles;2011;Demandantes;Mujeres;De 45 a 64 años;55,66666667;
Caniles;2011;Demandantes;Mujeres;TOTAL;166,9166667;
Caniles;2011;Demandantes;Ambos sexos;De 16 a 29 años;111,58333334;
Caniles;2011;Demandantes;Ambos sexos;De 30 a 44 años;118,5;
Caniles;2011;Demandantes;Ambos sexos;De 45 a 64 años;101,75;
Caniles;2011;Demandantes;Ambos sexos;TOTAL;331,83333334;
Caniles;2012;Demandantes;Hombres;De 16 a 29 años;58,41666667;
Caniles;2012;Demandantes;Hombres;De 30 a 44 años;70,74999998;
Caniles;2012;Demandantes;Hombres;De 45 a 64 años;65,24999998;
Caniles;2012;Demandantes;Hombres;TOTAL;194,41666663;
Caniles;2012;Demandantes;Mujeres;De 16 a 29 años;57,91666665;
Caniles;2012;Demandantes;Mujeres;De 30 a 44 años;65,16666667;
Caniles;2012;Demandantes;Mujeres;De 45 a 64 años;70,49999999;
Caniles;2012;Demandantes;Mujeres;TOTAL;193,58333331;
Caniles;2012;Demandantes;Ambos sexos;De 16 a 29 años;116,33333332;
Caniles;2012;Demandantes;Ambos sexos;De 30 a 44 años;135,91666665;
Caniles;2012;Demandantes;Ambos sexos;De 45 a 64 años;135,74999997;
Caniles;2012;Demandantes;Ambos sexos;TOTAL;387,99999994;
Cáñar;2010;Demandantes;Hombres;De 16 a 29 años;3,75;
Cáñar;2010;Demandantes;Hombres;De 30 a 44 años;6,83333331;
Cáñar;2010;Demandantes;Hombres;De 45 a 64 años;7,50000001;
Cáñar;2010;Demandantes;Hombres;TOTAL;18,08333332;
Cáñar;2010;Demandantes;Mujeres;De 16 a 29 años;3,33333334;
Cáñar;2010;Demandantes;Mujeres;De 30 a 44 años;5,83333333;
Cáñar;2010;Demandantes;Mujeres;De 45 a 64 años;1,75;
Cáñar;2010;Demandantes;Mujeres;TOTAL;10,91666667;
Cáñar;2010;Demandantes;Ambos sexos;De 16 a 29 años;7,08333334;
Cáñar;2010;Demandantes;Ambos sexos;De 30 a 44 años;12,66666664;
Cáñar;2010;Demandantes;Ambos sexos;De 45 a 64 años;9,25000001;
Cáñar;2010;Demandantes;Ambos sexos;TOTAL;28,99999999;
Cáñar;2011;Demandantes;Hombres;De 16 a 29 años;4,75;
Cáñar;2011;Demandantes;Hombres;De 30 a 44 años;11,75000001;
Cáñar;2011;Demandantes;Hombres;De 45 a 64 años;6,49999999;
Cáñar;2011;Demandantes;Hombres;TOTAL;23;
Cáñar;2011;Demandantes;Mujeres;De 16 a 29 años;3,00000001;
Cáñar;2011;Demandantes;Mujeres;De 30 a 44 años;6,58333334;
Cáñar;2011;Demandantes;Mujeres;De 45 a 64 años;3,91666668;
Cáñar;2011;Demandantes;Mujeres;TOTAL;13,50000003;
Cáñar;2011;Demandantes;Ambos sexos;De 16 a 29 años;7,75000001;
Cáñar;2011;Demandantes;Ambos sexos;De 30 a 44 años;18,33333335;
Cáñar;2011;Demandantes;Ambos sexos;De 45 a 64 años;10,41666667;
Cáñar;2011;Demandantes;Ambos sexos;TOTAL;36,50000003;
Cáñar;2012;Demandantes;Hombres;De 16 a 29 años;3,75;
Cáñar;2012;Demandantes;Hombres;De 30 a 44 años;10,99999999;
Cáñar;2012;Demandantes;Hombres;De 45 a 64 años;10,83333333;
Cáñar;2012;Demandantes;Hombres;TOTAL;25,58333332;
Cáñar;2012;Demandantes;Mujeres;De 16 a 29 años;3,75;
Cáñar;2012;Demandantes;Mujeres;De 30 a 44 años;9,75;
Cáñar;2012;Demandantes;Mujeres;De 45 a 64 años;8,91666667;
Cáñar;2012;Demandantes;Mujeres;TOTAL;22,41666667;
Cáñar;2012;Demandantes;Ambos sexos;De 16 a 29 años;7,5;
Cáñar;2012;Demandantes;Ambos sexos;De 30 a 44 años;20,74999999;
Cáñar;2012;Demandantes;Ambos sexos;De 45 a 64 años;19,75;
Cáñar;2012;Demandantes;Ambos sexos;TOTAL;47,99999999;
Capileira;2010;Demandantes;Hombres;De 16 a 29 años;6,33333333;
Capileira;2010;Demandantes;Hombres;De 30 a 44 años;8,83333334;
Capileira;2010;Demandantes;Hombres;De 45 a 64 años;10,49999999;
Capileira;2010;Demandantes;Hombres;TOTAL;25,66666666;
Capileira;2010;Demandantes;Mujeres;De 16 a 29 años;9,33333334;
Capileira;2010;Demandantes;Mujeres;De 30 a 44 años;10,91666667;
Capileira;2010;Demandantes;Mujeres;De 45 a 64 años;10,25000001;
Capileira;2010;Demandantes;Mujeres;TOTAL;30,50000002;
Capileira;2010;Demandantes;Ambos sexos;De 16 a 29 años;15,66666667;
Capileira;2010;Demandantes;Ambos sexos;De 30 a 44 años;19,75000001;
Capileira;2010;Demandantes;Ambos sexos;De 45 a 64 años;20,75;
Capileira;2010;Demandantes;Ambos sexos;TOTAL;56,16666668;
Capileira;2011;Demandantes;Hombres;De 16 a 29 años;5,24999999;
Capileira;2011;Demandantes;Hombres;De 30 a 44 años;9,41666667;
Capileira;2011;Demandantes;Hombres;De 45 a 64 años;11,91666667;
Capileira;2011;Demandantes;Hombres;TOTAL;26,58333333;
Capileira;2011;Demandantes;Mujeres;De 16 a 29 años;7,66666667;
Capileira;2011;Demandantes;Mujeres;De 30 a 44 años;9,25000001;
Capileira;2011;Demandantes;Mujeres;De 45 a 64 años;10,25000001;
Capileira;2011;Demandantes;Mujeres;TOTAL;27,16666669;
Capileira;2011;Demandantes;Ambos sexos;De 16 a 29 años;12,91666666;
Capileira;2011;Demandantes;Ambos sexos;De 30 a 44 años;18,66666668;
Capileira;2011;Demandantes;Ambos sexos;De 45 a 64 años;22,16666668;
Capileira;2011;Demandantes;Ambos sexos;TOTAL;53,75000002;
Capileira;2012;Demandantes;Hombres;De 16 a 29 años;9,83333334;
Capileira;2012;Demandantes;Hombres;De 30 a 44 años;13,58333334;
Capileira;2012;Demandantes;Hombres;De 45 a 64 años;15,91666668;
Capileira;2012;Demandantes;Hombres;TOTAL;39,33333336;
Capileira;2012;Demandantes;Mujeres;De 16 a 29 años;6,33333333;
Capileira;2012;Demandantes;Mujeres;De 30 a 44 años;12,41666667;
Capileira;2012;Demandantes;Mujeres;De 45 a 64 años;14,41666668;
Capileira;2012;Demandantes;Mujeres;TOTAL;33,16666668;
Capileira;2012;Demandantes;Ambos sexos;De 16 a 29 años;16,16666667;
Capileira;2012;Demandantes;Ambos sexos;De 30 a 44 años;26,00000001;
Capileira;2012;Demandantes;Ambos sexos;De 45 a 64 años;30,33333336;
Capileira;2012;Demandantes;Ambos sexos;TOTAL;72,50000004;
Carataunas;2010;Demandantes;Hombres;De 16 a 29 años;1,75000001;
Carataunas;2010;Demandantes;Hombres;De 30 a 44 años;4,58333334;
Carataunas;2010;Demandantes;Hombres;De 45 a 64 años;7,08333332;
Carataunas;2010;Demandantes;Hombres;TOTAL;13,41666667;
Carataunas;2010;Demandantes;Mujeres;De 16 a 29 años;1,16666667;
Carataunas;2010;Demandantes;Mujeres;De 30 a 44 años;0,58333333;
Carataunas;2010;Demandantes;Mujeres;De 45 a 64 años;3,5;
Carataunas;2010;Demandantes;Mujeres;TOTAL;5,25;
Carataunas;2010;Demandantes;Ambos sexos;De 16 a 29 años;2,91666668;
Carataunas;2010;Demandantes;Ambos sexos;De 30 a 44 años;5,16666667;
Carataunas;2010;Demandantes;Ambos sexos;De 45 a 64 años;10,58333332;
Carataunas;2010;Demandantes;Ambos sexos;TOTAL;18,66666667;
Carataunas;2011;Demandantes;Hombres;De 16 a 29 años;0,83333333;
Carataunas;2011;Demandantes;Hombres;De 30 a 44 años;4,74999999;
Carataunas;2011;Demandantes;Hombres;De 45 a 64 años;7,49999999;
Carataunas;2011;Demandantes;Hombres;TOTAL;13,08333331;
Carataunas;2011;Demandantes;Mujeres;De 16 a 29 años;2,25000001;
Carataunas;2011;Demandantes;Mujeres;De 30 a 44 años;0,99999999;
Carataunas;2011;Demandantes;Mujeres;De 45 a 64 años;2,5;
Carataunas;2011;Demandantes;Mujeres;TOTAL;5,75;
Carataunas;2011;Demandantes;Ambos sexos;De 16 a 29 años;3,08333334;
Carataunas;2011;Demandantes;Ambos sexos;De 30 a 44 años;5,74999998;
Carataunas;2011;Demandantes;Ambos sexos;De 45 a 64 años;9,99999999;
Carataunas;2011;Demandantes;Ambos sexos;TOTAL;18,83333331;
Carataunas;2012;Demandantes;Hombres;De 16 a 29 años;0,16666667;
Carataunas;2012;Demandantes;Hombres;De 30 a 44 años;3,58333333;
Carataunas;2012;Demandantes;Hombres;De 45 a 64 años;6,5;
Carataunas;2012;Demandantes;Hombres;TOTAL;10,25;
Carataunas;2012;Demandantes;Mujeres;De 16 a 29 años;1,16666667;
Carataunas;2012;Demandantes;Mujeres;De 30 a 44 años;3,75;
Carataunas;2012;Demandantes;Mujeres;De 45 a 64 años;5;
Carataunas;2012;Demandantes;Mujeres;TOTAL;9,91666667;
Carataunas;2012;Demandantes;Ambos sexos;De 16 a 29 años;1,33333334;
Carataunas;2012;Demandantes;Ambos sexos;De 30 a 44 años;7,33333333;
Carataunas;2012;Demandantes;Ambos sexos;De 45 a 64 años;11,5;
Carataunas;2012;Demandantes;Ambos sexos;TOTAL;20,16666667;
Cástaras;2010;Demandantes;Hombres;De 16 a 29 años;0,33333333;
Cástaras;2010;Demandantes;Hombres;De 30 a 44 años;0,91666667;
Cástaras;2010;Demandantes;Hombres;De 45 a 64 años;0,91666667;
Cástaras;2010;Demandantes;Hombres;TOTAL;2,16666667;
Cástaras;2010;Demandantes;Mujeres;De 16 a 29 años;-;
Cástaras;2010;Demandantes;Mujeres;De 30 a 44 años;0,08333333;
Cástaras;2010;Demandantes;Mujeres;De 45 a 64 años;0,41666667;
Cástaras;2010;Demandantes;Mujeres;TOTAL;0,5;
Cástaras;2010;Demandantes;Ambos sexos;De 16 a 29 años;0,33333333;
Cástaras;2010;Demandantes;Ambos sexos;De 30 a 44 años;1;
Cástaras;2010;Demandantes;Ambos sexos;De 45 a 64 años;1,33333334;
Cástaras;2010;Demandantes;Ambos sexos;TOTAL;2,66666667;
Cástaras;2011;Demandantes;Hombres;De 16 a 29 años;0,25;
Cástaras;2011;Demandantes;Hombres;De 30 a 44 años;0,83333333;
Cástaras;2011;Demandantes;Hombres;De 45 a 64 años;1,66666667;
Cástaras;2011;Demandantes;Hombres;TOTAL;2,75;
Cástaras;2011;Demandantes;Mujeres;De 16 a 29 años;-;
Cástaras;2011;Demandantes;Mujeres;De 30 a 44 años;0,16666667;
Cástaras;2011;Demandantes;Mujeres;De 45 a 64 años;1;
Cástaras;2011;Demandantes;Mujeres;TOTAL;1,16666667;
Cástaras;2011;Demandantes;Ambos sexos;De 16 a 29 años;0,25;
Cástaras;2011;Demandantes;Ambos sexos;De 30 a 44 años;1;
Cástaras;2011;Demandantes;Ambos sexos;De 45 a 64 años;2,66666667;
Cástaras;2011;Demandantes;Ambos sexos;TOTAL;3,91666667;
Cástaras;2012;Demandantes;Hombres;De 16 a 29 años;0,83333333;
Cástaras;2012;Demandantes;Hombres;De 30 a 44 años;2,50000001;
Cástaras;2012;Demandantes;Hombres;De 45 a 64 años;2;
Cástaras;2012;Demandantes;Hombres;TOTAL;5,33333334;
Cástaras;2012;Demandantes;Mujeres;De 16 a 29 años;-;
Cástaras;2012;Demandantes;Mujeres;De 30 a 44 años;1,25;
Cástaras;2012;Demandantes;Mujeres;De 45 a 64 años;1,58333333;
Cástaras;2012;Demandantes;Mujeres;TOTAL;2,83333333;
Cástaras;2012;Demandantes;Ambos sexos;De 16 a 29 años;0,83333333;
Cástaras;2012;Demandantes;Ambos sexos;De 30 a 44 años;3,75000001;
Cástaras;2012;Demandantes;Ambos sexos;De 45 a 64 años;3,58333333;
Cástaras;2012;Demandantes;Ambos sexos;TOTAL;8,16666667;
Castilléjar;2010;Demandantes;Hombres;De 16 a 29 años;9,41666667;
Castilléjar;2010;Demandantes;Hombres;De 30 a 44 años;18,83333332;
Castilléjar;2010;Demandantes;Hombres;De 45 a 64 años;16,50000002;
Castilléjar;2010;Demandantes;Hombres;TOTAL;44,75000001;
Castilléjar;2010;Demandantes;Mujeres;De 16 a 29 años;11;
Castilléjar;2010;Demandantes;Mujeres;De 30 a 44 años;14,5;
Castilléjar;2010;Demandantes;Mujeres;De 45 a 64 años;4,41666666;
Castilléjar;2010;Demandantes;Mujeres;TOTAL;29,91666666;
Castilléjar;2010;Demandantes;Ambos sexos;De 16 a 29 años;20,41666667;
Castilléjar;2010;Demandantes;Ambos sexos;De 30 a 44 años;33,33333332;
Castilléjar;2010;Demandantes;Ambos sexos;De 45 a 64 años;20,91666668;
Castilléjar;2010;Demandantes;Ambos sexos;TOTAL;74,66666667;
Castilléjar;2011;Demandantes;Hombres;De 16 a 29 años;9,58333333;
Castilléjar;2011;Demandantes;Hombres;De 30 a 44 años;18,5;
Castilléjar;2011;Demandantes;Hombres;De 45 a 64 años;19,41666666;
Castilléjar;2011;Demandantes;Hombres;TOTAL;47,49999999;
Castilléjar;2011;Demandantes;Mujeres;De 16 a 29 años;10,75000001;
Castilléjar;2011;Demandantes;Mujeres;De 30 a 44 años;15;
Castilléjar;2011;Demandantes;Mujeres;De 45 a 64 años;5,91666668;
Castilléjar;2011;Demandantes;Mujeres;TOTAL;31,66666669;
Castilléjar;2011;Demandantes;Ambos sexos;De 16 a 29 años;20,33333334;
Castilléjar;2011;Demandantes;Ambos sexos;De 30 a 44 años;33,5;
Castilléjar;2011;Demandantes;Ambos sexos;De 45 a 64 años;25,33333334;
Castilléjar;2011;Demandantes;Ambos sexos;TOTAL;79,16666668;
Castilléjar;2012;Demandantes;Hombres;De 16 a 29 años;5,83333333;
Castilléjar;2012;Demandantes;Hombres;De 30 a 44 años;17,58333334;
Castilléjar;2012;Demandantes;Hombres;De 45 a 64 años;22,83333333;
Castilléjar;2012;Demandantes;Hombres;TOTAL;46,25;
Castilléjar;2012;Demandantes;Mujeres;De 16 a 29 años;10,66666666;
Castilléjar;2012;Demandantes;Mujeres;De 30 a 44 años;15,00000001;
Castilléjar;2012;Demandantes;Mujeres;De 45 a 64 años;5,00000002;
Castilléjar;2012;Demandantes;Mujeres;TOTAL;30,66666669;
Castilléjar;2012;Demandantes;Ambos sexos;De 16 a 29 años;16,49999999;
Castilléjar;2012;Demandantes;Ambos sexos;De 30 a 44 años;32,58333335;
Castilléjar;2012;Demandantes;Ambos sexos;De 45 a 64 años;27,83333335;
Castilléjar;2012;Demandantes;Ambos sexos;TOTAL;76,91666669;
Castril;2010;Demandantes;Hombres;De 16 a 29 años;11,66666667;
Castril;2010;Demandantes;Hombres;De 30 a 44 años;29,66666666;
Castril;2010;Demandantes;Hombres;De 45 a 64 años;24,66666666;
Castril;2010;Demandantes;Hombres;TOTAL;65,99999999;
Castril;2010;Demandantes;Mujeres;De 16 a 29 años;15,08333333;
Castril;2010;Demandantes;Mujeres;De 30 a 44 años;20,75;
Castril;2010;Demandantes;Mujeres;De 45 a 64 años;14,25;
Castril;2010;Demandantes;Mujeres;TOTAL;50,08333333;
Castril;2010;Demandantes;Ambos sexos;De 16 a 29 años;26,75;
Castril;2010;Demandantes;Ambos sexos;De 30 a 44 años;50,41666666;
Castril;2010;Demandantes;Ambos sexos;De 45 a 64 años;38,91666666;
Castril;2010;Demandantes;Ambos sexos;TOTAL;116,08333332;
Castril;2011;Demandantes;Hombres;De 16 a 29 años;13,25;
Castril;2011;Demandantes;Hombres;De 30 a 44 años;28,33333333;
Castril;2011;Demandantes;Hombres;De 45 a 64 años;29,74999999;
Castril;2011;Demandantes;Hombres;TOTAL;71,33333332;
Castril;2011;Demandantes;Mujeres;De 16 a 29 años;14,41666667;
Castril;2011;Demandantes;Mujeres;De 30 a 44 años;31,66666668;
Castril;2011;Demandantes;Mujeres;De 45 a 64 años;13,33333333;
Castril;2011;Demandantes;Mujeres;TOTAL;59,41666668;
Castril;2011;Demandantes;Ambos sexos;De 16 a 29 años;27,66666667;
Castril;2011;Demandantes;Ambos sexos;De 30 a 44 años;60,00000001;
Castril;2011;Demandantes;Ambos sexos;De 45 a 64 años;43,08333332;
Castril;2011;Demandantes;Ambos sexos;TOTAL;130,75;
Castril;2012;Demandantes;Hombres;De 16 a 29 años;19,66666667;
Castril;2012;Demandantes;Hombres;De 30 a 44 años;32,00000001;
Castril;2012;Demandantes;Hombres;De 45 a 64 años;36,41666667;
Castril;2012;Demandantes;Hombres;TOTAL;88,08333335;
Castril;2012;Demandantes;Mujeres;De 16 a 29 años;19,58333334;
Castril;2012;Demandantes;Mujeres;De 30 a 44 años;30,5;
Castril;2012;Demandantes;Mujeres;De 45 a 64 años;18,91666667;
Castril;2012;Demandantes;Mujeres;TOTAL;69,00000001;
Castril;2012;Demandantes;Ambos sexos;De 16 a 29 años;39,25000001;
Castril;2012;Demandantes;Ambos sexos;De 30 a 44 años;62,50000001;
Castril;2012;Demandantes;Ambos sexos;De 45 a 64 años;55,33333334;
Castril;2012;Demandantes;Ambos sexos;TOTAL;157,08333336;
Cenes de la Vega;2010;Demandantes;Hombres;De 16 a 29 años;103,75;
Cenes de la Vega;2010;Demandantes;Hombres;De 30 a 44 años;203,99999998;
Cenes de la Vega;2010;Demandantes;Hombres;De 45 a 64 años;130,99999999;
Cenes de la Vega;2010;Demandantes;Hombres;TOTAL;438,74999997;
Cenes de la Vega;2010;Demandantes;Mujeres;De 16 a 29 años;96,83333336;
Cenes de la Vega;2010;Demandantes;Mujeres;De 30 a 44 años;223,58333336;
Cenes de la Vega;2010;Demandantes;Mujeres;De 45 a 64 años;103,83333332;
Cenes de la Vega;2010;Demandantes;Mujeres;TOTAL;424,25000004;
Cenes de la Vega;2010;Demandantes;Ambos sexos;De 16 a 29 años;200,58333336;
Cenes de la Vega;2010;Demandantes;Ambos sexos;De 30 a 44 años;427,58333334;
Cenes de la Vega;2010;Demandantes;Ambos sexos;De 45 a 64 años;234,83333331;
Cenes de la Vega;2010;Demandantes;Ambos sexos;TOTAL;863,00000001;
Cenes de la Vega;2011;Demandantes;Hombres;De 16 a 29 años;116,83333332;
Cenes de la Vega;2011;Demandantes;Hombres;De 30 a 44 años;203,83333334;
Cenes de la Vega;2011;Demandantes;Hombres;De 45 a 64 años;154,33333336;
Cenes de la Vega;2011;Demandantes;Hombres;TOTAL;475,00000002;
Cenes de la Vega;2011;Demandantes;Mujeres;De 16 a 29 años;99,08333333;
Cenes de la Vega;2011;Demandantes;Mujeres;De 30 a 44 años;223,24999997;
Cenes de la Vega;2011;Demandantes;Mujeres;De 45 a 64 años;114,08333334;
Cenes de la Vega;2011;Demandantes;Mujeres;TOTAL;436,41666664;
Cenes de la Vega;2011;Demandantes;Ambos sexos;De 16 a 29 años;215,91666665;
Cenes de la Vega;2011;Demandantes;Ambos sexos;De 30 a 44 años;427,08333331;
Cenes de la Vega;2011;Demandantes;Ambos sexos;De 45 a 64 años;268,4166667;
Cenes de la Vega;2011;Demandantes;Ambos sexos;TOTAL;911,41666666;
Cenes de la Vega;2012;Demandantes;Hombres;De 16 a 29 años;115,83333332;
Cenes de la Vega;2012;Demandantes;Hombres;De 30 a 44 años;212,91666666;
Cenes de la Vega;2012;Demandantes;Hombres;De 45 a 64 años;185,41666669;
Cenes de la Vega;2012;Demandantes;Hombres;TOTAL;514,16666667;
Cenes de la Vega;2012;Demandantes;Mujeres;De 16 a 29 años;93,75;
Cenes de la Vega;2012;Demandantes;Mujeres;De 30 a 44 años;239,58333333;
Cenes de la Vega;2012;Demandantes;Mujeres;De 45 a 64 años;146,33333335;
Cenes de la Vega;2012;Demandantes;Mujeres;TOTAL;479,66666668;
Cenes de la Vega;2012;Demandantes;Ambos sexos;De 16 a 29 años;209,58333332;
Cenes de la Vega;2012;Demandantes;Ambos sexos;De 30 a 44 años;452,49999999;
Cenes de la Vega;2012;Demandantes;Ambos sexos;De 45 a 64 años;331,75000004;
Cenes de la Vega;2012;Demandantes;Ambos sexos;TOTAL;993,83333335;
Chauchina;2010;Demandantes;Hombres;De 16 a 29 años;101,91666666;
Chauchina;2010;Demandantes;Hombres;De 30 a 44 años;133,66666667;
Chauchina;2010;Demandantes;Hombres;De 45 a 64 años;111,41666667;
Chauchina;2010;Demandantes;Hombres;TOTAL;347;
Chauchina;2010;Demandantes;Mujeres;De 16 a 29 años;64,24999999;
Chauchina;2010;Demandantes;Mujeres;De 30 a 44 años;99,49999999;
Chauchina;2010;Demandantes;Mujeres;De 45 a 64 años;35,33333332;
Chauchina;2010;Demandantes;Mujeres;TOTAL;199,0833333;
Chauchina;2010;Demandantes;Ambos sexos;De 16 a 29 años;166,16666665;
Chauchina;2010;Demandantes;Ambos sexos;De 30 a 44 años;233,16666666;
Chauchina;2010;Demandantes;Ambos sexos;De 45 a 64 años;146,74999999;
Chauchina;2010;Demandantes;Ambos sexos;TOTAL;546,0833333;
Chauchina;2011;Demandantes;Hombres;De 16 a 29 años;106,83333331;
Chauchina;2011;Demandantes;Hombres;De 30 a 44 años;139,5;
Chauchina;2011;Demandantes;Hombres;De 45 a 64 años;128,75000001;
Chauchina;2011;Demandantes;Hombres;TOTAL;375,08333332;
Chauchina;2011;Demandantes;Mujeres;De 16 a 29 años;82,41666666;
Chauchina;2011;Demandantes;Mujeres;De 30 a 44 años;107,75000001;
Chauchina;2011;Demandantes;Mujeres;De 45 a 64 años;42,83333333;
Chauchina;2011;Demandantes;Mujeres;TOTAL;233;
Chauchina;2011;Demandantes;Ambos sexos;De 16 a 29 años;189,24999997;
Chauchina;2011;Demandantes;Ambos sexos;De 30 a 44 años;247,25000001;
Chauchina;2011;Demandantes;Ambos sexos;De 45 a 64 años;171,58333334;
Chauchina;2011;Demandantes;Ambos sexos;TOTAL;608,08333332;
Chauchina;2012;Demandantes;Hombres;De 16 a 29 años;103,41666665;
Chauchina;2012;Demandantes;Hombres;De 30 a 44 años;169,33333333;
Chauchina;2012;Demandantes;Hombres;De 45 a 64 años;154,25000001;
Chauchina;2012;Demandantes;Hombres;TOTAL;426,99999999;
Chauchina;2012;Demandantes;Mujeres;De 16 a 29 años;96,83333333;
Chauchina;2012;Demandantes;Mujeres;De 30 a 44 años;118,41666668;
Chauchina;2012;Demandantes;Mujeres;De 45 a 64 años;53,08333334;
Chauchina;2012;Demandantes;Mujeres;TOTAL;268,33333335;
Chauchina;2012;Demandantes;Ambos sexos;De 16 a 29 años;200,24999998;
Chauchina;2012;Demandantes;Ambos sexos;De 30 a 44 años;287,75000001;
Chauchina;2012;Demandantes;Ambos sexos;De 45 a 64 años;207,33333335;
Chauchina;2012;Demandantes;Ambos sexos;TOTAL;695,33333334;
Chimeneas;2010;Demandantes;Hombres;De 16 a 29 años;15,91666667;
Chimeneas;2010;Demandantes;Hombres;De 30 a 44 años;24,50000001;
Chimeneas;2010;Demandantes;Hombres;De 45 a 64 años;18,24999999;
Chimeneas;2010;Demandantes;Hombres;TOTAL;58,66666667;
Chimeneas;2010;Demandantes;Mujeres;De 16 a 29 años;18;
Chimeneas;2010;Demandantes;Mujeres;De 30 a 44 años;15,33333332;
Chimeneas;2010;Demandantes;Mujeres;De 45 a 64 años;7,08333333;
Chimeneas;2010;Demandantes;Mujeres;TOTAL;40,41666665;
Chimeneas;2010;Demandantes;Ambos sexos;De 16 a 29 años;33,91666667;
Chimeneas;2010;Demandantes;Ambos sexos;De 30 a 44 años;39,83333333;
Chimeneas;2010;Demandantes;Ambos sexos;De 45 a 64 años;25,33333332;
Chimeneas;2010;Demandantes;Ambos sexos;TOTAL;99,08333332;
Chimeneas;2011;Demandantes;Hombres;De 16 a 29 años;16,91666665;
Chimeneas;2011;Demandantes;Hombres;De 30 a 44 años;19,33333331;
Chimeneas;2011;Demandantes;Hombres;De 45 a 64 años;17,24999997;
Chimeneas;2011;Demandantes;Hombres;TOTAL;53,49999993;
Chimeneas;2011;Demandantes;Mujeres;De 16 a 29 años;21,58333334;
Chimeneas;2011;Demandantes;Mujeres;De 30 a 44 años;17,33333333;
Chimeneas;2011;Demandantes;Mujeres;De 45 a 64 años;7;
Chimeneas;2011;Demandantes;Mujeres;TOTAL;45,91666667;
Chimeneas;2011;Demandantes;Ambos sexos;De 16 a 29 años;38,49999999;
Chimeneas;2011;Demandantes;Ambos sexos;De 30 a 44 años;36,66666664;
Chimeneas;2011;Demandantes;Ambos sexos;De 45 a 64 años;24,24999997;
Chimeneas;2011;Demandantes;Ambos sexos;TOTAL;99,4166666;
Chimeneas;2012;Demandantes;Hombres;De 16 a 29 años;16,33333333;
Chimeneas;2012;Demandantes;Hombres;De 30 a 44 años;21,83333335;
Chimeneas;2012;Demandantes;Hombres;De 45 a 64 años;23,08333335;
Chimeneas;2012;Demandantes;Hombres;TOTAL;61,25000003;
Chimeneas;2012;Demandantes;Mujeres;De 16 a 29 años;23,58333334;
Chimeneas;2012;Demandantes;Mujeres;De 30 a 44 años;21;
Chimeneas;2012;Demandantes;Mujeres;De 45 a 64 años;9,41666668;
Chimeneas;2012;Demandantes;Mujeres;TOTAL;54,00000002;
Chimeneas;2012;Demandantes;Ambos sexos;De 16 a 29 años;39,91666667;
Chimeneas;2012;Demandantes;Ambos sexos;De 30 a 44 años;42,83333335;
Chimeneas;2012;Demandantes;Ambos sexos;De 45 a 64 años;32,50000003;
Chimeneas;2012;Demandantes;Ambos sexos;TOTAL;115,25000005;
Churriana de la Vega;2010;Demandantes;Hombres;De 16 a 29 años;216,66666669;
Churriana de la Vega;2010;Demandantes;Hombres;De 30 a 44 años;304,75000001;
Churriana de la Vega;2010;Demandantes;Hombres;De 45 a 64 años;215,25000002;
Churriana de la Vega;2010;Demandantes;Hombres;TOTAL;736,66666672;
Churriana de la Vega;2010;Demandantes;Mujeres;De 16 a 29 años;202,41666666;
Churriana de la Vega;2010;Demandantes;Mujeres;De 30 a 44 años;360,08333335;
Churriana de la Vega;2010;Demandantes;Mujeres;De 45 a 64 años;155,00000003;
Churriana de la Vega;2010;Demandantes;Mujeres;TOTAL;717,50000004;
Churriana de la Vega;2010;Demandantes;Ambos sexos;De 16 a 29 años;419,08333335;
Churriana de la Vega;2010;Demandantes;Ambos sexos;De 30 a 44 años;664,83333336;
Churriana de la Vega;2010;Demandantes;Ambos sexos;De 45 a 64 años;370,25000005;
Churriana de la Vega;2010;Demandantes;Ambos sexos;TOTAL;1454,16666676;
Churriana de la Vega;2011;Demandantes;Hombres;De 16 a 29 años;204,83333333;
Churriana de la Vega;2011;Demandantes;Hombres;De 30 a 44 años;334,50000001;
Churriana de la Vega;2011;Demandantes;Hombres;De 45 a 64 años;240,5;
Churriana de la Vega;2011;Demandantes;Hombres;TOTAL;779,83333334;
Churriana de la Vega;2011;Demandantes;Mujeres;De 16 a 29 años;210,99999999;
Churriana de la Vega;2011;Demandantes;Mujeres;De 30 a 44 años;395,41666666;
Churriana de la Vega;2011;Demandantes;Mujeres;De 45 a 64 años;175,33333333;
Churriana de la Vega;2011;Demandantes;Mujeres;TOTAL;781,74999998;
Churriana de la Vega;2011;Demandantes;Ambos sexos;De 16 a 29 años;415,83333332;
Churriana de la Vega;2011;Demandantes;Ambos sexos;De 30 a 44 años;729,91666667;
Churriana de la Vega;2011;Demandantes;Ambos sexos;De 45 a 64 años;415,83333333;
Churriana de la Vega;2011;Demandantes;Ambos sexos;TOTAL;1561,58333332;
Churriana de la Vega;2012;Demandantes;Hombres;De 16 a 29 años;206,91666666;
Churriana de la Vega;2012;Demandantes;Hombres;De 30 a 44 años;385,66666669;
Churriana de la Vega;2012;Demandantes;Hombres;De 45 a 64 años;297,08333334;
Churriana de la Vega;2012;Demandantes;Hombres;TOTAL;889,66666669;
Churriana de la Vega;2012;Demandantes;Mujeres;De 16 a 29 años;213,50000001;
Churriana de la Vega;2012;Demandantes;Mujeres;De 30 a 44 años;459,33333332;
Churriana de la Vega;2012;Demandantes;Mujeres;De 45 a 64 años;214,16666668;
Churriana de la Vega;2012;Demandantes;Mujeres;TOTAL;887,00000001;
Churriana de la Vega;2012;Demandantes;Ambos sexos;De 16 a 29 años;420,41666667;
Churriana de la Vega;2012;Demandantes;Ambos sexos;De 30 a 44 años;845,00000001;
Churriana de la Vega;2012;Demandantes;Ambos sexos;De 45 a 64 años;511,25000002;
Churriana de la Vega;2012;Demandantes;Ambos sexos;TOTAL;1776,6666667;
Cijuela;2010;Demandantes;Hombres;De 16 a 29 años;55,83333334;
Cijuela;2010;Demandantes;Hombres;De 30 a 44 años;81,08333334;
Cijuela;2010;Demandantes;Hombres;De 45 a 64 años;34,91666667;
Cijuela;2010;Demandantes;Hombres;TOTAL;171,83333335;
Cijuela;2010;Demandantes;Mujeres;De 16 a 29 años;57,33333331;
Cijuela;2010;Demandantes;Mujeres;De 30 a 44 años;85,58333333;
Cijuela;2010;Demandantes;Mujeres;De 45 a 64 años;27,58333334;
Cijuela;2010;Demandantes;Mujeres;TOTAL;170,49999998;
Cijuela;2010;Demandantes;Ambos sexos;De 16 a 29 años;113,16666665;
Cijuela;2010;Demandantes;Ambos sexos;De 30 a 44 años;166,66666667;
Cijuela;2010;Demandantes;Ambos sexos;De 45 a 64 años;62,50000001;
Cijuela;2010;Demandantes;Ambos sexos;TOTAL;342,33333333;
Cijuela;2011;Demandantes;Hombres;De 16 a 29 años;63,16666667;
Cijuela;2011;Demandantes;Hombres;De 30 a 44 años;85,41666664;
Cijuela;2011;Demandantes;Hombres;De 45 a 64 años;43,33333334;
Cijuela;2011;Demandantes;Hombres;TOTAL;191,91666665;
Cijuela;2011;Demandantes;Mujeres;De 16 a 29 años;63,33333333;
Cijuela;2011;Demandantes;Mujeres;De 30 a 44 años;88,49999999;
Cijuela;2011;Demandantes;Mujeres;De 45 a 64 años;33,91666667;
Cijuela;2011;Demandantes;Mujeres;TOTAL;185,74999999;
Cijuela;2011;Demandantes;Ambos sexos;De 16 a 29 años;126,5;
Cijuela;2011;Demandantes;Ambos sexos;De 30 a 44 años;173,91666663;
Cijuela;2011;Demandantes;Ambos sexos;De 45 a 64 años;77,25000001;
Cijuela;2011;Demandantes;Ambos sexos;TOTAL;377,66666664;
Cijuela;2012;Demandantes;Hombres;De 16 a 29 años;68,41666666;
Cijuela;2012;Demandantes;Hombres;De 30 a 44 años;97,00000001;
Cijuela;2012;Demandantes;Hombres;De 45 a 64 años;52,58333333;
Cijuela;2012;Demandantes;Hombres;TOTAL;218;
Cijuela;2012;Demandantes;Mujeres;De 16 a 29 años;63,41666667;
Cijuela;2012;Demandantes;Mujeres;De 30 a 44 años;92,91666664;
Cijuela;2012;Demandantes;Mujeres;De 45 a 64 años;38,33333332;
Cijuela;2012;Demandantes;Mujeres;TOTAL;194,66666663;
Cijuela;2012;Demandantes;Ambos sexos;De 16 a 29 años;131,83333333;
Cijuela;2012;Demandantes;Ambos sexos;De 30 a 44 años;189,91666665;
Cijuela;2012;Demandantes;Ambos sexos;De 45 a 64 años;90,91666665;
Cijuela;2012;Demandantes;Ambos sexos;TOTAL;412,66666663;
Cogollos de Guadix;2010;Demandantes;Hombres;De 16 a 29 años;9,5;
Cogollos de Guadix;2010;Demandantes;Hombres;De 30 a 44 años;9,91666666;
Cogollos de Guadix;2010;Demandantes;Hombres;De 45 a 64 años;12,91666667;
Cogollos de Guadix;2010;Demandantes;Hombres;TOTAL;32,33333333;
Cogollos de Guadix;2010;Demandantes;Mujeres;De 16 a 29 años;3,5;
Cogollos de Guadix;2010;Demandantes;Mujeres;De 30 a 44 años;12,24999999;
Cogollos de Guadix;2010;Demandantes;Mujeres;De 45 a 64 años;7,58333333;
Cogollos de Guadix;2010;Demandantes;Mujeres;TOTAL;23,33333332;
Cogollos de Guadix;2010;Demandantes;Ambos sexos;De 16 a 29 años;13;
Cogollos de Guadix;2010;Demandantes;Ambos sexos;De 30 a 44 años;22,16666665;
Cogollos de Guadix;2010;Demandantes;Ambos sexos;De 45 a 64 años;20,5;
Cogollos de Guadix;2010;Demandantes;Ambos sexos;TOTAL;55,66666665;
Cogollos de Guadix;2011;Demandantes;Hombres;De 16 a 29 años;9,08333333;
Cogollos de Guadix;2011;Demandantes;Hombres;De 30 a 44 años;9,58333334;
Cogollos de Guadix;2011;Demandantes;Hombres;De 45 a 64 años;17,5;
Cogollos de Guadix;2011;Demandantes;Hombres;TOTAL;36,16666667;
Cogollos de Guadix;2011;Demandantes;Mujeres;De 16 a 29 años;5,66666668;
Cogollos de Guadix;2011;Demandantes;Mujeres;De 30 a 44 años;12,41666667;
Cogollos de Guadix;2011;Demandantes;Mujeres;De 45 a 64 años;9,50000001;
Cogollos de Guadix;2011;Demandantes;Mujeres;TOTAL;27,58333336;
Cogollos de Guadix;2011;Demandantes;Ambos sexos;De 16 a 29 años;14,75000001;
Cogollos de Guadix;2011;Demandantes;Ambos sexos;De 30 a 44 años;22,00000001;
Cogollos de Guadix;2011;Demandantes;Ambos sexos;De 45 a 64 años;27,00000001;
Cogollos de Guadix;2011;Demandantes;Ambos sexos;TOTAL;63,75000003;
Cogollos de Guadix;2012;Demandantes;Hombres;De 16 a 29 años;13,16666667;
Cogollos de Guadix;2012;Demandantes;Hombres;De 30 a 44 años;12,5;
Cogollos de Guadix;2012;Demandantes;Hombres;De 45 a 64 años;26,83333334;
Cogollos de Guadix;2012;Demandantes;Hombres;TOTAL;52,50000001;
Cogollos de Guadix;2012;Demandantes;Mujeres;De 16 a 29 años;8,50000001;
Cogollos de Guadix;2012;Demandantes;Mujeres;De 30 a 44 años;19,24999999;
Cogollos de Guadix;2012;Demandantes;Mujeres;De 45 a 64 años;11,08333334;
Cogollos de Guadix;2012;Demandantes;Mujeres;TOTAL;38,83333334;
Cogollos de Guadix;2012;Demandantes;Ambos sexos;De 16 a 29 años;21,66666668;
Cogollos de Guadix;2012;Demandantes;Ambos sexos;De 30 a 44 años;31,74999999;
Cogollos de Guadix;2012;Demandantes;Ambos sexos;De 45 a 64 años;37,91666668;
Cogollos de Guadix;2012;Demandantes;Ambos sexos;TOTAL;91,33333335;
Cogollos de la Vega;2010;Demandantes;Hombres;De 16 a 29 años;41,16666665;
Cogollos de la Vega;2010;Demandantes;Hombres;De 30 a 44 años;35,16666665;
Cogollos de la Vega;2010;Demandantes;Hombres;De 45 a 64 años;44,58333332;
Cogollos de la Vega;2010;Demandantes;Hombres;TOTAL;120,91666662;
Cogollos de la Vega;2010;Demandantes;Mujeres;De 16 a 29 años;29,66666667;
Cogollos de la Vega;2010;Demandantes;Mujeres;De 30 a 44 años;26,08333332;
Cogollos de la Vega;2010;Demandantes;Mujeres;De 45 a 64 años;10,91666667;
Cogollos de la Vega;2010;Demandantes;Mujeres;TOTAL;66,66666666;
Cogollos de la Vega;2010;Demandantes;Ambos sexos;De 16 a 29 años;70,83333332;
Cogollos de la Vega;2010;Demandantes;Ambos sexos;De 30 a 44 años;61,24999997;
Cogollos de la Vega;2010;Demandantes;Ambos sexos;De 45 a 64 años;55,49999999;
Cogollos de la Vega;2010;Demandantes;Ambos sexos;TOTAL;187,58333328;
Cogollos de la Vega;2011;Demandantes;Hombres;De 16 a 29 años;38,66666666;
Cogollos de la Vega;2011;Demandantes;Hombres;De 30 a 44 años;38,9166667;
Cogollos de la Vega;2011;Demandantes;Hombres;De 45 a 64 años;50,5;
Cogollos de la Vega;2011;Demandantes;Hombres;TOTAL;128,08333336;
Cogollos de la Vega;2011;Demandantes;Mujeres;De 16 a 29 años;34,58333333;
Cogollos de la Vega;2011;Demandantes;Mujeres;De 30 a 44 años;25,91666666;
Cogollos de la Vega;2011;Demandantes;Mujeres;De 45 a 64 años;10,91666668;
Cogollos de la Vega;2011;Demandantes;Mujeres;TOTAL;71,41666667;
Cogollos de la Vega;2011;Demandantes;Ambos sexos;De 16 a 29 años;73,24999999;
Cogollos de la Vega;2011;Demandantes;Ambos sexos;De 30 a 44 años;64,83333336;
Cogollos de la Vega;2011;Demandantes;Ambos sexos;De 45 a 64 años;61,41666668;
Cogollos de la Vega;2011;Demandantes;Ambos sexos;TOTAL;199,50000003;
Cogollos de la Vega;2012;Demandantes;Hombres;De 16 a 29 años;41,5;
Cogollos de la Vega;2012;Demandantes;Hombres;De 30 a 44 años;43,25000001;
Cogollos de la Vega;2012;Demandantes;Hombres;De 45 a 64 años;54,83333332;
Cogollos de la Vega;2012;Demandantes;Hombres;TOTAL;139,58333333;
Cogollos de la Vega;2012;Demandantes;Mujeres;De 16 a 29 años;34,58333332;
Cogollos de la Vega;2012;Demandantes;Mujeres;De 30 a 44 años;32,08333332;
Cogollos de la Vega;2012;Demandantes;Mujeres;De 45 a 64 años;19,25;
Cogollos de la Vega;2012;Demandantes;Mujeres;TOTAL;85,91666664;
Cogollos de la Vega;2012;Demandantes;Ambos sexos;De 16 a 29 años;76,08333332;
Cogollos de la Vega;2012;Demandantes;Ambos sexos;De 30 a 44 años;75,33333333;
Cogollos de la Vega;2012;Demandantes;Ambos sexos;De 45 a 64 años;74,08333332;
Cogollos de la Vega;2012;Demandantes;Ambos sexos;TOTAL;225,49999997;
Colomera;2010;Demandantes;Hombres;De 16 a 29 años;21,33333335;
Colomera;2010;Demandantes;Hombres;De 30 a 44 años;33,33333334;
Colomera;2010;Demandantes;Hombres;De 45 a 64 años;28,16666666;
Colomera;2010;Demandantes;Hombres;TOTAL;82,83333335;
Colomera;2010;Demandantes;Mujeres;De 16 a 29 años;11,58333334;
Colomera;2010;Demandantes;Mujeres;De 30 a 44 años;11,33333333;
Colomera;2010;Demandantes;Mujeres;De 45 a 64 años;7,58333333;
Colomera;2010;Demandantes;Mujeres;TOTAL;30,5;
Colomera;2010;Demandantes;Ambos sexos;De 16 a 29 años;32,91666669;
Colomera;2010;Demandantes;Ambos sexos;De 30 a 44 años;44,66666667;
Colomera;2010;Demandantes;Ambos sexos;De 45 a 64 años;35,74999999;
Colomera;2010;Demandantes;Ambos sexos;TOTAL;113,33333335;
Colomera;2011;Demandantes;Hombres;De 16 a 29 años;16,66666667;
Colomera;2011;Demandantes;Hombres;De 30 a 44 años;28,16666666;
Colomera;2011;Demandantes;Hombres;De 45 a 64 años;29,33333333;
Colomera;2011;Demandantes;Hombres;TOTAL;74,16666666;
Colomera;2011;Demandantes;Mujeres;De 16 a 29 años;15,08333333;
Colomera;2011;Demandantes;Mujeres;De 30 a 44 años;10,66666667;
Colomera;2011;Demandantes;Mujeres;De 45 a 64 años;9,66666666;
Colomera;2011;Demandantes;Mujeres;TOTAL;35,41666666;
Colomera;2011;Demandantes;Ambos sexos;De 16 a 29 años;31,75;
Colomera;2011;Demandantes;Ambos sexos;De 30 a 44 años;38,83333333;
Colomera;2011;Demandantes;Ambos sexos;De 45 a 64 años;38,99999999;
Colomera;2011;Demandantes;Ambos sexos;TOTAL;109,58333332;
Colomera;2012;Demandantes;Hombres;De 16 a 29 años;14,25000001;
Colomera;2012;Demandantes;Hombres;De 30 a 44 años;31,91666667;
Colomera;2012;Demandantes;Hombres;De 45 a 64 años;34,25;
Colomera;2012;Demandantes;Hombres;TOTAL;80,41666668;
Colomera;2012;Demandantes;Mujeres;De 16 a 29 años;15,75;
Colomera;2012;Demandantes;Mujeres;De 30 a 44 años;13;
Colomera;2012;Demandantes;Mujeres;De 45 a 64 años;14,33333334;
Colomera;2012;Demandantes;Mujeres;TOTAL;43,08333334;
Colomera;2012;Demandantes;Ambos sexos;De 16 a 29 años;30,00000001;
Colomera;2012;Demandantes;Ambos sexos;De 30 a 44 años;44,91666667;
Colomera;2012;Demandantes;Ambos sexos;De 45 a 64 años;48,58333334;
Colomera;2012;Demandantes;Ambos sexos;TOTAL;123,50000002;
Cortes de Baza;2010;Demandantes;Hombres;De 16 a 29 años;12,91666666;
Cortes de Baza;2010;Demandantes;Hombres;De 30 a 44 años;28,24999999;
Cortes de Baza;2010;Demandantes;Hombres;De 45 a 64 años;24,08333335;
Cortes de Baza;2010;Demandantes;Hombres;TOTAL;65,25;
Cortes de Baza;2010;Demandantes;Mujeres;De 16 a 29 años;16,83333333;
Cortes de Baza;2010;Demandantes;Mujeres;De 30 a 44 años;15,24999999;
Cortes de Baza;2010;Demandantes;Mujeres;De 45 a 64 años;8,08333333;
Cortes de Baza;2010;Demandantes;Mujeres;TOTAL;40,16666665;
Cortes de Baza;2010;Demandantes;Ambos sexos;De 16 a 29 años;29,74999999;
Cortes de Baza;2010;Demandantes;Ambos sexos;De 30 a 44 años;43,49999998;
Cortes de Baza;2010;Demandantes;Ambos sexos;De 45 a 64 años;32,16666668;
Cortes de Baza;2010;Demandantes;Ambos sexos;TOTAL;105,41666665;
Cortes de Baza;2011;Demandantes;Hombres;De 16 a 29 años;18,25;
Cortes de Baza;2011;Demandantes;Hombres;De 30 a 44 años;26,83333333;
Cortes de Baza;2011;Demandantes;Hombres;De 45 a 64 años;22,91666666;
Cortes de Baza;2011;Demandantes;Hombres;TOTAL;67,99999999;
Cortes de Baza;2011;Demandantes;Mujeres;De 16 a 29 años;17,08333333;
Cortes de Baza;2011;Demandantes;Mujeres;De 30 a 44 años;17,75000001;
Cortes de Baza;2011;Demandantes;Mujeres;De 45 a 64 años;6,24999999;
Cortes de Baza;2011;Demandantes;Mujeres;TOTAL;41,08333333;
Cortes de Baza;2011;Demandantes;Ambos sexos;De 16 a 29 años;35,33333333;
Cortes de Baza;2011;Demandantes;Ambos sexos;De 30 a 44 años;44,58333334;
Cortes de Baza;2011;Demandantes;Ambos sexos;De 45 a 64 años;29,16666665;
Cortes de Baza;2011;Demandantes;Ambos sexos;TOTAL;109,08333332;
Cortes de Baza;2012;Demandantes;Hombres;De 16 a 29 años;19,66666667;
Cortes de Baza;2012;Demandantes;Hombres;De 30 a 44 años;31,75;
Cortes de Baza;2012;Demandantes;Hombres;De 45 a 64 años;25,75;
Cortes de Baza;2012;Demandantes;Hombres;TOTAL;77,16666667;
Cortes de Baza;2012;Demandantes;Mujeres;De 16 a 29 años;20,16666668;
Cortes de Baza;2012;Demandantes;Mujeres;De 30 a 44 años;23;
Cortes de Baza;2012;Demandantes;Mujeres;De 45 a 64 años;8,83333334;
Cortes de Baza;2012;Demandantes;Mujeres;TOTAL;52,00000002;
Cortes de Baza;2012;Demandantes;Ambos sexos;De 16 a 29 años;39,83333335;
Cortes de Baza;2012;Demandantes;Ambos sexos;De 30 a 44 años;54,75;
Cortes de Baza;2012;Demandantes;Ambos sexos;De 45 a 64 años;34,58333334;
Cortes de Baza;2012;Demandantes;Ambos sexos;TOTAL;129,16666669;
Cortes y Graena;2010;Demandantes;Hombres;De 16 a 29 años;6,75000001;
Cortes y Graena;2010;Demandantes;Hombres;De 30 a 44 años;15,24999999;
Cortes y Graena;2010;Demandantes;Hombres;De 45 a 64 años;22,58333334;
Cortes y Graena;2010;Demandantes;Hombres;TOTAL;44,58333334;
Cortes y Graena;2010;Demandantes;Mujeres;De 16 a 29 años;11,24999999;
Cortes y Graena;2010;Demandantes;Mujeres;De 30 a 44 años;20,08333332;
Cortes y Graena;2010;Demandantes;Mujeres;De 45 a 64 años;13,00000001;
Cortes y Graena;2010;Demandantes;Mujeres;TOTAL;44,33333332;
Cortes y Graena;2010;Demandantes;Ambos sexos;De 16 a 29 años;18;
Cortes y Graena;2010;Demandantes;Ambos sexos;De 30 a 44 años;35,33333331;
Cortes y Graena;2010;Demandantes;Ambos sexos;De 45 a 64 años;35,58333335;
Cortes y Graena;2010;Demandantes;Ambos sexos;TOTAL;88,91666666;
Cortes y Graena;2011;Demandantes;Hombres;De 16 a 29 años;6,49999999;
Cortes y Graena;2011;Demandantes;Hombres;De 30 a 44 años;21,25000001;
Cortes y Graena;2011;Demandantes;Hombres;De 45 a 64 años;29,58333333;
Cortes y Graena;2011;Demandantes;Hombres;TOTAL;57,33333333;
Cortes y Graena;2011;Demandantes;Mujeres;De 16 a 29 años;11,58333333;
Cortes y Graena;2011;Demandantes;Mujeres;De 30 a 44 años;24,75;
Cortes y Graena;2011;Demandantes;Mujeres;De 45 a 64 años;14,66666666;
Cortes y Graena;2011;Demandantes;Mujeres;TOTAL;50,99999999;
Cortes y Graena;2011;Demandantes;Ambos sexos;De 16 a 29 años;18,08333332;
Cortes y Graena;2011;Demandantes;Ambos sexos;De 30 a 44 años;46,00000001;
Cortes y Graena;2011;Demandantes;Ambos sexos;De 45 a 64 años;44,24999999;
Cortes y Graena;2011;Demandantes;Ambos sexos;TOTAL;108,33333332;
Cortes y Graena;2012;Demandantes;Hombres;De 16 a 29 años;10,16666666;
Cortes y Graena;2012;Demandantes;Hombres;De 30 a 44 años;22,74999999;
Cortes y Graena;2012;Demandantes;Hombres;De 45 a 64 años;30,33333334;
Cortes y Graena;2012;Demandantes;Hombres;TOTAL;63,24999999;
Cortes y Graena;2012;Demandantes;Mujeres;De 16 a 29 años;12,08333333;
Cortes y Graena;2012;Demandantes;Mujeres;De 30 a 44 años;29,99999999;
Cortes y Graena;2012;Demandantes;Mujeres;De 45 a 64 años;17,66666667;
Cortes y Graena;2012;Demandantes;Mujeres;TOTAL;59,74999999;
Cortes y Graena;2012;Demandantes;Ambos sexos;De 16 a 29 años;22,24999999;
Cortes y Graena;2012;Demandantes;Ambos sexos;De 30 a 44 años;52,74999998;
Cortes y Graena;2012;Demandantes;Ambos sexos;De 45 a 64 años;48,00000001;
Cortes y Graena;2012;Demandantes;Ambos sexos;TOTAL;122,99999998;
Cuevas del Campo;2010;Demandantes;Hombres;De 16 a 29 años;18,66666666;
Cuevas del Campo;2010;Demandantes;Hombres;De 30 a 44 años;20,5;
Cuevas del Campo;2010;Demandantes;Hombres;De 45 a 64 años;23;
Cuevas del Campo;2010;Demandantes;Hombres;TOTAL;62,16666666;
Cuevas del Campo;2010;Demandantes;Mujeres;De 16 a 29 años;14,91666666;
Cuevas del Campo;2010;Demandantes;Mujeres;De 30 a 44 años;15,16666667;
Cuevas del Campo;2010;Demandantes;Mujeres;De 45 a 64 años;6,41666666;
Cuevas del Campo;2010;Demandantes;Mujeres;TOTAL;36,49999999;
Cuevas del Campo;2010;Demandantes;Ambos sexos;De 16 a 29 años;33,58333332;
Cuevas del Campo;2010;Demandantes;Ambos sexos;De 30 a 44 años;35,66666667;
Cuevas del Campo;2010;Demandantes;Ambos sexos;De 45 a 64 años;29,41666666;
Cuevas del Campo;2010;Demandantes;Ambos sexos;TOTAL;98,66666665;
Cuevas del Campo;2011;Demandantes;Hombres;De 16 a 29 años;19,08333333;
Cuevas del Campo;2011;Demandantes;Hombres;De 30 a 44 años;25,25000001;
Cuevas del Campo;2011;Demandantes;Hombres;De 45 a 64 años;24,83333333;
Cuevas del Campo;2011;Demandantes;Hombres;TOTAL;69,16666667;
Cuevas del Campo;2011;Demandantes;Mujeres;De 16 a 29 años;17,16666665;
Cuevas del Campo;2011;Demandantes;Mujeres;De 30 a 44 años;19,24999999;
Cuevas del Campo;2011;Demandantes;Mujeres;De 45 a 64 años;8,41666667;
Cuevas del Campo;2011;Demandantes;Mujeres;TOTAL;44,83333331;
Cuevas del Campo;2011;Demandantes;Ambos sexos;De 16 a 29 años;36,24999998;
Cuevas del Campo;2011;Demandantes;Ambos sexos;De 30 a 44 años;44,5;
Cuevas del Campo;2011;Demandantes;Ambos sexos;De 45 a 64 años;33,25;
Cuevas del Campo;2011;Demandantes;Ambos sexos;TOTAL;113,99999998;
Cuevas del Campo;2012;Demandantes;Hombres;De 16 a 29 años;17,00000001;
Cuevas del Campo;2012;Demandantes;Hombres;De 30 a 44 años;23,16666668;
Cuevas del Campo;2012;Demandantes;Hombres;De 45 a 64 años;26,91666666;
Cuevas del Campo;2012;Demandantes;Hombres;TOTAL;67,08333335;
Cuevas del Campo;2012;Demandantes;Mujeres;De 16 a 29 años;17,16666665;
Cuevas del Campo;2012;Demandantes;Mujeres;De 30 a 44 años;18,41666667;
Cuevas del Campo;2012;Demandantes;Mujeres;De 45 a 64 años;11,16666666;
Cuevas del Campo;2012;Demandantes;Mujeres;TOTAL;46,74999998;
Cuevas del Campo;2012;Demandantes;Ambos sexos;De 16 a 29 años;34,16666666;
Cuevas del Campo;2012;Demandantes;Ambos sexos;De 30 a 44 años;41,58333335;
Cuevas del Campo;2012;Demandantes;Ambos sexos;De 45 a 64 años;38,08333332;
Cuevas del Campo;2012;Demandantes;Ambos sexos;TOTAL;113,83333333;
Cúllar;2010;Demandantes;Hombres;De 16 a 29 años;28,58333333;
Cúllar;2010;Demandantes;Hombres;De 30 a 44 años;64,41666665;
Cúllar;2010;Demandantes;Hombres;De 45 a 64 años;45,25;
Cúllar;2010;Demandantes;Hombres;TOTAL;138,24999998;
Cúllar;2010;Demandantes;Mujeres;De 16 a 29 años;29,33333333;
Cúllar;2010;Demandantes;Mujeres;De 30 a 44 años;43,91666668;
Cúllar;2010;Demandantes;Mujeres;De 45 a 64 años;29,50000001;
Cúllar;2010;Demandantes;Mujeres;TOTAL;102,75000002;
Cúllar;2010;Demandantes;Ambos sexos;De 16 a 29 años;57,91666666;
Cúllar;2010;Demandantes;Ambos sexos;De 30 a 44 años;108,33333333;
Cúllar;2010;Demandantes;Ambos sexos;De 45 a 64 años;74,75000001;
Cúllar;2010;Demandantes;Ambos sexos;TOTAL;241;
Cúllar;2011;Demandantes;Hombres;De 16 a 29 años;31,25;
Cúllar;2011;Demandantes;Hombres;De 30 a 44 años;51,99999999;
Cúllar;2011;Demandantes;Hombres;De 45 a 64 años;44,08333335;
Cúllar;2011;Demandantes;Hombres;TOTAL;127,33333334;
Cúllar;2011;Demandantes;Mujeres;De 16 a 29 años;42;
Cúllar;2011;Demandantes;Mujeres;De 30 a 44 años;48,5833333;
Cúllar;2011;Demandantes;Mujeres;De 45 a 64 años;31,08333333;
Cúllar;2011;Demandantes;Mujeres;TOTAL;121,66666663;
Cúllar;2011;Demandantes;Ambos sexos;De 16 a 29 años;73,25;
Cúllar;2011;Demandantes;Ambos sexos;De 30 a 44 años;100,58333329;
Cúllar;2011;Demandantes;Ambos sexos;De 45 a 64 años;75,16666668;
Cúllar;2011;Demandantes;Ambos sexos;TOTAL;248,99999997;
Cúllar;2012;Demandantes;Hombres;De 16 a 29 años;37,50000001;
Cúllar;2012;Demandantes;Hombres;De 30 a 44 años;47,75000001;
Cúllar;2012;Demandantes;Hombres;De 45 a 64 años;54,33333334;
Cúllar;2012;Demandantes;Hombres;TOTAL;139,58333336;
Cúllar;2012;Demandantes;Mujeres;De 16 a 29 años;50,49999999;
Cúllar;2012;Demandantes;Mujeres;De 30 a 44 años;59,41666665;
Cúllar;2012;Demandantes;Mujeres;De 45 a 64 años;38,16666666;
Cúllar;2012;Demandantes;Mujeres;TOTAL;148,0833333;
Cúllar;2012;Demandantes;Ambos sexos;De 16 a 29 años;88;
Cúllar;2012;Demandantes;Ambos sexos;De 30 a 44 años;107,16666666;
Cúllar;2012;Demandantes;Ambos sexos;De 45 a 64 años;92,5;
Cúllar;2012;Demandantes;Ambos sexos;TOTAL;287,66666666;
Cúllar Vega;2010;Demandantes;Hombres;De 16 a 29 años;86,91666665;
Cúllar Vega;2010;Demandantes;Hombres;De 30 a 44 años;166,58333333;
Cúllar Vega;2010;Demandantes;Hombres;De 45 a 64 años;91,66666666;
Cúllar Vega;2010;Demandantes;Hombres;TOTAL;345,16666664;
Cúllar Vega;2010;Demandantes;Mujeres;De 16 a 29 años;68,66666668;
Cúllar Vega;2010;Demandantes;Mujeres;De 30 a 44 años;226,91666666;
Cúllar Vega;2010;Demandantes;Mujeres;De 45 a 64 años;86,41666666;
Cúllar Vega;2010;Demandantes;Mujeres;TOTAL;382;
Cúllar Vega;2010;Demandantes;Ambos sexos;De 16 a 29 años;155,58333333;
Cúllar Vega;2010;Demandantes;Ambos sexos;De 30 a 44 años;393,49999999;
Cúllar Vega;2010;Demandantes;Ambos sexos;De 45 a 64 años;178,08333332;
Cúllar Vega;2010;Demandantes;Ambos sexos;TOTAL;727,16666664;
Cúllar Vega;2011;Demandantes;Hombres;De 16 a 29 años;82,08333333;
Cúllar Vega;2011;Demandantes;Hombres;De 30 a 44 años;184,66666666;
Cúllar Vega;2011;Demandantes;Hombres;De 45 a 64 años;107,58333336;
Cúllar Vega;2011;Demandantes;Hombres;TOTAL;374,33333335;
Cúllar Vega;2011;Demandantes;Mujeres;De 16 a 29 años;73,58333334;
Cúllar Vega;2011;Demandantes;Mujeres;De 30 a 44 años;228,99999996;
Cúllar Vega;2011;Demandantes;Mujeres;De 45 a 64 años;108,83333334;
Cúllar Vega;2011;Demandantes;Mujeres;TOTAL;411,41666664;
Cúllar Vega;2011;Demandantes;Ambos sexos;De 16 a 29 años;155,66666667;
Cúllar Vega;2011;Demandantes;Ambos sexos;De 30 a 44 años;413,66666662;
Cúllar Vega;2011;Demandantes;Ambos sexos;De 45 a 64 años;216,4166667;
Cúllar Vega;2011;Demandantes;Ambos sexos;TOTAL;785,74999999;
Cúllar Vega;2012;Demandantes;Hombres;De 16 a 29 años;89;
Cúllar Vega;2012;Demandantes;Hombres;De 30 a 44 años;182,83333333;
Cúllar Vega;2012;Demandantes;Hombres;De 45 a 64 años;132,91666667;
Cúllar Vega;2012;Demandantes;Hombres;TOTAL;404,75;
Cúllar Vega;2012;Demandantes;Mujeres;De 16 a 29 años;89,16666665;
Cúllar Vega;2012;Demandantes;Mujeres;De 30 a 44 años;257,83333332;
Cúllar Vega;2012;Demandantes;Mujeres;De 45 a 64 años;132,58333335;
Cúllar Vega;2012;Demandantes;Mujeres;TOTAL;479,58333332;
Cúllar Vega;2012;Demandantes;Ambos sexos;De 16 a 29 años;178,16666665;
Cúllar Vega;2012;Demandantes;Ambos sexos;De 30 a 44 años;440,66666665;
Cúllar Vega;2012;Demandantes;Ambos sexos;De 45 a 64 años;265,50000002;
Cúllar Vega;2012;Demandantes;Ambos sexos;TOTAL;884,33333332;
Darro;2010;Demandantes;Hombres;De 16 a 29 años;24,16666667;
Darro;2010;Demandantes;Hombres;De 30 a 44 años;34,50000001;
Darro;2010;Demandantes;Hombres;De 45 a 64 años;23,08333333;
Darro;2010;Demandantes;Hombres;TOTAL;81,75000001;
Darro;2010;Demandantes;Mujeres;De 16 a 29 años;10,58333334;
Darro;2010;Demandantes;Mujeres;De 30 a 44 años;4,25;
Darro;2010;Demandantes;Mujeres;De 45 a 64 años;5,33333334;
Darro;2010;Demandantes;Mujeres;TOTAL;20,16666668;
Darro;2010;Demandantes;Ambos sexos;De 16 a 29 años;34,75000001;
Darro;2010;Demandantes;Ambos sexos;De 30 a 44 años;38,75000001;
Darro;2010;Demandantes;Ambos sexos;De 45 a 64 años;28,41666667;
Darro;2010;Demandantes;Ambos sexos;TOTAL;101,91666669;
Darro;2011;Demandantes;Hombres;De 16 a 29 años;25,16666666;
Darro;2011;Demandantes;Hombres;De 30 a 44 años;32,99999999;
Darro;2011;Demandantes;Hombres;De 45 a 64 años;27,08333334;
Darro;2011;Demandantes;Hombres;TOTAL;85,24999999;
Darro;2011;Demandantes;Mujeres;De 16 a 29 años;11,75;
Darro;2011;Demandantes;Mujeres;De 30 a 44 años;9,08333334;
Darro;2011;Demandantes;Mujeres;De 45 a 64 años;4,58333332;
Darro;2011;Demandantes;Mujeres;TOTAL;25,41666666;
Darro;2011;Demandantes;Ambos sexos;De 16 a 29 años;36,91666666;
Darro;2011;Demandantes;Ambos sexos;De 30 a 44 años;42,08333333;
Darro;2011;Demandantes;Ambos sexos;De 45 a 64 años;31,66666666;
Darro;2011;Demandantes;Ambos sexos;TOTAL;110,66666665;
Darro;2012;Demandantes;Hombres;De 16 a 29 años;32,00000001;
Darro;2012;Demandantes;Hombres;De 30 a 44 años;34,75;
Darro;2012;Demandantes;Hombres;De 45 a 64 años;30,91666667;
Darro;2012;Demandantes;Hombres;TOTAL;97,66666668;
Darro;2012;Demandantes;Mujeres;De 16 a 29 años;21,91666666;
Darro;2012;Demandantes;Mujeres;De 30 a 44 años;13,58333334;
Darro;2012;Demandantes;Mujeres;De 45 a 64 años;6,58333333;
Darro;2012;Demandantes;Mujeres;TOTAL;42,08333333;
Darro;2012;Demandantes;Ambos sexos;De 16 a 29 años;53,91666667;
Darro;2012;Demandantes;Ambos sexos;De 30 a 44 años;48,33333334;
Darro;2012;Demandantes;Ambos sexos;De 45 a 64 años;37,5;
Darro;2012;Demandantes;Ambos sexos;TOTAL;139,75000001;
Dehesas de Guadix;2010;Demandantes;Hombres;De 16 a 29 años;3,16666667;
Dehesas de Guadix;2010;Demandantes;Hombres;De 30 a 44 años;4,5;
Dehesas de Guadix;2010;Demandantes;Hombres;De 45 a 64 años;3;
Dehesas de Guadix;2010;Demandantes;Hombres;TOTAL;10,66666667;
Dehesas de Guadix;2010;Demandantes;Mujeres;De 16 a 29 años;1,58333333;
Dehesas de Guadix;2010;Demandantes;Mujeres;De 30 a 44 años;0,91666667;
Dehesas de Guadix;2010;Demandantes;Mujeres;De 45 a 64 años;1;
Dehesas de Guadix;2010;Demandantes;Mujeres;TOTAL;3,5;
Dehesas de Guadix;2010;Demandantes;Ambos sexos;De 16 a 29 años;4,75;
Dehesas de Guadix;2010;Demandantes;Ambos sexos;De 30 a 44 años;5,41666667;
Dehesas de Guadix;2010;Demandantes;Ambos sexos;De 45 a 64 años;4;
Dehesas de Guadix;2010;Demandantes;Ambos sexos;TOTAL;14,16666667;
Dehesas de Guadix;2011;Demandantes;Hombres;De 16 a 29 años;4;
Dehesas de Guadix;2011;Demandantes;Hombres;De 30 a 44 años;3,83333333;
Dehesas de Guadix;2011;Demandantes;Hombres;De 45 a 64 años;3,99999999;
Dehesas de Guadix;2011;Demandantes;Hombres;TOTAL;11,83333332;
Dehesas de Guadix;2011;Demandantes;Mujeres;De 16 a 29 años;0,08333333;
Dehesas de Guadix;2011;Demandantes;Mujeres;De 30 a 44 años;1,25;
Dehesas de Guadix;2011;Demandantes;Mujeres;De 45 a 64 años;1,08333333;
Dehesas de Guadix;2011;Demandantes;Mujeres;TOTAL;2,41666666;
Dehesas de Guadix;2011;Demandantes;Ambos sexos;De 16 a 29 años;4,08333333;
Dehesas de Guadix;2011;Demandantes;Ambos sexos;De 30 a 44 años;5,08333333;
Dehesas de Guadix;2011;Demandantes;Ambos sexos;De 45 a 64 años;5,08333332;
Dehesas de Guadix;2011;Demandantes;Ambos sexos;TOTAL;14,24999998;
Dehesas de Guadix;2012;Demandantes;Hombres;De 16 a 29 años;3,75;
Dehesas de Guadix;2012;Demandantes;Hombres;De 30 a 44 años;3,08333333;
Dehesas de Guadix;2012;Demandantes;Hombres;De 45 a 64 años;4,66666666;
Dehesas de Guadix;2012;Demandantes;Hombres;TOTAL;11,49999999;
Dehesas de Guadix;2012;Demandantes;Mujeres;De 16 a 29 años;0,83333333;
Dehesas de Guadix;2012;Demandantes;Mujeres;De 30 a 44 años;1,41666666;
Dehesas de Guadix;2012;Demandantes;Mujeres;De 45 a 64 años;0,91666667;
Dehesas de Guadix;2012;Demandantes;Mujeres;TOTAL;3,16666666;
Dehesas de Guadix;2012;Demandantes;Ambos sexos;De 16 a 29 años;4,58333333;
Dehesas de Guadix;2012;Demandantes;Ambos sexos;De 30 a 44 años;4,49999999;
Dehesas de Guadix;2012;Demandantes;Ambos sexos;De 45 a 64 años;5,58333333;
Dehesas de Guadix;2012;Demandantes;Ambos sexos;TOTAL;14,66666665;
Deifontes;2010;Demandantes;Hombres;De 16 a 29 años;45,49999999;
Deifontes;2010;Demandantes;Hombres;De 30 a 44 años;51,5;
Deifontes;2010;Demandantes;Hombres;De 45 a 64 años;55,33333334;
Deifontes;2010;Demandantes;Hombres;TOTAL;152,33333333;
Deifontes;2010;Demandantes;Mujeres;De 16 a 29 años;33,5;
Deifontes;2010;Demandantes;Mujeres;De 30 a 44 años;28,00000001;
Deifontes;2010;Demandantes;Mujeres;De 45 a 64 años;13,41666665;
Deifontes;2010;Demandantes;Mujeres;TOTAL;74,91666666;
Deifontes;2010;Demandantes;Ambos sexos;De 16 a 29 años;78,99999999;
Deifontes;2010;Demandantes;Ambos sexos;De 30 a 44 años;79,50000001;
Deifontes;2010;Demandantes;Ambos sexos;De 45 a 64 años;68,74999999;
Deifontes;2010;Demandantes;Ambos sexos;TOTAL;227,24999999;
Deifontes;2011;Demandantes;Hombres;De 16 a 29 años;44,41666667;
Deifontes;2011;Demandantes;Hombres;De 30 a 44 años;56,66666668;
Deifontes;2011;Demandantes;Hombres;De 45 a 64 años;60,83333332;
Deifontes;2011;Demandantes;Hombres;TOTAL;161,91666667;
Deifontes;2011;Demandantes;Mujeres;De 16 a 29 años;47,16666666;
Deifontes;2011;Demandantes;Mujeres;De 30 a 44 años;35,41666667;
Deifontes;2011;Demandantes;Mujeres;De 45 a 64 años;15,66666667;
Deifontes;2011;Demandantes;Mujeres;TOTAL;98,25;
Deifontes;2011;Demandantes;Ambos sexos;De 16 a 29 años;91,58333333;
Deifontes;2011;Demandantes;Ambos sexos;De 30 a 44 años;92,08333335;
Deifontes;2011;Demandantes;Ambos sexos;De 45 a 64 años;76,49999999;
Deifontes;2011;Demandantes;Ambos sexos;TOTAL;260,16666667;
Deifontes;2012;Demandantes;Hombres;De 16 a 29 años;38,66666667;
Deifontes;2012;Demandantes;Hombres;De 30 a 44 años;53,99999999;
Deifontes;2012;Demandantes;Hombres;De 45 a 64 años;59,25000001;
Deifontes;2012;Demandantes;Hombres;TOTAL;151,91666667;
Deifontes;2012;Demandantes;Mujeres;De 16 a 29 años;44,08333333;
Deifontes;2012;Demandantes;Mujeres;De 30 a 44 años;41,00000001;
Deifontes;2012;Demandantes;Mujeres;De 45 a 64 años;19,41666665;
Deifontes;2012;Demandantes;Mujeres;TOTAL;104,49999999;
Deifontes;2012;Demandantes;Ambos sexos;De 16 a 29 años;82,75;
Deifontes;2012;Demandantes;Ambos sexos;De 30 a 44 años;95;
Deifontes;2012;Demandantes;Ambos sexos;De 45 a 64 años;78,66666666;
Deifontes;2012;Demandantes;Ambos sexos;TOTAL;256,41666666;
Diezma;2010;Demandantes;Hombres;De 16 a 29 años;12;
Diezma;2010;Demandantes;Hombres;De 30 a 44 años;14,83333334;
Diezma;2010;Demandantes;Hombres;De 45 a 64 años;14,08333333;
Diezma;2010;Demandantes;Hombres;TOTAL;40,91666667;
Diezma;2010;Demandantes;Mujeres;De 16 a 29 años;6,50000001;
Diezma;2010;Demandantes;Mujeres;De 30 a 44 años;11,99999999;
Diezma;2010;Demandantes;Mujeres;De 45 a 64 años;6,58333332;
Diezma;2010;Demandantes;Mujeres;TOTAL;25,08333332;
Diezma;2010;Demandantes;Ambos sexos;De 16 a 29 años;18,50000001;
Diezma;2010;Demandantes;Ambos sexos;De 30 a 44 años;26,83333333;
Diezma;2010;Demandantes;Ambos sexos;De 45 a 64 años;20,66666665;
Diezma;2010;Demandantes;Ambos sexos;TOTAL;65,99999999;
Diezma;2011;Demandantes;Hombres;De 16 a 29 años;11,00000002;
Diezma;2011;Demandantes;Hombres;De 30 a 44 años;12,08333333;
Diezma;2011;Demandantes;Hombres;De 45 a 64 años;17,41666667;
Diezma;2011;Demandantes;Hombres;TOTAL;40,50000002;
Diezma;2011;Demandantes;Mujeres;De 16 a 29 años;8,25;
Diezma;2011;Demandantes;Mujeres;De 30 a 44 años;10,33333332;
Diezma;2011;Demandantes;Mujeres;De 45 a 64 años;5,49999999;
Diezma;2011;Demandantes;Mujeres;TOTAL;24,08333331;
Diezma;2011;Demandantes;Ambos sexos;De 16 a 29 años;19,25000002;
Diezma;2011;Demandantes;Ambos sexos;De 30 a 44 años;22,41666665;
Diezma;2011;Demandantes;Ambos sexos;De 45 a 64 años;22,91666666;
Diezma;2011;Demandantes;Ambos sexos;TOTAL;64,58333333;
Diezma;2012;Demandantes;Hombres;De 16 a 29 años;10,16666667;
Diezma;2012;Demandantes;Hombres;De 30 a 44 años;13,83333334;
Diezma;2012;Demandantes;Hombres;De 45 a 64 años;20,58333333;
Diezma;2012;Demandantes;Hombres;TOTAL;44,58333334;
Diezma;2012;Demandantes;Mujeres;De 16 a 29 años;11,16666666;
Diezma;2012;Demandantes;Mujeres;De 30 a 44 años;17,74999999;
Diezma;2012;Demandantes;Mujeres;De 45 a 64 años;7,83333333;
Diezma;2012;Demandantes;Mujeres;TOTAL;36,74999998;
Diezma;2012;Demandantes;Ambos sexos;De 16 a 29 años;21,33333333;
Diezma;2012;Demandantes;Ambos sexos;De 30 a 44 años;31,58333333;
Diezma;2012;Demandantes;Ambos sexos;De 45 a 64 años;28,41666666;
Diezma;2012;Demandantes;Ambos sexos;TOTAL;81,33333332;
Dílar;2010;Demandantes;Hombres;De 16 a 29 años;18,83333334;
Dílar;2010;Demandantes;Hombres;De 30 a 44 años;25,99999999;
Dílar;2010;Demandantes;Hombres;De 45 a 64 años;25,75;
Dílar;2010;Demandantes;Hombres;TOTAL;70,58333333;
Dílar;2010;Demandantes;Mujeres;De 16 a 29 años;20,08333335;
Dílar;2010;Demandantes;Mujeres;De 30 a 44 años;26,99999999;
Dílar;2010;Demandantes;Mujeres;De 45 a 64 años;16,49999998;
Dílar;2010;Demandantes;Mujeres;TOTAL;63,58333332;
Dílar;2010;Demandantes;Ambos sexos;De 16 a 29 años;38,91666669;
Dílar;2010;Demandantes;Ambos sexos;De 30 a 44 años;52,99999998;
Dílar;2010;Demandantes;Ambos sexos;De 45 a 64 años;42,24999998;
Dílar;2010;Demandantes;Ambos sexos;TOTAL;134,16666665;
Dílar;2011;Demandantes;Hombres;De 16 a 29 años;18,58333334;
Dílar;2011;Demandantes;Hombres;De 30 a 44 años;27,91666665;
Dílar;2011;Demandantes;Hombres;De 45 a 64 años;33,50000001;
Dílar;2011;Demandantes;Hombres;TOTAL;80;
Dílar;2011;Demandantes;Mujeres;De 16 a 29 años;18,58333332;
Dílar;2011;Demandantes;Mujeres;De 30 a 44 años;33,25;
Dílar;2011;Demandantes;Mujeres;De 45 a 64 años;23,75;
Dílar;2011;Demandantes;Mujeres;TOTAL;75,58333332;
Dílar;2011;Demandantes;Ambos sexos;De 16 a 29 años;37,16666666;
Dílar;2011;Demandantes;Ambos sexos;De 30 a 44 años;61,16666665;
Dílar;2011;Demandantes;Ambos sexos;De 45 a 64 años;57,25000001;
Dílar;2011;Demandantes;Ambos sexos;TOTAL;155,58333332;
Dílar;2012;Demandantes;Hombres;De 16 a 29 años;25,16666667;
Dílar;2012;Demandantes;Hombres;De 30 a 44 años;33,08333334;
Dílar;2012;Demandantes;Hombres;De 45 a 64 años;31,91666666;
Dílar;2012;Demandantes;Hombres;TOTAL;90,16666667;
Dílar;2012;Demandantes;Mujeres;De 16 a 29 años;20,41666666;
Dílar;2012;Demandantes;Mujeres;De 30 a 44 años;48;
Dílar;2012;Demandantes;Mujeres;De 45 a 64 años;29,91666666;
Dílar;2012;Demandantes;Mujeres;TOTAL;98,33333332;
Dílar;2012;Demandantes;Ambos sexos;De 16 a 29 años;45,58333333;
Dílar;2012;Demandantes;Ambos sexos;De 30 a 44 años;81,08333334;
Dílar;2012;Demandantes;Ambos sexos;De 45 a 64 años;61,83333332;
Dílar;2012;Demandantes;Ambos sexos;TOTAL;188,49999999;
Dólar;2010;Demandantes;Hombres;De 16 a 29 años;4,58333334;
Dólar;2010;Demandantes;Hombres;De 30 a 44 años;5,83333333;
Dólar;2010;Demandantes;Hombres;De 45 a 64 años;4,75000001;
Dólar;2010;Demandantes;Hombres;TOTAL;15,16666668;
Dólar;2010;Demandantes;Mujeres;De 16 a 29 años;3,91666667;
Dólar;2010;Demandantes;Mujeres;De 30 a 44 años;4,41666667;
Dólar;2010;Demandantes;Mujeres;De 45 a 64 años;0,66666668;
Dólar;2010;Demandantes;Mujeres;TOTAL;9,00000002;
Dólar;2010;Demandantes;Ambos sexos;De 16 a 29 años;8,50000001;
Dólar;2010;Demandantes;Ambos sexos;De 30 a 44 años;10,25;
Dólar;2010;Demandantes;Ambos sexos;De 45 a 64 años;5,41666669;
Dólar;2010;Demandantes;Ambos sexos;TOTAL;24,1666667;
Dólar;2011;Demandantes;Hombres;De 16 a 29 años;5,58333333;
Dólar;2011;Demandantes;Hombres;De 30 a 44 años;9,58333334;
Dólar;2011;Demandantes;Hombres;De 45 a 64 años;7,58333334;
Dólar;2011;Demandantes;Hombres;TOTAL;22,75000001;
Dólar;2011;Demandantes;Mujeres;De 16 a 29 años;3,41666667;
Dólar;2011;Demandantes;Mujeres;De 30 a 44 años;5,83333333;
Dólar;2011;Demandantes;Mujeres;De 45 a 64 años;1,33333333;
Dólar;2011;Demandantes;Mujeres;TOTAL;10,58333333;
Dólar;2011;Demandantes;Ambos sexos;De 16 a 29 años;9;
Dólar;2011;Demandantes;Ambos sexos;De 30 a 44 años;15,41666667;
Dólar;2011;Demandantes;Ambos sexos;De 45 a 64 años;8,91666667;
Dólar;2011;Demandantes;Ambos sexos;TOTAL;33,33333334;
Dólar;2012;Demandantes;Hombres;De 16 a 29 años;4,24999999;
Dólar;2012;Demandantes;Hombres;De 30 a 44 años;11,33333334;
Dólar;2012;Demandantes;Hombres;De 45 a 64 años;8,66666666;
Dólar;2012;Demandantes;Hombres;TOTAL;24,24999999;
Dólar;2012;Demandantes;Mujeres;De 16 a 29 años;3,83333333;
Dólar;2012;Demandantes;Mujeres;De 30 a 44 años;9,33333335;
Dólar;2012;Demandantes;Mujeres;De 45 a 64 años;0,33333333;
Dólar;2012;Demandantes;Mujeres;TOTAL;13,50000001;
Dólar;2012;Demandantes;Ambos sexos;De 16 a 29 años;8,08333332;
Dólar;2012;Demandantes;Ambos sexos;De 30 a 44 años;20,66666669;
Dólar;2012;Demandantes;Ambos sexos;De 45 a 64 años;8,99999999;
Dólar;2012;Demandantes;Ambos sexos;TOTAL;37,75;
Dúdar;2010;Demandantes;Hombres;De 16 a 29 años;3,24999999;
Dúdar;2010;Demandantes;Hombres;De 30 a 44 años;9,16666668;
Dúdar;2010;Demandantes;Hombres;De 45 a 64 años;8,66666667;
Dúdar;2010;Demandantes;Hombres;TOTAL;21,08333334;
Dúdar;2010;Demandantes;Mujeres;De 16 a 29 años;1;
Dúdar;2010;Demandantes;Mujeres;De 30 a 44 años;2,91666666;
Dúdar;2010;Demandantes;Mujeres;De 45 a 64 años;3,33333333;
Dúdar;2010;Demandantes;Mujeres;TOTAL;7,24999999;
Dúdar;2010;Demandantes;Ambos sexos;De 16 a 29 años;4,24999999;
Dúdar;2010;Demandantes;Ambos sexos;De 30 a 44 años;12,08333334;
Dúdar;2010;Demandantes;Ambos sexos;De 45 a 64 años;12;
Dúdar;2010;Demandantes;Ambos sexos;TOTAL;28,33333333;
Dúdar;2011;Demandantes;Hombres;De 16 a 29 años;2,08333333;
Dúdar;2011;Demandantes;Hombres;De 30 a 44 años;7,50000001;
Dúdar;2011;Demandantes;Hombres;De 45 a 64 años;9,50000001;
Dúdar;2011;Demandantes;Hombres;TOTAL;19,08333335;
Dúdar;2011;Demandantes;Mujeres;De 16 a 29 años;2,08333333;
Dúdar;2011;Demandantes;Mujeres;De 30 a 44 años;2,33333333;
Dúdar;2011;Demandantes;Mujeres;De 45 a 64 años;3,83333335;
Dúdar;2011;Demandantes;Mujeres;TOTAL;8,25000001;
Dúdar;2011;Demandantes;Ambos sexos;De 16 a 29 años;4,16666666;
Dúdar;2011;Demandantes;Ambos sexos;De 30 a 44 años;9,83333334;
Dúdar;2011;Demandantes;Ambos sexos;De 45 a 64 años;13,33333336;
Dúdar;2011;Demandantes;Ambos sexos;TOTAL;27,33333336;
Dúdar;2012;Demandantes;Hombres;De 16 a 29 años;2,33333332;
Dúdar;2012;Demandantes;Hombres;De 30 a 44 años;8,66666667;
Dúdar;2012;Demandantes;Hombres;De 45 a 64 años;12,25;
Dúdar;2012;Demandantes;Hombres;TOTAL;23,24999999;
Dúdar;2012;Demandantes;Mujeres;De 16 a 29 años;5,5;
Dúdar;2012;Demandantes;Mujeres;De 30 a 44 años;3,58333334;
Dúdar;2012;Demandantes;Mujeres;De 45 a 64 años;3,41666667;
Dúdar;2012;Demandantes;Mujeres;TOTAL;12,50000001;
Dúdar;2012;Demandantes;Ambos sexos;De 16 a 29 años;7,83333332;
Dúdar;2012;Demandantes;Ambos sexos;De 30 a 44 años;12,25000001;
Dúdar;2012;Demandantes;Ambos sexos;De 45 a 64 años;15,66666667;
Dúdar;2012;Demandantes;Ambos sexos;TOTAL;35,75;
Dúrcal;2010;Demandantes;Hombres;De 16 a 29 años;130,58333334;
Dúrcal;2010;Demandantes;Hombres;De 30 a 44 años;203,25;
Dúrcal;2010;Demandantes;Hombres;De 45 a 64 años;163,00000001;
Dúrcal;2010;Demandantes;Hombres;TOTAL;496,83333335;
Dúrcal;2010;Demandantes;Mujeres;De 16 a 29 años;93,16666666;
Dúrcal;2010;Demandantes;Mujeres;De 30 a 44 años;184,25000001;
Dúrcal;2010;Demandantes;Mujeres;De 45 a 64 años;89,83333334;
Dúrcal;2010;Demandantes;Mujeres;TOTAL;367,25000001;
Dúrcal;2010;Demandantes;Ambos sexos;De 16 a 29 años;223,75;
Dúrcal;2010;Demandantes;Ambos sexos;De 30 a 44 años;387,50000001;
Dúrcal;2010;Demandantes;Ambos sexos;De 45 a 64 años;252,83333335;
Dúrcal;2010;Demandantes;Ambos sexos;TOTAL;864,08333336;
Dúrcal;2011;Demandantes;Hombres;De 16 a 29 años;128,75000001;
Dúrcal;2011;Demandantes;Hombres;De 30 a 44 años;196,25000001;
Dúrcal;2011;Demandantes;Hombres;De 45 a 64 años;176,91666667;
Dúrcal;2011;Demandantes;Hombres;TOTAL;501,91666669;
Dúrcal;2011;Demandantes;Mujeres;De 16 a 29 años;99,74999999;
Dúrcal;2011;Demandantes;Mujeres;De 30 a 44 años;185,83333331;
Dúrcal;2011;Demandantes;Mujeres;De 45 a 64 años;108,74999999;
Dúrcal;2011;Demandantes;Mujeres;TOTAL;394,33333329;
Dúrcal;2011;Demandantes;Ambos sexos;De 16 a 29 años;228,5;
Dúrcal;2011;Demandantes;Ambos sexos;De 30 a 44 años;382,08333332;
Dúrcal;2011;Demandantes;Ambos sexos;De 45 a 64 años;285,66666666;
Dúrcal;2011;Demandantes;Ambos sexos;TOTAL;896,24999998;
Dúrcal;2012;Demandantes;Hombres;De 16 a 29 años;137,41666667;
Dúrcal;2012;Demandantes;Hombres;De 30 a 44 años;217,75;
Dúrcal;2012;Demandantes;Hombres;De 45 a 64 años;213,08333333;
Dúrcal;2012;Demandantes;Hombres;TOTAL;568,25;
Dúrcal;2012;Demandantes;Mujeres;De 16 a 29 años;115,41666669;
Dúrcal;2012;Demandantes;Mujeres;De 30 a 44 años;212,75000001;
Dúrcal;2012;Demandantes;Mujeres;De 45 a 64 años;133,33333333;
Dúrcal;2012;Demandantes;Mujeres;TOTAL;461,50000003;
Dúrcal;2012;Demandantes;Ambos sexos;De 16 a 29 años;252,83333336;
Dúrcal;2012;Demandantes;Ambos sexos;De 30 a 44 años;430,50000001;
Dúrcal;2012;Demandantes;Ambos sexos;De 45 a 64 años;346,41666666;
Dúrcal;2012;Demandantes;Ambos sexos;TOTAL;1029,75000003;
El Pinar;2010;Demandantes;Hombres;De 16 a 29 años;10,08333334;
El Pinar;2010;Demandantes;Hombres;De 30 a 44 años;18,41666665;
El Pinar;2010;Demandantes;Hombres;De 45 a 64 años;23;
El Pinar;2010;Demandantes;Hombres;TOTAL;51,49999999;
El Pinar;2010;Demandantes;Mujeres;De 16 a 29 años;9,66666665;
El Pinar;2010;Demandantes;Mujeres;De 30 a 44 años;7,41666667;
El Pinar;2010;Demandantes;Mujeres;De 45 a 64 años;8,91666666;
El Pinar;2010;Demandantes;Mujeres;TOTAL;25,99999998;
El Pinar;2010;Demandantes;Ambos sexos;De 16 a 29 años;19,74999999;
El Pinar;2010;Demandantes;Ambos sexos;De 30 a 44 años;25,83333332;
El Pinar;2010;Demandantes;Ambos sexos;De 45 a 64 años;31,91666666;
El Pinar;2010;Demandantes;Ambos sexos;TOTAL;77,49999997;
El Pinar;2011;Demandantes;Hombres;De 16 a 29 años;11,08333334;
El Pinar;2011;Demandantes;Hombres;De 30 a 44 años;16,25;
El Pinar;2011;Demandantes;Hombres;De 45 a 64 años;23,75;
El Pinar;2011;Demandantes;Hombres;TOTAL;51,08333334;
El Pinar;2011;Demandantes;Mujeres;De 16 a 29 años;14,75;
El Pinar;2011;Demandantes;Mujeres;De 30 a 44 años;11,16666666;
El Pinar;2011;Demandantes;Mujeres;De 45 a 64 años;9,16666668;
El Pinar;2011;Demandantes;Mujeres;TOTAL;35,08333334;
El Pinar;2011;Demandantes;Ambos sexos;De 16 a 29 años;25,83333334;
El Pinar;2011;Demandantes;Ambos sexos;De 30 a 44 años;27,41666666;
El Pinar;2011;Demandantes;Ambos sexos;De 45 a 64 años;32,91666668;
El Pinar;2011;Demandantes;Ambos sexos;TOTAL;86,16666668;
El Pinar;2012;Demandantes;Hombres;De 16 a 29 años;16,33333334;
El Pinar;2012;Demandantes;Hombres;De 30 a 44 años;23,75;
El Pinar;2012;Demandantes;Hombres;De 45 a 64 años;29,16666667;
El Pinar;2012;Demandantes;Hombres;TOTAL;69,25000001;
El Pinar;2012;Demandantes;Mujeres;De 16 a 29 años;18,08333333;
El Pinar;2012;Demandantes;Mujeres;De 30 a 44 años;16,33333333;
El Pinar;2012;Demandantes;Mujeres;De 45 a 64 años;14,41666668;
El Pinar;2012;Demandantes;Mujeres;TOTAL;48,83333334;
El Pinar;2012;Demandantes;Ambos sexos;De 16 a 29 años;34,41666667;
El Pinar;2012;Demandantes;Ambos sexos;De 30 a 44 años;40,08333333;
El Pinar;2012;Demandantes;Ambos sexos;De 45 a 64 años;43,58333335;
El Pinar;2012;Demandantes;Ambos sexos;TOTAL;118,08333335;
El Valle;2010;Demandantes;Hombres;De 16 a 29 años;14,83333333;
El Valle;2010;Demandantes;Hombres;De 30 a 44 años;18,16666666;
El Valle;2010;Demandantes;Hombres;De 45 a 64 años;10,74999999;
El Valle;2010;Demandantes;Hombres;TOTAL;43,74999998;
El Valle;2010;Demandantes;Mujeres;De 16 a 29 años;5,41666667;
El Valle;2010;Demandantes;Mujeres;De 30 a 44 años;10,5;
El Valle;2010;Demandantes;Mujeres;De 45 a 64 años;0,16666666;
El Valle;2010;Demandantes;Mujeres;TOTAL;16,08333333;
El Valle;2010;Demandantes;Ambos sexos;De 16 a 29 años;20,25;
El Valle;2010;Demandantes;Ambos sexos;De 30 a 44 años;28,66666666;
El Valle;2010;Demandantes;Ambos sexos;De 45 a 64 años;10,91666665;
El Valle;2010;Demandantes;Ambos sexos;TOTAL;59,83333331;
El Valle;2011;Demandantes;Hombres;De 16 a 29 años;9,66666667;
El Valle;2011;Demandantes;Hombres;De 30 a 44 años;17,75;
El Valle;2011;Demandantes;Hombres;De 45 a 64 años;13,41666667;
El Valle;2011;Demandantes;Hombres;TOTAL;40,83333334;
El Valle;2011;Demandantes;Mujeres;De 16 a 29 años;7,66666665;
El Valle;2011;Demandantes;Mujeres;De 30 a 44 años;7,66666666;
El Valle;2011;Demandantes;Mujeres;De 45 a 64 años;0,83333333;
El Valle;2011;Demandantes;Mujeres;TOTAL;16,16666664;
El Valle;2011;Demandantes;Ambos sexos;De 16 a 29 años;17,33333332;
El Valle;2011;Demandantes;Ambos sexos;De 30 a 44 años;25,41666666;
El Valle;2011;Demandantes;Ambos sexos;De 45 a 64 años;14,25;
El Valle;2011;Demandantes;Ambos sexos;TOTAL;56,99999998;
El Valle;2012;Demandantes;Hombres;De 16 a 29 años;14,75;
El Valle;2012;Demandantes;Hombres;De 30 a 44 años;16,41666666;
El Valle;2012;Demandantes;Hombres;De 45 a 64 años;16,24999999;
El Valle;2012;Demandantes;Hombres;TOTAL;47,41666665;
El Valle;2012;Demandantes;Mujeres;De 16 a 29 años;9,83333335;
El Valle;2012;Demandantes;Mujeres;De 30 a 44 años;12,75000001;
El Valle;2012;Demandantes;Mujeres;De 45 a 64 años;2,25000001;
El Valle;2012;Demandantes;Mujeres;TOTAL;24,83333337;
El Valle;2012;Demandantes;Ambos sexos;De 16 a 29 años;24,58333335;
El Valle;2012;Demandantes;Ambos sexos;De 30 a 44 años;29,16666667;
El Valle;2012;Demandantes;Ambos sexos;De 45 a 64 años;18,5;
El Valle;2012;Demandantes;Ambos sexos;TOTAL;72,25000002;
Escúzar;2010;Demandantes;Hombres;De 16 a 29 años;7,83333334;
Escúzar;2010;Demandantes;Hombres;De 30 a 44 años;8,83333333;
Escúzar;2010;Demandantes;Hombres;De 45 a 64 años;11,83333333;
Escúzar;2010;Demandantes;Hombres;TOTAL;28,5;
Escúzar;2010;Demandantes;Mujeres;De 16 a 29 años;9,24999998;
Escúzar;2010;Demandantes;Mujeres;De 30 a 44 años;9,83333333;
Escúzar;2010;Demandantes;Mujeres;De 45 a 64 años;6;
Escúzar;2010;Demandantes;Mujeres;TOTAL;25,08333331;
Escúzar;2010;Demandantes;Ambos sexos;De 16 a 29 años;17,08333332;
Escúzar;2010;Demandantes;Ambos sexos;De 30 a 44 años;18,66666666;
Escúzar;2010;Demandantes;Ambos sexos;De 45 a 64 años;17,83333333;
Escúzar;2010;Demandantes;Ambos sexos;TOTAL;53,58333331;
Escúzar;2011;Demandantes;Hombres;De 16 a 29 años;12,83333332;
Escúzar;2011;Demandantes;Hombres;De 30 a 44 años;12,66666668;
Escúzar;2011;Demandantes;Hombres;De 45 a 64 años;13,58333332;
Escúzar;2011;Demandantes;Hombres;TOTAL;39,08333332;
Escúzar;2011;Demandantes;Mujeres;De 16 a 29 años;10,75;
Escúzar;2011;Demandantes;Mujeres;De 30 a 44 años;9,83333333;
Escúzar;2011;Demandantes;Mujeres;De 45 a 64 años;6,75;
Escúzar;2011;Demandantes;Mujeres;TOTAL;27,33333333;
Escúzar;2011;Demandantes;Ambos sexos;De 16 a 29 años;23,58333332;
Escúzar;2011;Demandantes;Ambos sexos;De 30 a 44 años;22,50000001;
Escúzar;2011;Demandantes;Ambos sexos;De 45 a 64 años;20,33333332;
Escúzar;2011;Demandantes;Ambos sexos;TOTAL;66,41666665;
Escúzar;2012;Demandantes;Hombres;De 16 a 29 años;13,66666667;
Escúzar;2012;Demandantes;Hombres;De 30 a 44 años;16,24999999;
Escúzar;2012;Demandantes;Hombres;De 45 a 64 años;13,08333333;
Escúzar;2012;Demandantes;Hombres;TOTAL;42,99999999;
Escúzar;2012;Demandantes;Mujeres;De 16 a 29 años;8,99999999;
Escúzar;2012;Demandantes;Mujeres;De 30 a 44 años;9,5;
Escúzar;2012;Demandantes;Mujeres;De 45 a 64 años;7,91666667;
Escúzar;2012;Demandantes;Mujeres;TOTAL;26,41666666;
Escúzar;2012;Demandantes;Ambos sexos;De 16 a 29 años;22,66666666;
Escúzar;2012;Demandantes;Ambos sexos;De 30 a 44 años;25,74999999;
Escúzar;2012;Demandantes;Ambos sexos;De 45 a 64 años;21;
Escúzar;2012;Demandantes;Ambos sexos;TOTAL;69,41666665;
Ferreira;2010;Demandantes;Hombres;De 16 a 29 años;2,58333334;
Ferreira;2010;Demandantes;Hombres;De 30 a 44 años;2;
Ferreira;2010;Demandantes;Hombres;De 45 a 64 años;2,66666667;
Ferreira;2010;Demandantes;Hombres;TOTAL;7,25000001;
Ferreira;2010;Demandantes;Mujeres;De 16 a 29 años;0,58333333;
Ferreira;2010;Demandantes;Mujeres;De 30 a 44 años;3,83333333;
Ferreira;2010;Demandantes;Mujeres;De 45 a 64 años;0,16666667;
Ferreira;2010;Demandantes;Mujeres;TOTAL;4,58333333;
Ferreira;2010;Demandantes;Ambos sexos;De 16 a 29 años;3,16666667;
Ferreira;2010;Demandantes;Ambos sexos;De 30 a 44 años;5,83333333;
Ferreira;2010;Demandantes;Ambos sexos;De 45 a 64 años;2,83333334;
Ferreira;2010;Demandantes;Ambos sexos;TOTAL;11,83333334;
Ferreira;2011;Demandantes;Hombres;De 16 a 29 años;2,25;
Ferreira;2011;Demandantes;Hombres;De 30 a 44 años;5,08333333;
Ferreira;2011;Demandantes;Hombres;De 45 a 64 años;3,16666667;
Ferreira;2011;Demandantes;Hombres;TOTAL;10,5;
Ferreira;2011;Demandantes;Mujeres;De 16 a 29 años;1,83333334;
Ferreira;2011;Demandantes;Mujeres;De 30 a 44 años;6,33333333;
Ferreira;2011;Demandantes;Mujeres;De 45 a 64 años;0,75;
Ferreira;2011;Demandantes;Mujeres;TOTAL;8,91666667;
Ferreira;2011;Demandantes;Ambos sexos;De 16 a 29 años;4,08333334;
Ferreira;2011;Demandantes;Ambos sexos;De 30 a 44 años;11,41666666;
Ferreira;2011;Demandantes;Ambos sexos;De 45 a 64 años;3,91666667;
Ferreira;2011;Demandantes;Ambos sexos;TOTAL;19,41666667;
Ferreira;2012;Demandantes;Hombres;De 16 a 29 años;4,5;
Ferreira;2012;Demandantes;Hombres;De 30 a 44 años;8,33333334;
Ferreira;2012;Demandantes;Hombres;De 45 a 64 años;3,83333333;
Ferreira;2012;Demandantes;Hombres;TOTAL;16,66666667;
Ferreira;2012;Demandantes;Mujeres;De 16 a 29 años;3,58333334;
Ferreira;2012;Demandantes;Mujeres;De 30 a 44 años;6,5;
Ferreira;2012;Demandantes;Mujeres;De 45 a 64 años;2,16666666;
Ferreira;2012;Demandantes;Mujeres;TOTAL;12,25;
Ferreira;2012;Demandantes;Ambos sexos;De 16 a 29 años;8,08333334;
Ferreira;2012;Demandantes;Ambos sexos;De 30 a 44 años;14,83333334;
Ferreira;2012;Demandantes;Ambos sexos;De 45 a 64 años;5,99999999;
Ferreira;2012;Demandantes;Ambos sexos;TOTAL;28,91666667;
Fonelas;2010;Demandantes;Hombres;De 16 a 29 años;12,25;
Fonelas;2010;Demandantes;Hombres;De 30 a 44 años;19,08333335;
Fonelas;2010;Demandantes;Hombres;De 45 a 64 años;13,50000001;
Fonelas;2010;Demandantes;Hombres;TOTAL;44,83333336;
Fonelas;2010;Demandantes;Mujeres;De 16 a 29 años;10,5;
Fonelas;2010;Demandantes;Mujeres;De 30 a 44 años;7,08333333;
Fonelas;2010;Demandantes;Mujeres;De 45 a 64 años;1,91666666;
Fonelas;2010;Demandantes;Mujeres;TOTAL;19,49999999;
Fonelas;2010;Demandantes;Ambos sexos;De 16 a 29 años;22,75;
Fonelas;2010;Demandantes;Ambos sexos;De 30 a 44 años;26,16666668;
Fonelas;2010;Demandantes;Ambos sexos;De 45 a 64 años;15,41666667;
Fonelas;2010;Demandantes;Ambos sexos;TOTAL;64,33333335;
Fonelas;2011;Demandantes;Hombres;De 16 a 29 años;8,66666667;
Fonelas;2011;Demandantes;Hombres;De 30 a 44 años;13,33333334;
Fonelas;2011;Demandantes;Hombres;De 45 a 64 años;14,08333334;
Fonelas;2011;Demandantes;Hombres;TOTAL;36,08333335;
Fonelas;2011;Demandantes;Mujeres;De 16 a 29 años;10,66666666;
Fonelas;2011;Demandantes;Mujeres;De 30 a 44 años;5,99999999;
Fonelas;2011;Demandantes;Mujeres;De 45 a 64 años;2,75;
Fonelas;2011;Demandantes;Mujeres;TOTAL;19,41666665;
Fonelas;2011;Demandantes;Ambos sexos;De 16 a 29 años;19,33333333;
Fonelas;2011;Demandantes;Ambos sexos;De 30 a 44 años;19,33333333;
Fonelas;2011;Demandantes;Ambos sexos;De 45 a 64 años;16,83333334;
Fonelas;2011;Demandantes;Ambos sexos;TOTAL;55,5;
Fonelas;2012;Demandantes;Hombres;De 16 a 29 años;11,16666667;
Fonelas;2012;Demandantes;Hombres;De 30 a 44 años;13,49999999;
Fonelas;2012;Demandantes;Hombres;De 45 a 64 años;17,41666667;
Fonelas;2012;Demandantes;Hombres;TOTAL;42,08333333;
Fonelas;2012;Demandantes;Mujeres;De 16 a 29 años;12,33333332;
Fonelas;2012;Demandantes;Mujeres;De 30 a 44 años;7,58333333;
Fonelas;2012;Demandantes;Mujeres;De 45 a 64 años;3,16666667;
Fonelas;2012;Demandantes;Mujeres;TOTAL;23,08333332;
Fonelas;2012;Demandantes;Ambos sexos;De 16 a 29 años;23,49999999;
Fonelas;2012;Demandantes;Ambos sexos;De 30 a 44 años;21,08333332;
Fonelas;2012;Demandantes;Ambos sexos;De 45 a 64 años;20,58333334;
Fonelas;2012;Demandantes;Ambos sexos;TOTAL;65,16666665;
Freila;2010;Demandantes;Hombres;De 16 a 29 años;10,25000001;
Freila;2010;Demandantes;Hombres;De 30 a 44 años;10,41666666;
Freila;2010;Demandantes;Hombres;De 45 a 64 años;9,58333334;
Freila;2010;Demandantes;Hombres;TOTAL;30,25000001;
Freila;2010;Demandantes;Mujeres;De 16 a 29 años;7,33333333;
Freila;2010;Demandantes;Mujeres;De 30 a 44 años;9,16666666;
Freila;2010;Demandantes;Mujeres;De 45 a 64 años;10,49999999;
Freila;2010;Demandantes;Mujeres;TOTAL;26,99999998;
Freila;2010;Demandantes;Ambos sexos;De 16 a 29 años;17,58333334;
Freila;2010;Demandantes;Ambos sexos;De 30 a 44 años;19,58333332;
Freila;2010;Demandantes;Ambos sexos;De 45 a 64 años;20,08333333;
Freila;2010;Demandantes;Ambos sexos;TOTAL;57,24999999;
Freila;2011;Demandantes;Hombres;De 16 a 29 años;9,91666667;
Freila;2011;Demandantes;Hombres;De 30 a 44 años;9,99999999;
Freila;2011;Demandantes;Hombres;De 45 a 64 años;7,66666666;
Freila;2011;Demandantes;Hombres;TOTAL;27,58333332;
Freila;2011;Demandantes;Mujeres;De 16 a 29 años;8,08333332;
Freila;2011;Demandantes;Mujeres;De 30 a 44 años;6,5;
Freila;2011;Demandantes;Mujeres;De 45 a 64 años;11,16666668;
Freila;2011;Demandantes;Mujeres;TOTAL;25,75;
Freila;2011;Demandantes;Ambos sexos;De 16 a 29 años;17,99999999;
Freila;2011;Demandantes;Ambos sexos;De 30 a 44 años;16,49999999;
Freila;2011;Demandantes;Ambos sexos;De 45 a 64 años;18,83333334;
Freila;2011;Demandantes;Ambos sexos;TOTAL;53,33333332;
Freila;2012;Demandantes;Hombres;De 16 a 29 años;11,41666667;
Freila;2012;Demandantes;Hombres;De 30 a 44 años;12,66666665;
Freila;2012;Demandantes;Hombres;De 45 a 64 años;13,58333333;
Freila;2012;Demandantes;Hombres;TOTAL;37,66666665;
Freila;2012;Demandantes;Mujeres;De 16 a 29 años;8,24999999;
Freila;2012;Demandantes;Mujeres;De 30 a 44 años;7,91666666;
Freila;2012;Demandantes;Mujeres;De 45 a 64 años;12,66666667;
Freila;2012;Demandantes;Mujeres;TOTAL;28,83333332;
Freila;2012;Demandantes;Ambos sexos;De 16 a 29 años;19,66666666;
Freila;2012;Demandantes;Ambos sexos;De 30 a 44 años;20,58333331;
Freila;2012;Demandantes;Ambos sexos;De 45 a 64 años;26,25;
Freila;2012;Demandantes;Ambos sexos;TOTAL;66,49999997;
Fuente Vaqueros;2010;Demandantes;Hombres;De 16 a 29 años;84,08333333;
Fuente Vaqueros;2010;Demandantes;Hombres;De 30 a 44 años;142,33333332;
Fuente Vaqueros;2010;Demandantes;Hombres;De 45 a 64 años;79,33333334;
Fuente Vaqueros;2010;Demandantes;Hombres;TOTAL;305,74999999;
Fuente Vaqueros;2010;Demandantes;Mujeres;De 16 a 29 años;57;
Fuente Vaqueros;2010;Demandantes;Mujeres;De 30 a 44 años;80,99999999;
Fuente Vaqueros;2010;Demandantes;Mujeres;De 45 a 64 años;42,83333334;
Fuente Vaqueros;2010;Demandantes;Mujeres;TOTAL;180,83333333;
Fuente Vaqueros;2010;Demandantes;Ambos sexos;De 16 a 29 años;141,08333333;
Fuente Vaqueros;2010;Demandantes;Ambos sexos;De 30 a 44 años;223,33333331;
Fuente Vaqueros;2010;Demandantes;Ambos sexos;De 45 a 64 años;122,16666668;
Fuente Vaqueros;2010;Demandantes;Ambos sexos;TOTAL;486,58333332;
Fuente Vaqueros;2011;Demandantes;Hombres;De 16 a 29 años;91,25;
Fuente Vaqueros;2011;Demandantes;Hombres;De 30 a 44 años;143,91666667;
Fuente Vaqueros;2011;Demandantes;Hombres;De 45 a 64 años;94,83333334;
Fuente Vaqueros;2011;Demandantes;Hombres;TOTAL;330,00000001;
Fuente Vaqueros;2011;Demandantes;Mujeres;De 16 a 29 años;70,83333332;
Fuente Vaqueros;2011;Demandantes;Mujeres;De 30 a 44 años;87,25;
Fuente Vaqueros;2011;Demandantes;Mujeres;De 45 a 64 años;48,58333334;
Fuente Vaqueros;2011;Demandantes;Mujeres;TOTAL;206,66666666;
Fuente Vaqueros;2011;Demandantes;Ambos sexos;De 16 a 29 años;162,08333332;
Fuente Vaqueros;2011;Demandantes;Ambos sexos;De 30 a 44 años;231,16666667;
Fuente Vaqueros;2011;Demandantes;Ambos sexos;De 45 a 64 años;143,41666668;
Fuente Vaqueros;2011;Demandantes;Ambos sexos;TOTAL;536,66666667;
Fuente Vaqueros;2012;Demandantes;Hombres;De 16 a 29 años;89,24999998;
Fuente Vaqueros;2012;Demandantes;Hombres;De 30 a 44 años;144,16666667;
Fuente Vaqueros;2012;Demandantes;Hombres;De 45 a 64 años;118,16666667;
Fuente Vaqueros;2012;Demandantes;Hombres;TOTAL;351,58333332;
Fuente Vaqueros;2012;Demandantes;Mujeres;De 16 a 29 años;88,91666668;
Fuente Vaqueros;2012;Demandantes;Mujeres;De 30 a 44 años;95,75000001;
Fuente Vaqueros;2012;Demandantes;Mujeres;De 45 a 64 años;64,25;
Fuente Vaqueros;2012;Demandantes;Mujeres;TOTAL;248,91666669;
Fuente Vaqueros;2012;Demandantes;Ambos sexos;De 16 a 29 años;178,16666666;
Fuente Vaqueros;2012;Demandantes;Ambos sexos;De 30 a 44 años;239,91666668;
Fuente Vaqueros;2012;Demandantes;Ambos sexos;De 45 a 64 años;182,41666667;
Fuente Vaqueros;2012;Demandantes;Ambos sexos;TOTAL;600,50000001;
Galera;2010;Demandantes;Hombres;De 16 a 29 años;7,25;
Galera;2010;Demandantes;Hombres;De 30 a 44 años;13,16666667;
Galera;2010;Demandantes;Hombres;De 45 a 64 años;18,91666667;
Galera;2010;Demandantes;Hombres;TOTAL;39,33333334;
Galera;2010;Demandantes;Mujeres;De 16 a 29 años;8,25;
Galera;2010;Demandantes;Mujeres;De 30 a 44 años;17,33333334;
Galera;2010;Demandantes;Mujeres;De 45 a 64 años;14,33333334;
Galera;2010;Demandantes;Mujeres;TOTAL;39,91666668;
Galera;2010;Demandantes;Ambos sexos;De 16 a 29 años;15,5;
Galera;2010;Demandantes;Ambos sexos;De 30 a 44 años;30,50000001;
Galera;2010;Demandantes;Ambos sexos;De 45 a 64 años;33,25000001;
Galera;2010;Demandantes;Ambos sexos;TOTAL;79,25000002;
Galera;2011;Demandantes;Hombres;De 16 a 29 años;8,33333335;
Galera;2011;Demandantes;Hombres;De 30 a 44 años;16,08333334;
Galera;2011;Demandantes;Hombres;De 45 a 64 años;21,33333333;
Galera;2011;Demandantes;Hombres;TOTAL;45,75000002;
Galera;2011;Demandantes;Mujeres;De 16 a 29 años;7,91666666;
Galera;2011;Demandantes;Mujeres;De 30 a 44 años;21,08333332;
Galera;2011;Demandantes;Mujeres;De 45 a 64 años;18,41666667;
Galera;2011;Demandantes;Mujeres;TOTAL;47,41666665;
Galera;2011;Demandantes;Ambos sexos;De 16 a 29 años;16,25000001;
Galera;2011;Demandantes;Ambos sexos;De 30 a 44 años;37,16666666;
Galera;2011;Demandantes;Ambos sexos;De 45 a 64 años;39,75;
Galera;2011;Demandantes;Ambos sexos;TOTAL;93,16666667;
Galera;2012;Demandantes;Hombres;De 16 a 29 años;10,75000001;
Galera;2012;Demandantes;Hombres;De 30 a 44 años;16,41666668;
Galera;2012;Demandantes;Hombres;De 45 a 64 años;23,91666666;
Galera;2012;Demandantes;Hombres;TOTAL;51,08333335;
Galera;2012;Demandantes;Mujeres;De 16 a 29 años;9,25000001;
Galera;2012;Demandantes;Mujeres;De 30 a 44 años;23,33333333;
Galera;2012;Demandantes;Mujeres;De 45 a 64 años;23;
Galera;2012;Demandantes;Mujeres;TOTAL;55,58333334;
Galera;2012;Demandantes;Ambos sexos;De 16 a 29 años;20,00000002;
Galera;2012;Demandantes;Ambos sexos;De 30 a 44 años;39,75000001;
Galera;2012;Demandantes;Ambos sexos;De 45 a 64 años;46,91666666;
Galera;2012;Demandantes;Ambos sexos;TOTAL;106,66666669;
Gobernador;2010;Demandantes;Hombres;De 16 a 29 años;2,41666667;
Gobernador;2010;Demandantes;Hombres;De 30 a 44 años;1,66666667;
Gobernador;2010;Demandantes;Hombres;De 45 a 64 años;1,75000001;
Gobernador;2010;Demandantes;Hombres;TOTAL;5,83333335;
Gobernador;2010;Demandantes;Mujeres;De 16 a 29 años;0,75;
Gobernador;2010;Demandantes;Mujeres;De 30 a 44 años;2,83333333;
Gobernador;2010;Demandantes;Mujeres;De 45 a 64 años;2,25;
Gobernador;2010;Demandantes;Mujeres;TOTAL;5,83333333;
Gobernador;2010;Demandantes;Ambos sexos;De 16 a 29 años;3,16666667;
Gobernador;2010;Demandantes;Ambos sexos;De 30 a 44 años;4,5;
Gobernador;2010;Demandantes;Ambos sexos;De 45 a 64 años;4,00000001;
Gobernador;2010;Demandantes;Ambos sexos;TOTAL;11,66666668;
Gobernador;2011;Demandantes;Hombres;De 16 a 29 años;1,5;
Gobernador;2011;Demandantes;Hombres;De 30 a 44 años;1,16666666;
Gobernador;2011;Demandantes;Hombres;De 45 a 64 años;2,99999999;
Gobernador;2011;Demandantes;Hombres;TOTAL;5,66666665;
Gobernador;2011;Demandantes;Mujeres;De 16 a 29 años;2,66666667;
Gobernador;2011;Demandantes;Mujeres;De 30 a 44 años;2,83333333;
Gobernador;2011;Demandantes;Mujeres;De 45 a 64 años;3;
Gobernador;2011;Demandantes;Mujeres;TOTAL;8,5;
Gobernador;2011;Demandantes;Ambos sexos;De 16 a 29 años;4,16666667;
Gobernador;2011;Demandantes;Ambos sexos;De 30 a 44 años;3,99999999;
Gobernador;2011;Demandantes;Ambos sexos;De 45 a 64 años;5,99999999;
Gobernador;2011;Demandantes;Ambos sexos;TOTAL;14,16666665;
Gobernador;2012;Demandantes;Hombres;De 16 a 29 años;2,16666668;
Gobernador;2012;Demandantes;Hombres;De 30 a 44 años;3,41666667;
Gobernador;2012;Demandantes;Hombres;De 45 a 64 años;3,24999999;
Gobernador;2012;Demandantes;Hombres;TOTAL;8,83333334;
Gobernador;2012;Demandantes;Mujeres;De 16 a 29 años;4,91666667;
Gobernador;2012;Demandantes;Mujeres;De 30 a 44 años;4,74999999;
Gobernador;2012;Demandantes;Mujeres;De 45 a 64 años;3,49999999;
Gobernador;2012;Demandantes;Mujeres;TOTAL;13,16666665;
Gobernador;2012;Demandantes;Ambos sexos;De 16 a 29 años;7,08333335;
Gobernador;2012;Demandantes;Ambos sexos;De 30 a 44 años;8,16666666;
Gobernador;2012;Demandantes;Ambos sexos;De 45 a 64 años;6,74999998;
Gobernador;2012;Demandantes;Ambos sexos;TOTAL;21,99999999;
Gójar;2010;Demandantes;Hombres;De 16 a 29 años;63,16666667;
Gójar;2010;Demandantes;Hombres;De 30 a 44 años;100,49999997;
Gójar;2010;Demandantes;Hombres;De 45 a 64 años;85,66666664;
Gójar;2010;Demandantes;Hombres;TOTAL;249,33333328;
Gójar;2010;Demandantes;Mujeres;De 16 a 29 años;51,58333333;
Gójar;2010;Demandantes;Mujeres;De 30 a 44 años;112,75000001;
Gójar;2010;Demandantes;Mujeres;De 45 a 64 años;57,91666665;
Gójar;2010;Demandantes;Mujeres;TOTAL;222,24999999;
Gójar;2010;Demandantes;Ambos sexos;De 16 a 29 años;114,75;
Gójar;2010;Demandantes;Ambos sexos;De 30 a 44 años;213,24999998;
Gójar;2010;Demandantes;Ambos sexos;De 45 a 64 años;143,58333329;
Gójar;2010;Demandantes;Ambos sexos;TOTAL;471,58333327;
Gójar;2011;Demandantes;Hombres;De 16 a 29 años;59,83333334;
Gójar;2011;Demandantes;Hombres;De 30 a 44 años;98,83333332;
Gójar;2011;Demandantes;Hombres;De 45 a 64 años;100,83333332;
Gójar;2011;Demandantes;Hombres;TOTAL;259,49999998;
Gójar;2011;Demandantes;Mujeres;De 16 a 29 años;54,16666666;
Gójar;2011;Demandantes;Mujeres;De 30 a 44 años;110,24999998;
Gójar;2011;Demandantes;Mujeres;De 45 a 64 años;65,74999999;
Gójar;2011;Demandantes;Mujeres;TOTAL;230,16666663;
Gójar;2011;Demandantes;Ambos sexos;De 16 a 29 años;114;
Gójar;2011;Demandantes;Ambos sexos;De 30 a 44 años;209,0833333;
Gójar;2011;Demandantes;Ambos sexos;De 45 a 64 años;166,58333331;
Gójar;2011;Demandantes;Ambos sexos;TOTAL;489,66666661;
Gójar;2012;Demandantes;Hombres;De 16 a 29 años;74,50000001;
Gójar;2012;Demandantes;Hombres;De 30 a 44 años;114,58333331;
Gójar;2012;Demandantes;Hombres;De 45 a 64 años;126,99999998;
Gójar;2012;Demandantes;Hombres;TOTAL;316,0833333;
Gójar;2012;Demandantes;Mujeres;De 16 a 29 años;63,5;
Gójar;2012;Demandantes;Mujeres;De 30 a 44 años;118,24999998;
Gójar;2012;Demandantes;Mujeres;De 45 a 64 años;93,49999999;
Gójar;2012;Demandantes;Mujeres;TOTAL;275,24999997;
Gójar;2012;Demandantes;Ambos sexos;De 16 a 29 años;138,00000001;
Gójar;2012;Demandantes;Ambos sexos;De 30 a 44 años;232,83333329;
Gójar;2012;Demandantes;Ambos sexos;De 45 a 64 años;220,49999997;
Gójar;2012;Demandantes;Ambos sexos;TOTAL;591,33333327;
Gor;2010;Demandantes;Hombres;De 16 a 29 años;6;
Gor;2010;Demandantes;Hombres;De 30 a 44 años;11,66666667;
Gor;2010;Demandantes;Hombres;De 45 a 64 años;19,66666665;
Gor;2010;Demandantes;Hombres;TOTAL;37,33333332;
Gor;2010;Demandantes;Mujeres;De 16 a 29 años;4,41666666;
Gor;2010;Demandantes;Mujeres;De 30 a 44 años;6,91666666;
Gor;2010;Demandantes;Mujeres;De 45 a 64 años;5;
Gor;2010;Demandantes;Mujeres;TOTAL;16,33333332;
Gor;2010;Demandantes;Ambos sexos;De 16 a 29 años;10,41666666;
Gor;2010;Demandantes;Ambos sexos;De 30 a 44 años;18,58333333;
Gor;2010;Demandantes;Ambos sexos;De 45 a 64 años;24,66666665;
Gor;2010;Demandantes;Ambos sexos;TOTAL;53,66666664;
Gor;2011;Demandantes;Hombres;De 16 a 29 años;5,5;
Gor;2011;Demandantes;Hombres;De 30 a 44 años;9,49999999;
Gor;2011;Demandantes;Hombres;De 45 a 64 años;24,08333332;
Gor;2011;Demandantes;Hombres;TOTAL;39,08333331;
Gor;2011;Demandantes;Mujeres;De 16 a 29 años;8,75000001;
Gor;2011;Demandantes;Mujeres;De 30 a 44 años;3,16666666;
Gor;2011;Demandantes;Mujeres;De 45 a 64 años;4,50000002;
Gor;2011;Demandantes;Mujeres;TOTAL;16,41666669;
Gor;2011;Demandantes;Ambos sexos;De 16 a 29 años;14,25000001;
Gor;2011;Demandantes;Ambos sexos;De 30 a 44 años;12,66666665;
Gor;2011;Demandantes;Ambos sexos;De 45 a 64 años;28,58333334;
Gor;2011;Demandantes;Ambos sexos;TOTAL;55,5;
Gor;2012;Demandantes;Hombres;De 16 a 29 años;9,75000001;
Gor;2012;Demandantes;Hombres;De 30 a 44 años;12,25000001;
Gor;2012;Demandantes;Hombres;De 45 a 64 años;30,41666667;
Gor;2012;Demandantes;Hombres;TOTAL;52,41666669;
Gor;2012;Demandantes;Mujeres;De 16 a 29 años;7,25000001;
Gor;2012;Demandantes;Mujeres;De 30 a 44 años;4,41666667;
Gor;2012;Demandantes;Mujeres;De 45 a 64 años;6,25;
Gor;2012;Demandantes;Mujeres;TOTAL;17,91666668;
Gor;2012;Demandantes;Ambos sexos;De 16 a 29 años;17,00000002;
Gor;2012;Demandantes;Ambos sexos;De 30 a 44 años;16,66666668;
Gor;2012;Demandantes;Ambos sexos;De 45 a 64 años;36,66666667;
Gor;2012;Demandantes;Ambos sexos;TOTAL;70,33333337;
Gorafe;2010;Demandantes;Hombres;De 16 a 29 años;4,91666666;
Gorafe;2010;Demandantes;Hombres;De 30 a 44 años;8,75000001;
Gorafe;2010;Demandantes;Hombres;De 45 a 64 años;10,25;
Gorafe;2010;Demandantes;Hombres;TOTAL;23,91666667;
Gorafe;2010;Demandantes;Mujeres;De 16 a 29 años;3,99999998;
Gorafe;2010;Demandantes;Mujeres;De 30 a 44 años;7,25000002;
Gorafe;2010;Demandantes;Mujeres;De 45 a 64 años;3,41666666;
Gorafe;2010;Demandantes;Mujeres;TOTAL;14,66666666;
Gorafe;2010;Demandantes;Ambos sexos;De 16 a 29 años;8,91666664;
Gorafe;2010;Demandantes;Ambos sexos;De 30 a 44 años;16,00000003;
Gorafe;2010;Demandantes;Ambos sexos;De 45 a 64 años;13,66666666;
Gorafe;2010;Demandantes;Ambos sexos;TOTAL;38,58333333;
Gorafe;2011;Demandantes;Hombres;De 16 a 29 años;2,91666667;
Gorafe;2011;Demandantes;Hombres;De 30 a 44 años;7,08333333;
Gorafe;2011;Demandantes;Hombres;De 45 a 64 años;10,58333333;
Gorafe;2011;Demandantes;Hombres;TOTAL;20,58333333;
Gorafe;2011;Demandantes;Mujeres;De 16 a 29 años;3,58333334;
Gorafe;2011;Demandantes;Mujeres;De 30 a 44 años;9,75;
Gorafe;2011;Demandantes;Mujeres;De 45 a 64 años;5,08333333;
Gorafe;2011;Demandantes;Mujeres;TOTAL;18,41666667;
Gorafe;2011;Demandantes;Ambos sexos;De 16 a 29 años;6,50000001;
Gorafe;2011;Demandantes;Ambos sexos;De 30 a 44 años;16,83333333;
Gorafe;2011;Demandantes;Ambos sexos;De 45 a 64 años;15,66666666;
Gorafe;2011;Demandantes;Ambos sexos;TOTAL;39;
Gorafe;2012;Demandantes;Hombres;De 16 a 29 años;5,08333334;
Gorafe;2012;Demandantes;Hombres;De 30 a 44 años;8,74999999;
Gorafe;2012;Demandantes;Hombres;De 45 a 64 años;14,41666667;
Gorafe;2012;Demandantes;Hombres;TOTAL;28,25;
Gorafe;2012;Demandantes;Mujeres;De 16 a 29 años;6,33333332;
Gorafe;2012;Demandantes;Mujeres;De 30 a 44 años;12,25;
Gorafe;2012;Demandantes;Mujeres;De 45 a 64 años;6,41666666;
Gorafe;2012;Demandantes;Mujeres;TOTAL;24,99999998;
Gorafe;2012;Demandantes;Ambos sexos;De 16 a 29 años;11,41666666;
Gorafe;2012;Demandantes;Ambos sexos;De 30 a 44 años;20,99999999;
Gorafe;2012;Demandantes;Ambos sexos;De 45 a 64 años;20,83333333;
Gorafe;2012;Demandantes;Ambos sexos;TOTAL;53,24999998;
Granada (capital);2010;Demandantes;Hombres;De 16 a 29 años;3663,16666668;
Granada (capital);2010;Demandantes;Hombres;De 30 a 44 años;5168,91666667;
Granada (capital);2010;Demandantes;Hombres;De 45 a 64 años;3776,83333338;
Granada (capital);2010;Demandantes;Hombres;TOTAL;12608,91666673;
Granada (capital);2010;Demandantes;Mujeres;De 16 a 29 años;3507,75000001;
Granada (capital);2010;Demandantes;Mujeres;De 30 a 44 años;5391,16666664;
Granada (capital);2010;Demandantes;Mujeres;De 45 a 64 años;4161,74999998;
Granada (capital);2010;Demandantes;Mujeres;TOTAL;13060,66666663;
Granada (capital);2010;Demandantes;Ambos sexos;De 16 a 29 años;7170,91666669;
Granada (capital);2010;Demandantes;Ambos sexos;De 30 a 44 años;10560,08333331;
Granada (capital);2010;Demandantes;Ambos sexos;De 45 a 64 años;7938,58333336;
Granada (capital);2010;Demandantes;Ambos sexos;TOTAL;25669,58333336;
Granada (capital);2011;Demandantes;Hombres;De 16 a 29 años;3552,24999998;
Granada (capital);2011;Demandantes;Hombres;De 30 a 44 años;5132,41666666;
Granada (capital);2011;Demandantes;Hombres;De 45 a 64 años;4139,16666665;
Granada (capital);2011;Demandantes;Hombres;TOTAL;12823,83333329;
Granada (capital);2011;Demandantes;Mujeres;De 16 a 29 años;3698,41666669;
Granada (capital);2011;Demandantes;Mujeres;De 30 a 44 años;5508,41666665;
Granada (capital);2011;Demandantes;Mujeres;De 45 a 64 años;4503,41666661;
Granada (capital);2011;Demandantes;Mujeres;TOTAL;13710,24999995;
Granada (capital);2011;Demandantes;Ambos sexos;De 16 a 29 años;7250,66666667;
Granada (capital);2011;Demandantes;Ambos sexos;De 30 a 44 años;10640,83333331;
Granada (capital);2011;Demandantes;Ambos sexos;De 45 a 64 años;8642,58333326;
Granada (capital);2011;Demandantes;Ambos sexos;TOTAL;26534,08333324;
Granada (capital);2012;Demandantes;Hombres;De 16 a 29 años;3653,66666668;
Granada (capital);2012;Demandantes;Hombres;De 30 a 44 años;5633,16666667;
Granada (capital);2012;Demandantes;Hombres;De 45 a 64 años;4808,41666664;
Granada (capital);2012;Demandantes;Hombres;TOTAL;14095,24999999;
Granada (capital);2012;Demandantes;Mujeres;De 16 a 29 años;3994,24999998;
Granada (capital);2012;Demandantes;Mujeres;De 30 a 44 años;5995,41666663;
Granada (capital);2012;Demandantes;Mujeres;De 45 a 64 años;5099,66666668;
Granada (capital);2012;Demandantes;Mujeres;TOTAL;15089,33333329;
Granada (capital);2012;Demandantes;Ambos sexos;De 16 a 29 años;7647,91666666;
Granada (capital);2012;Demandantes;Ambos sexos;De 30 a 44 años;11628,5833333;
Granada (capital);2012;Demandantes;Ambos sexos;De 45 a 64 años;9908,08333332;
Granada (capital);2012;Demandantes;Ambos sexos;TOTAL;29184,58333328;
Guadahortuna;2010;Demandantes;Hombres;De 16 a 29 años;18;
Guadahortuna;2010;Demandantes;Hombres;De 30 a 44 años;37,33333334;
Guadahortuna;2010;Demandantes;Hombres;De 45 a 64 años;29,58333334;
Guadahortuna;2010;Demandantes;Hombres;TOTAL;84,91666668;
Guadahortuna;2010;Demandantes;Mujeres;De 16 a 29 años;25,83333333;
Guadahortuna;2010;Demandantes;Mujeres;De 30 a 44 años;17,66666669;
Guadahortuna;2010;Demandantes;Mujeres;De 45 a 64 años;7,75000001;
Guadahortuna;2010;Demandantes;Mujeres;TOTAL;51,25000003;
Guadahortuna;2010;Demandantes;Ambos sexos;De 16 a 29 años;43,83333333;
Guadahortuna;2010;Demandantes;Ambos sexos;De 30 a 44 años;55,00000003;
Guadahortuna;2010;Demandantes;Ambos sexos;De 45 a 64 años;37,33333335;
Guadahortuna;2010;Demandantes;Ambos sexos;TOTAL;136,16666671;
Guadahortuna;2011;Demandantes;Hombres;De 16 a 29 años;22,49999998;
Guadahortuna;2011;Demandantes;Hombres;De 30 a 44 años;33,5;
Guadahortuna;2011;Demandantes;Hombres;De 45 a 64 años;35,83333335;
Guadahortuna;2011;Demandantes;Hombres;TOTAL;91,83333333;
Guadahortuna;2011;Demandantes;Mujeres;De 16 a 29 años;28,41666667;
Guadahortuna;2011;Demandantes;Mujeres;De 30 a 44 años;19,24999999;
Guadahortuna;2011;Demandantes;Mujeres;De 45 a 64 años;13,49999999;
Guadahortuna;2011;Demandantes;Mujeres;TOTAL;61,16666665;
Guadahortuna;2011;Demandantes;Ambos sexos;De 16 a 29 años;50,91666665;
Guadahortuna;2011;Demandantes;Ambos sexos;De 30 a 44 años;52,74999999;
Guadahortuna;2011;Demandantes;Ambos sexos;De 45 a 64 años;49,33333334;
Guadahortuna;2011;Demandantes;Ambos sexos;TOTAL;152,99999998;
Guadahortuna;2012;Demandantes;Hombres;De 16 a 29 años;23,99999999;
Guadahortuna;2012;Demandantes;Hombres;De 30 a 44 años;33,91666665;
Guadahortuna;2012;Demandantes;Hombres;De 45 a 64 años;53,08333332;
Guadahortuna;2012;Demandantes;Hombres;TOTAL;110,99999996;
Guadahortuna;2012;Demandantes;Mujeres;De 16 a 29 años;29,75000001;
Guadahortuna;2012;Demandantes;Mujeres;De 30 a 44 años;28,41666667;
Guadahortuna;2012;Demandantes;Mujeres;De 45 a 64 años;14,08333332;
Guadahortuna;2012;Demandantes;Mujeres;TOTAL;72,25;
Guadahortuna;2012;Demandantes;Ambos sexos;De 16 a 29 años;53,75;
Guadahortuna;2012;Demandantes;Ambos sexos;De 30 a 44 años;62,33333332;
Guadahortuna;2012;Demandantes;Ambos sexos;De 45 a 64 años;67,16666664;
Guadahortuna;2012;Demandantes;Ambos sexos;TOTAL;183,24999996;
Guadix;2010;Demandantes;Hombres;De 16 a 29 años;258,33333333;
Guadix;2010;Demandantes;Hombres;De 30 a 44 años;359,16666668;
Guadix;2010;Demandantes;Hombres;De 45 a 64 años;256,16666666;
Guadix;2010;Demandantes;Hombres;TOTAL;873,66666667;
Guadix;2010;Demandantes;Mujeres;De 16 a 29 años;219,08333335;
Guadix;2010;Demandantes;Mujeres;De 30 a 44 años;386,25000001;
Guadix;2010;Demandantes;Mujeres;De 45 a 64 años;225,49999999;
Guadix;2010;Demandantes;Mujeres;TOTAL;830,83333335;
Guadix;2010;Demandantes;Ambos sexos;De 16 a 29 años;477,41666668;
Guadix;2010;Demandantes;Ambos sexos;De 30 a 44 años;745,41666669;
Guadix;2010;Demandantes;Ambos sexos;De 45 a 64 años;481,66666665;
Guadix;2010;Demandantes;Ambos sexos;TOTAL;1704,50000002;
Guadix;2011;Demandantes;Hombres;De 16 a 29 años;259,24999998;
Guadix;2011;Demandantes;Hombres;De 30 a 44 años;377,50000001;
Guadix;2011;Demandantes;Hombres;De 45 a 64 años;294,16666669;
Guadix;2011;Demandantes;Hombres;TOTAL;930,91666668;
Guadix;2011;Demandantes;Mujeres;De 16 a 29 años;234,83333334;
Guadix;2011;Demandantes;Mujeres;De 30 a 44 años;395,74999999;
Guadix;2011;Demandantes;Mujeres;De 45 a 64 años;265,49999999;
Guadix;2011;Demandantes;Mujeres;TOTAL;896,08333332;
Guadix;2011;Demandantes;Ambos sexos;De 16 a 29 años;494,08333332;
Guadix;2011;Demandantes;Ambos sexos;De 30 a 44 años;773,25;
Guadix;2011;Demandantes;Ambos sexos;De 45 a 64 años;559,66666668;
Guadix;2011;Demandantes;Ambos sexos;TOTAL;1827;
Guadix;2012;Demandantes;Hombres;De 16 a 29 años;309,00000001;
Guadix;2012;Demandantes;Hombres;De 30 a 44 años;447,75;
Guadix;2012;Demandantes;Hombres;De 45 a 64 años;377,91666668;
Guadix;2012;Demandantes;Hombres;TOTAL;1134,66666669;
Guadix;2012;Demandantes;Mujeres;De 16 a 29 años;266,24999998;
Guadix;2012;Demandantes;Mujeres;De 30 a 44 años;453,41666666;
Guadix;2012;Demandantes;Mujeres;De 45 a 64 años;306,08333333;
Guadix;2012;Demandantes;Mujeres;TOTAL;1025,74999997;
Guadix;2012;Demandantes;Ambos sexos;De 16 a 29 años;575,24999999;
Guadix;2012;Demandantes;Ambos sexos;De 30 a 44 años;901,16666666;
Guadix;2012;Demandantes;Ambos sexos;De 45 a 64 años;684,00000001;
Guadix;2012;Demandantes;Ambos sexos;TOTAL;2160,41666666;
Gualchos;2010;Demandantes;Hombres;De 16 a 29 años;60,08333332;
Gualchos;2010;Demandantes;Hombres;De 30 a 44 años;101,75;
Gualchos;2010;Demandantes;Hombres;De 45 a 64 años;66,5;
Gualchos;2010;Demandantes;Hombres;TOTAL;228,33333332;
Gualchos;2010;Demandantes;Mujeres;De 16 a 29 años;46;
Gualchos;2010;Demandantes;Mujeres;De 30 a 44 años;76,75;
Gualchos;2010;Demandantes;Mujeres;De 45 a 64 años;39,25;
Gualchos;2010;Demandantes;Mujeres;TOTAL;162;
Gualchos;2010;Demandantes;Ambos sexos;De 16 a 29 años;106,08333332;
Gualchos;2010;Demandantes;Ambos sexos;De 30 a 44 años;178,5;
Gualchos;2010;Demandantes;Ambos sexos;De 45 a 64 años;105,75;
Gualchos;2010;Demandantes;Ambos sexos;TOTAL;390,33333332;
Gualchos;2011;Demandantes;Hombres;De 16 a 29 años;64,08333336;
Gualchos;2011;Demandantes;Hombres;De 30 a 44 años;113,24999999;
Gualchos;2011;Demandantes;Hombres;De 45 a 64 años;89,91666667;
Gualchos;2011;Demandantes;Hombres;TOTAL;267,25000002;
Gualchos;2011;Demandantes;Mujeres;De 16 a 29 años;49,66666665;
Gualchos;2011;Demandantes;Mujeres;De 30 a 44 años;86,75000002;
Gualchos;2011;Demandantes;Mujeres;De 45 a 64 años;44,58333334;
Gualchos;2011;Demandantes;Mujeres;TOTAL;181,00000001;
Gualchos;2011;Demandantes;Ambos sexos;De 16 a 29 años;113,75000001;
Gualchos;2011;Demandantes;Ambos sexos;De 30 a 44 años;200,00000001;
Gualchos;2011;Demandantes;Ambos sexos;De 45 a 64 años;134,50000001;
Gualchos;2011;Demandantes;Ambos sexos;TOTAL;448,25000003;
Gualchos;2012;Demandantes;Hombres;De 16 a 29 años;59,16666666;
Gualchos;2012;Demandantes;Hombres;De 30 a 44 años;114,91666666;
Gualchos;2012;Demandantes;Hombres;De 45 a 64 años;104,99999999;
Gualchos;2012;Demandantes;Hombres;TOTAL;279,08333331;
Gualchos;2012;Demandantes;Mujeres;De 16 a 29 años;56,33333333;
Gualchos;2012;Demandantes;Mujeres;De 30 a 44 años;85,74999999;
Gualchos;2012;Demandantes;Mujeres;De 45 a 64 años;51,58333332;
Gualchos;2012;Demandantes;Mujeres;TOTAL;193,66666664;
Gualchos;2012;Demandantes;Ambos sexos;De 16 a 29 años;115,49999999;
Gualchos;2012;Demandantes;Ambos sexos;De 30 a 44 años;200,66666665;
Gualchos;2012;Demandantes;Ambos sexos;De 45 a 64 años;156,58333331;
Gualchos;2012;Demandantes;Ambos sexos;TOTAL;472,74999995;
Güéjar Sierra;2010;Demandantes;Hombres;De 16 a 29 años;29,24999999;
Güéjar Sierra;2010;Demandantes;Hombres;De 30 a 44 años;53,5;
Güéjar Sierra;2010;Demandantes;Hombres;De 45 a 64 años;50,08333334;
Güéjar Sierra;2010;Demandantes;Hombres;TOTAL;132,83333333;
Güéjar Sierra;2010;Demandantes;Mujeres;De 16 a 29 años;21,41666667;
Güéjar Sierra;2010;Demandantes;Mujeres;De 30 a 44 años;58,25;
Güéjar Sierra;2010;Demandantes;Mujeres;De 45 a 64 años;12,74999999;
Güéjar Sierra;2010;Demandantes;Mujeres;TOTAL;92,41666666;
Güéjar Sierra;2010;Demandantes;Ambos sexos;De 16 a 29 años;50,66666666;
Güéjar Sierra;2010;Demandantes;Ambos sexos;De 30 a 44 años;111,75;
Güéjar Sierra;2010;Demandantes;Ambos sexos;De 45 a 64 años;62,83333333;
Güéjar Sierra;2010;Demandantes;Ambos sexos;TOTAL;225,24999999;
Güéjar Sierra;2011;Demandantes;Hombres;De 16 a 29 años;34,66666666;
Güéjar Sierra;2011;Demandantes;Hombres;De 30 a 44 años;62,08333332;
Güéjar Sierra;2011;Demandantes;Hombres;De 45 a 64 años;58,91666668;
Güéjar Sierra;2011;Demandantes;Hombres;TOTAL;155,66666666;
Güéjar Sierra;2011;Demandantes;Mujeres;De 16 a 29 años;26;
Güéjar Sierra;2011;Demandantes;Mujeres;De 30 a 44 años;63,00000001;
Güéjar Sierra;2011;Demandantes;Mujeres;De 45 a 64 años;15,5;
Güéjar Sierra;2011;Demandantes;Mujeres;TOTAL;104,50000001;
Güéjar Sierra;2011;Demandantes;Ambos sexos;De 16 a 29 años;60,66666666;
Güéjar Sierra;2011;Demandantes;Ambos sexos;De 30 a 44 años;125,08333333;
Güéjar Sierra;2011;Demandantes;Ambos sexos;De 45 a 64 años;74,41666668;
Güéjar Sierra;2011;Demandantes;Ambos sexos;TOTAL;260,16666667;
Güéjar Sierra;2012;Demandantes;Hombres;De 16 a 29 años;37,08333333;
Güéjar Sierra;2012;Demandantes;Hombres;De 30 a 44 años;73,25;
Güéjar Sierra;2012;Demandantes;Hombres;De 45 a 64 años;73,58333335;
Güéjar Sierra;2012;Demandantes;Hombres;TOTAL;183,91666668;
Güéjar Sierra;2012;Demandantes;Mujeres;De 16 a 29 años;32,08333333;
Güéjar Sierra;2012;Demandantes;Mujeres;De 30 a 44 años;64,74999999;
Güéjar Sierra;2012;Demandantes;Mujeres;De 45 a 64 años;22,58333334;
Güéjar Sierra;2012;Demandantes;Mujeres;TOTAL;119,41666666;
Güéjar Sierra;2012;Demandantes;Ambos sexos;De 16 a 29 años;69,16666666;
Güéjar Sierra;2012;Demandantes;Ambos sexos;De 30 a 44 años;137,99999999;
Güéjar Sierra;2012;Demandantes;Ambos sexos;De 45 a 64 años;96,16666669;
Güéjar Sierra;2012;Demandantes;Ambos sexos;TOTAL;303,33333334;
Güevéjar;2010;Demandantes;Hombres;De 16 a 29 años;47,41666666;
Güevéjar;2010;Demandantes;Hombres;De 30 a 44 años;64,6666667;
Güevéjar;2010;Demandantes;Hombres;De 45 a 64 años;58,66666668;
Güevéjar;2010;Demandantes;Hombres;TOTAL;170,75000004;
Güevéjar;2010;Demandantes;Mujeres;De 16 a 29 años;38,16666665;
Güevéjar;2010;Demandantes;Mujeres;De 30 a 44 años;58,91666665;
Güevéjar;2010;Demandantes;Mujeres;De 45 a 64 años;26;
Güevéjar;2010;Demandantes;Mujeres;TOTAL;123,0833333;
Güevéjar;2010;Demandantes;Ambos sexos;De 16 a 29 años;85,58333331;
Güevéjar;2010;Demandantes;Ambos sexos;De 30 a 44 años;123,58333335;
Güevéjar;2010;Demandantes;Ambos sexos;De 45 a 64 años;84,66666668;
Güevéjar;2010;Demandantes;Ambos sexos;TOTAL;293,83333334;
Güevéjar;2011;Demandantes;Hombres;De 16 a 29 años;44,41666667;
Güevéjar;2011;Demandantes;Hombres;De 30 a 44 años;71,49999999;
Güevéjar;2011;Demandantes;Hombres;De 45 a 64 años;60,33333333;
Güevéjar;2011;Demandantes;Hombres;TOTAL;176,24999999;
Güevéjar;2011;Demandantes;Mujeres;De 16 a 29 años;41,33333332;
Güevéjar;2011;Demandantes;Mujeres;De 30 a 44 años;62,91666666;
Güevéjar;2011;Demandantes;Mujeres;De 45 a 64 años;24,66666667;
Güevéjar;2011;Demandantes;Mujeres;TOTAL;128,91666665;
Güevéjar;2011;Demandantes;Ambos sexos;De 16 a 29 años;85,74999999;
Güevéjar;2011;Demandantes;Ambos sexos;De 30 a 44 años;134,41666665;
Güevéjar;2011;Demandantes;Ambos sexos;De 45 a 64 años;85;
Güevéjar;2011;Demandantes;Ambos sexos;TOTAL;305,16666664;
Güevéjar;2012;Demandantes;Hombres;De 16 a 29 años;51,91666668;
Güevéjar;2012;Demandantes;Hombres;De 30 a 44 años;100,33333332;
Güevéjar;2012;Demandantes;Hombres;De 45 a 64 años;76,16666668;
Güevéjar;2012;Demandantes;Hombres;TOTAL;228,41666668;
Güevéjar;2012;Demandantes;Mujeres;De 16 a 29 años;46,33333334;
Güevéjar;2012;Demandantes;Mujeres;De 30 a 44 años;73,58333333;
Güevéjar;2012;Demandantes;Mujeres;De 45 a 64 años;24,66666667;
Güevéjar;2012;Demandantes;Mujeres;TOTAL;144,58333334;
Güevéjar;2012;Demandantes;Ambos sexos;De 16 a 29 años;98,25000002;
Güevéjar;2012;Demandantes;Ambos sexos;De 30 a 44 años;173,91666665;
Güevéjar;2012;Demandantes;Ambos sexos;De 45 a 64 años;100,83333335;
Güevéjar;2012;Demandantes;Ambos sexos;TOTAL;373,00000002;
Huélago;2010;Demandantes;Hombres;De 16 a 29 años;3,75;
Huélago;2010;Demandantes;Hombres;De 30 a 44 años;9,08333333;
Huélago;2010;Demandantes;Hombres;De 45 a 64 años;8,58333334;
Huélago;2010;Demandantes;Hombres;TOTAL;21,41666667;
Huélago;2010;Demandantes;Mujeres;De 16 a 29 años;7,41666666;
Huélago;2010;Demandantes;Mujeres;De 30 a 44 años;2,08333334;
Huélago;2010;Demandantes;Mujeres;De 45 a 64 años;0,58333333;
Huélago;2010;Demandantes;Mujeres;TOTAL;10,08333333;
Huélago;2010;Demandantes;Ambos sexos;De 16 a 29 años;11,16666666;
Huélago;2010;Demandantes;Ambos sexos;De 30 a 44 años;11,16666667;
Huélago;2010;Demandantes;Ambos sexos;De 45 a 64 años;9,16666667;
Huélago;2010;Demandantes;Ambos sexos;TOTAL;31,5;
Huélago;2011;Demandantes;Hombres;De 16 a 29 años;5,49999999;
Huélago;2011;Demandantes;Hombres;De 30 a 44 años;7,66666667;
Huélago;2011;Demandantes;Hombres;De 45 a 64 años;11,74999999;
Huélago;2011;Demandantes;Hombres;TOTAL;24,91666665;
Huélago;2011;Demandantes;Mujeres;De 16 a 29 años;8,16666667;
Huélago;2011;Demandantes;Mujeres;De 30 a 44 años;1,99999999;
Huélago;2011;Demandantes;Mujeres;De 45 a 64 años;-;
Huélago;2011;Demandantes;Mujeres;TOTAL;10,16666666;
Huélago;2011;Demandantes;Ambos sexos;De 16 a 29 años;13,66666666;
Huélago;2011;Demandantes;Ambos sexos;De 30 a 44 años;9,66666666;
Huélago;2011;Demandantes;Ambos sexos;De 45 a 64 años;11,74999999;
Huélago;2011;Demandantes;Ambos sexos;TOTAL;35,08333331;
Huélago;2012;Demandantes;Hombres;De 16 a 29 años;6,75;
Huélago;2012;Demandantes;Hombres;De 30 a 44 años;8,33333334;
Huélago;2012;Demandantes;Hombres;De 45 a 64 años;10,5;
Huélago;2012;Demandantes;Hombres;TOTAL;25,58333334;
Huélago;2012;Demandantes;Mujeres;De 16 a 29 años;8,16666667;
Huélago;2012;Demandantes;Mujeres;De 30 a 44 años;3,33333334;
Huélago;2012;Demandantes;Mujeres;De 45 a 64 años;0,25;
Huélago;2012;Demandantes;Mujeres;TOTAL;11,75000001;
Huélago;2012;Demandantes;Ambos sexos;De 16 a 29 años;14,91666667;
Huélago;2012;Demandantes;Ambos sexos;De 30 a 44 años;11,66666668;
Huélago;2012;Demandantes;Ambos sexos;De 45 a 64 años;10,75;
Huélago;2012;Demandantes;Ambos sexos;TOTAL;37,33333335;
Huéneja;2010;Demandantes;Hombres;De 16 a 29 años;8,50000001;
Huéneja;2010;Demandantes;Hombres;De 30 a 44 años;15,66666667;
Huéneja;2010;Demandantes;Hombres;De 45 a 64 años;14,91666665;
Huéneja;2010;Demandantes;Hombres;TOTAL;39,08333333;
Huéneja;2010;Demandantes;Mujeres;De 16 a 29 años;4,83333334;
Huéneja;2010;Demandantes;Mujeres;De 30 a 44 años;12,41666665;
Huéneja;2010;Demandantes;Mujeres;De 45 a 64 años;3,08333334;
Huéneja;2010;Demandantes;Mujeres;TOTAL;20,33333333;
Huéneja;2010;Demandantes;Ambos sexos;De 16 a 29 años;13,33333335;
Huéneja;2010;Demandantes;Ambos sexos;De 30 a 44 años;28,08333332;
Huéneja;2010;Demandantes;Ambos sexos;De 45 a 64 años;17,99999999;
Huéneja;2010;Demandantes;Ambos sexos;TOTAL;59,41666666;
Huéneja;2011;Demandantes;Hombres;De 16 a 29 años;8,33333332;
Huéneja;2011;Demandantes;Hombres;De 30 a 44 años;14,58333334;
Huéneja;2011;Demandantes;Hombres;De 45 a 64 años;17,75;
Huéneja;2011;Demandantes;Hombres;TOTAL;40,66666666;
Huéneja;2011;Demandantes;Mujeres;De 16 a 29 años;4,25;
Huéneja;2011;Demandantes;Mujeres;De 30 a 44 años;12,16666667;
Huéneja;2011;Demandantes;Mujeres;De 45 a 64 años;5,41666666;
Huéneja;2011;Demandantes;Mujeres;TOTAL;21,83333333;
Huéneja;2011;Demandantes;Ambos sexos;De 16 a 29 años;12,58333332;
Huéneja;2011;Demandantes;Ambos sexos;De 30 a 44 años;26,75000001;
Huéneja;2011;Demandantes;Ambos sexos;De 45 a 64 años;23,16666666;
Huéneja;2011;Demandantes;Ambos sexos;TOTAL;62,49999999;
Huéneja;2012;Demandantes;Hombres;De 16 a 29 años;8,41666666;
Huéneja;2012;Demandantes;Hombres;De 30 a 44 años;20,66666667;
Huéneja;2012;Demandantes;Hombres;De 45 a 64 años;27,75;
Huéneja;2012;Demandantes;Hombres;TOTAL;56,83333333;
Huéneja;2012;Demandantes;Mujeres;De 16 a 29 años;7,08333333;
Huéneja;2012;Demandantes;Mujeres;De 30 a 44 años;22,66666668;
Huéneja;2012;Demandantes;Mujeres;De 45 a 64 años;6,33333333;
Huéneja;2012;Demandantes;Mujeres;TOTAL;36,08333334;
Huéneja;2012;Demandantes;Ambos sexos;De 16 a 29 años;15,49999999;
Huéneja;2012;Demandantes;Ambos sexos;De 30 a 44 años;43,33333335;
Huéneja;2012;Demandantes;Ambos sexos;De 45 a 64 años;34,08333333;
Huéneja;2012;Demandantes;Ambos sexos;TOTAL;92,91666667;
Huéscar;2010;Demandantes;Hombres;De 16 a 29 años;62,16666665;
Huéscar;2010;Demandantes;Hombres;De 30 a 44 años;115,33333334;
Huéscar;2010;Demandantes;Hombres;De 45 a 64 años;88,5;
Huéscar;2010;Demandantes;Hombres;TOTAL;265,99999999;
Huéscar;2010;Demandantes;Mujeres;De 16 a 29 años;64,83333335;
Huéscar;2010;Demandantes;Mujeres;De 30 a 44 años;160,66666667;
Huéscar;2010;Demandantes;Mujeres;De 45 a 64 años;104,50000001;
Huéscar;2010;Demandantes;Mujeres;TOTAL;330,00000003;
Huéscar;2010;Demandantes;Ambos sexos;De 16 a 29 años;127;
Huéscar;2010;Demandantes;Ambos sexos;De 30 a 44 años;276,00000001;
Huéscar;2010;Demandantes;Ambos sexos;De 45 a 64 años;193,00000001;
Huéscar;2010;Demandantes;Ambos sexos;TOTAL;596,00000002;
Huéscar;2011;Demandantes;Hombres;De 16 a 29 años;74,50000001;
Huéscar;2011;Demandantes;Hombres;De 30 a 44 años;134,58333332;
Huéscar;2011;Demandantes;Hombres;De 45 a 64 años;113,00000001;
Huéscar;2011;Demandantes;Hombres;TOTAL;322,08333334;
Huéscar;2011;Demandantes;Mujeres;De 16 a 29 años;66,49999998;
Huéscar;2011;Demandantes;Mujeres;De 30 a 44 años;164;
Huéscar;2011;Demandantes;Mujeres;De 45 a 64 años;103,91666666;
Huéscar;2011;Demandantes;Mujeres;TOTAL;334,41666664;
Huéscar;2011;Demandantes;Ambos sexos;De 16 a 29 años;140,99999999;
Huéscar;2011;Demandantes;Ambos sexos;De 30 a 44 años;298,58333332;
Huéscar;2011;Demandantes;Ambos sexos;De 45 a 64 años;216,91666667;
Huéscar;2011;Demandantes;Ambos sexos;TOTAL;656,49999998;
Huéscar;2012;Demandantes;Hombres;De 16 a 29 años;99,33333334;
Huéscar;2012;Demandantes;Hombres;De 30 a 44 años;140,75000001;
Huéscar;2012;Demandantes;Hombres;De 45 a 64 años;149,33333334;
Huéscar;2012;Demandantes;Hombres;TOTAL;389,41666669;
Huéscar;2012;Demandantes;Mujeres;De 16 a 29 años;87,25;
Huéscar;2012;Demandantes;Mujeres;De 30 a 44 años;160,75;
Huéscar;2012;Demandantes;Mujeres;De 45 a 64 años;125,75000002;
Huéscar;2012;Demandantes;Mujeres;TOTAL;373,75000002;
Huéscar;2012;Demandantes;Ambos sexos;De 16 a 29 años;186,58333334;
Huéscar;2012;Demandantes;Ambos sexos;De 30 a 44 años;301,50000001;
Huéscar;2012;Demandantes;Ambos sexos;De 45 a 64 años;275,08333336;
Huéscar;2012;Demandantes;Ambos sexos;TOTAL;763,16666671;
Huétor de Santillán;2010;Demandantes;Hombres;De 16 a 29 años;28,74999999;
Huétor de Santillán;2010;Demandantes;Hombres;De 30 a 44 años;23,58333334;
Huétor de Santillán;2010;Demandantes;Hombres;De 45 a 64 años;27,83333334;
Huétor de Santillán;2010;Demandantes;Hombres;TOTAL;80,16666667;
Huétor de Santillán;2010;Demandantes;Mujeres;De 16 a 29 años;18,58333335;
Huétor de Santillán;2010;Demandantes;Mujeres;De 30 a 44 años;37,83333334;
Huétor de Santillán;2010;Demandantes;Mujeres;De 45 a 64 años;45,75;
Huétor de Santillán;2010;Demandantes;Mujeres;TOTAL;102,16666669;
Huétor de Santillán;2010;Demandantes;Ambos sexos;De 16 a 29 años;47,33333334;
Huétor de Santillán;2010;Demandantes;Ambos sexos;De 30 a 44 años;61,41666668;
Huétor de Santillán;2010;Demandantes;Ambos sexos;De 45 a 64 años;73,58333334;
Huétor de Santillán;2010;Demandantes;Ambos sexos;TOTAL;182,33333336;
Huétor de Santillán;2011;Demandantes;Hombres;De 16 a 29 años;25,16666666;
Huétor de Santillán;2011;Demandantes;Hombres;De 30 a 44 años;31,16666667;
Huétor de Santillán;2011;Demandantes;Hombres;De 45 a 64 años;32,25;
Huétor de Santillán;2011;Demandantes;Hombres;TOTAL;88,58333333;
Huétor de Santillán;2011;Demandantes;Mujeres;De 16 a 29 años;24,83333332;
Huétor de Santillán;2011;Demandantes;Mujeres;De 30 a 44 años;35,58333334;
Huétor de Santillán;2011;Demandantes;Mujeres;De 45 a 64 años;51,08333334;
Huétor de Santillán;2011;Demandantes;Mujeres;TOTAL;111,5;
Huétor de Santillán;2011;Demandantes;Ambos sexos;De 16 a 29 años;49,99999998;
Huétor de Santillán;2011;Demandantes;Ambos sexos;De 30 a 44 años;66,75000001;
Huétor de Santillán;2011;Demandantes;Ambos sexos;De 45 a 64 años;83,33333334;
Huétor de Santillán;2011;Demandantes;Ambos sexos;TOTAL;200,08333333;
Huétor de Santillán;2012;Demandantes;Hombres;De 16 a 29 años;28,16666669;
Huétor de Santillán;2012;Demandantes;Hombres;De 30 a 44 años;43,33333334;
Huétor de Santillán;2012;Demandantes;Hombres;De 45 a 64 años;43,33333334;
Huétor de Santillán;2012;Demandantes;Hombres;TOTAL;114,83333337;
Huétor de Santillán;2012;Demandantes;Mujeres;De 16 a 29 años;33,33333333;
Huétor de Santillán;2012;Demandantes;Mujeres;De 30 a 44 años;39,99999999;
Huétor de Santillán;2012;Demandantes;Mujeres;De 45 a 64 años;58,83333332;
Huétor de Santillán;2012;Demandantes;Mujeres;TOTAL;132,16666664;
Huétor de Santillán;2012;Demandantes;Ambos sexos;De 16 a 29 años;61,50000002;
Huétor de Santillán;2012;Demandantes;Ambos sexos;De 30 a 44 años;83,33333333;
Huétor de Santillán;2012;Demandantes;Ambos sexos;De 45 a 64 años;102,16666666;
Huétor de Santillán;2012;Demandantes;Ambos sexos;TOTAL;247,00000001;
Huétor Tájar;2010;Demandantes;Hombres;De 16 a 29 años;148,41666666;
Huétor Tájar;2010;Demandantes;Hombres;De 30 a 44 años;231,41666668;
Huétor Tájar;2010;Demandantes;Hombres;De 45 a 64 años;139,75;
Huétor Tájar;2010;Demandantes;Hombres;TOTAL;519,58333334;
Huétor Tájar;2010;Demandantes;Mujeres;De 16 a 29 años;100,24999999;
Huétor Tájar;2010;Demandantes;Mujeres;De 30 a 44 años;132,08333336;
Huétor Tájar;2010;Demandantes;Mujeres;De 45 a 64 años;48,00000001;
Huétor Tájar;2010;Demandantes;Mujeres;TOTAL;280,33333336;
Huétor Tájar;2010;Demandantes;Ambos sexos;De 16 a 29 años;248,66666665;
Huétor Tájar;2010;Demandantes;Ambos sexos;De 30 a 44 años;363,50000004;
Huétor Tájar;2010;Demandantes;Ambos sexos;De 45 a 64 años;187,75000001;
Huétor Tájar;2010;Demandantes;Ambos sexos;TOTAL;799,9166667;
Huétor Tájar;2011;Demandantes;Hombres;De 16 a 29 años;122,50000002;
Huétor Tájar;2011;Demandantes;Hombres;De 30 a 44 años;218,41666666;
Huétor Tájar;2011;Demandantes;Hombres;De 45 a 64 años;158,16666667;
Huétor Tájar;2011;Demandantes;Hombres;TOTAL;499,08333335;
Huétor Tájar;2011;Demandantes;Mujeres;De 16 a 29 años;118,16666667;
Huétor Tájar;2011;Demandantes;Mujeres;De 30 a 44 años;121,83333332;
Huétor Tájar;2011;Demandantes;Mujeres;De 45 a 64 años;54,16666667;
Huétor Tájar;2011;Demandantes;Mujeres;TOTAL;294,16666666;
Huétor Tájar;2011;Demandantes;Ambos sexos;De 16 a 29 años;240,66666669;
Huétor Tájar;2011;Demandantes;Ambos sexos;De 30 a 44 años;340,24999998;
Huétor Tájar;2011;Demandantes;Ambos sexos;De 45 a 64 años;212,33333334;
Huétor Tájar;2011;Demandantes;Ambos sexos;TOTAL;793,25000001;
Huétor Tájar;2012;Demandantes;Hombres;De 16 a 29 años;139,08333334;
Huétor Tájar;2012;Demandantes;Hombres;De 30 a 44 años;248,91666665;
Huétor Tájar;2012;Demandantes;Hombres;De 45 a 64 años;191,83333334;
Huétor Tájar;2012;Demandantes;Hombres;TOTAL;579,83333333;
Huétor Tájar;2012;Demandantes;Mujeres;De 16 a 29 años;131,16666668;
Huétor Tájar;2012;Demandantes;Mujeres;De 30 a 44 años;137,83333333;
Huétor Tájar;2012;Demandantes;Mujeres;De 45 a 64 años;68,41666668;
Huétor Tájar;2012;Demandantes;Mujeres;TOTAL;337,41666669;
Huétor Tájar;2012;Demandantes;Ambos sexos;De 16 a 29 años;270,25000002;
Huétor Tájar;2012;Demandantes;Ambos sexos;De 30 a 44 años;386,74999998;
Huétor Tájar;2012;Demandantes;Ambos sexos;De 45 a 64 años;260,25000002;
Huétor Tájar;2012;Demandantes;Ambos sexos;TOTAL;917,25000002;
Huétor Vega;2010;Demandantes;Hombres;De 16 a 29 años;152,91666664;
Huétor Vega;2010;Demandantes;Hombres;De 30 a 44 años;183,58333334;
Huétor Vega;2010;Demandantes;Hombres;De 45 a 64 años;173,33333333;
Huétor Vega;2010;Demandantes;Hombres;TOTAL;509,83333331;
Huétor Vega;2010;Demandantes;Mujeres;De 16 a 29 años;118,74999999;
Huétor Vega;2010;Demandantes;Mujeres;De 30 a 44 años;202,99999998;
Huétor Vega;2010;Demandantes;Mujeres;De 45 a 64 años;148,83333331;
Huétor Vega;2010;Demandantes;Mujeres;TOTAL;470,58333328;
Huétor Vega;2010;Demandantes;Ambos sexos;De 16 a 29 años;271,66666663;
Huétor Vega;2010;Demandantes;Ambos sexos;De 30 a 44 años;386,58333332;
Huétor Vega;2010;Demandantes;Ambos sexos;De 45 a 64 años;322,16666664;
Huétor Vega;2010;Demandantes;Ambos sexos;TOTAL;980,41666659;
Huétor Vega;2011;Demandantes;Hombres;De 16 a 29 años;143,16666667;
Huétor Vega;2011;Demandantes;Hombres;De 30 a 44 años;187,24999999;
Huétor Vega;2011;Demandantes;Hombres;De 45 a 64 años;190,5;
Huétor Vega;2011;Demandantes;Hombres;TOTAL;520,91666666;
Huétor Vega;2011;Demandantes;Mujeres;De 16 a 29 años;136,33333334;
Huétor Vega;2011;Demandantes;Mujeres;De 30 a 44 años;230,1666667;
Huétor Vega;2011;Demandantes;Mujeres;De 45 a 64 años;172,41666667;
Huétor Vega;2011;Demandantes;Mujeres;TOTAL;538,91666671;
Huétor Vega;2011;Demandantes;Ambos sexos;De 16 a 29 años;279,50000001;
Huétor Vega;2011;Demandantes;Ambos sexos;De 30 a 44 años;417,41666669;
Huétor Vega;2011;Demandantes;Ambos sexos;De 45 a 64 años;362,91666667;
Huétor Vega;2011;Demandantes;Ambos sexos;TOTAL;1059,83333337;
Huétor Vega;2012;Demandantes;Hombres;De 16 a 29 años;167,49999999;
Huétor Vega;2012;Demandantes;Hombres;De 30 a 44 años;215,66666666;
Huétor Vega;2012;Demandantes;Hombres;De 45 a 64 años;244,58333334;
Huétor Vega;2012;Demandantes;Hombres;TOTAL;627,74999999;
Huétor Vega;2012;Demandantes;Mujeres;De 16 a 29 años;149,5833333;
Huétor Vega;2012;Demandantes;Mujeres;De 30 a 44 años;250,58333335;
Huétor Vega;2012;Demandantes;Mujeres;De 45 a 64 años;223,25000002;
Huétor Vega;2012;Demandantes;Mujeres;TOTAL;623,41666667;
Huétor Vega;2012;Demandantes;Ambos sexos;De 16 a 29 años;317,08333329;
Huétor Vega;2012;Demandantes;Ambos sexos;De 30 a 44 años;466,25000001;
Huétor Vega;2012;Demandantes;Ambos sexos;De 45 a 64 años;467,83333336;
Huétor Vega;2012;Demandantes;Ambos sexos;TOTAL;1251,16666666;
Íllora;2010;Demandantes;Hombres;De 16 a 29 años;99,25000002;
Íllora;2010;Demandantes;Hombres;De 30 a 44 años;186,83333335;
Íllora;2010;Demandantes;Hombres;De 45 a 64 años;148,33333335;
Íllora;2010;Demandantes;Hombres;TOTAL;434,41666672;
Íllora;2010;Demandantes;Mujeres;De 16 a 29 años;76,25;
Íllora;2010;Demandantes;Mujeres;De 30 a 44 años;81,41666667;
Íllora;2010;Demandantes;Mujeres;De 45 a 64 años;48,99999999;
Íllora;2010;Demandantes;Mujeres;TOTAL;206,66666666;
Íllora;2010;Demandantes;Ambos sexos;De 16 a 29 años;175,50000002;
Íllora;2010;Demandantes;Ambos sexos;De 30 a 44 años;268,25000002;
Íllora;2010;Demandantes;Ambos sexos;De 45 a 64 años;197,33333334;
Íllora;2010;Demandantes;Ambos sexos;TOTAL;641,08333338;
Íllora;2011;Demandantes;Hombres;De 16 a 29 años;92,5;
Íllora;2011;Demandantes;Hombres;De 30 a 44 años;165,16666666;
Íllora;2011;Demandantes;Hombres;De 45 a 64 años;166,66666667;
Íllora;2011;Demandantes;Hombres;TOTAL;424,33333333;
Íllora;2011;Demandantes;Mujeres;De 16 a 29 años;73,91666667;
Íllora;2011;Demandantes;Mujeres;De 30 a 44 años;89,66666667;
Íllora;2011;Demandantes;Mujeres;De 45 a 64 años;53,83333333;
Íllora;2011;Demandantes;Mujeres;TOTAL;217,41666667;
Íllora;2011;Demandantes;Ambos sexos;De 16 a 29 años;166,41666667;
Íllora;2011;Demandantes;Ambos sexos;De 30 a 44 años;254,83333333;
Íllora;2011;Demandantes;Ambos sexos;De 45 a 64 años;220,5;
Íllora;2011;Demandantes;Ambos sexos;TOTAL;641,75;
Íllora;2012;Demandantes;Hombres;De 16 a 29 años;112,33333332;
Íllora;2012;Demandantes;Hombres;De 30 a 44 años;173,24999998;
Íllora;2012;Demandantes;Hombres;De 45 a 64 años;202,66666666;
Íllora;2012;Demandantes;Hombres;TOTAL;488,24999996;
Íllora;2012;Demandantes;Mujeres;De 16 a 29 años;109,99999999;
Íllora;2012;Demandantes;Mujeres;De 30 a 44 años;112,08333332;
Íllora;2012;Demandantes;Mujeres;De 45 a 64 años;62,58333333;
Íllora;2012;Demandantes;Mujeres;TOTAL;284,66666664;
Íllora;2012;Demandantes;Ambos sexos;De 16 a 29 años;222,33333331;
Íllora;2012;Demandantes;Ambos sexos;De 30 a 44 años;285,3333333;
Íllora;2012;Demandantes;Ambos sexos;De 45 a 64 años;265,24999999;
Íllora;2012;Demandantes;Ambos sexos;TOTAL;772,9166666;
Ítrabo;2010;Demandantes;Hombres;De 16 a 29 años;12,08333334;
Ítrabo;2010;Demandantes;Hombres;De 30 a 44 años;17,5;
Ítrabo;2010;Demandantes;Hombres;De 45 a 64 años;10,58333333;
Ítrabo;2010;Demandantes;Hombres;TOTAL;40,16666667;
Ítrabo;2010;Demandantes;Mujeres;De 16 a 29 años;8,41666666;
Ítrabo;2010;Demandantes;Mujeres;De 30 a 44 años;10,75;
Ítrabo;2010;Demandantes;Mujeres;De 45 a 64 años;5,66666666;
Ítrabo;2010;Demandantes;Mujeres;TOTAL;24,83333332;
Ítrabo;2010;Demandantes;Ambos sexos;De 16 a 29 años;20,5;
Ítrabo;2010;Demandantes;Ambos sexos;De 30 a 44 años;28,25;
Ítrabo;2010;Demandantes;Ambos sexos;De 45 a 64 años;16,24999999;
Ítrabo;2010;Demandantes;Ambos sexos;TOTAL;64,99999999;
Ítrabo;2011;Demandantes;Hombres;De 16 a 29 años;10,24999999;
Ítrabo;2011;Demandantes;Hombres;De 30 a 44 años;20,25000001;
Ítrabo;2011;Demandantes;Hombres;De 45 a 64 años;10,16666666;
Ítrabo;2011;Demandantes;Hombres;TOTAL;40,66666666;
Ítrabo;2011;Demandantes;Mujeres;De 16 a 29 años;7,50000001;
Ítrabo;2011;Demandantes;Mujeres;De 30 a 44 años;12,58333333;
Ítrabo;2011;Demandantes;Mujeres;De 45 a 64 años;5,25;
Ítrabo;2011;Demandantes;Mujeres;TOTAL;25,33333334;
Ítrabo;2011;Demandantes;Ambos sexos;De 16 a 29 años;17,75;
Ítrabo;2011;Demandantes;Ambos sexos;De 30 a 44 años;32,83333334;
Ítrabo;2011;Demandantes;Ambos sexos;De 45 a 64 años;15,41666666;
Ítrabo;2011;Demandantes;Ambos sexos;TOTAL;66;
Ítrabo;2012;Demandantes;Hombres;De 16 a 29 años;16,08333333;
Ítrabo;2012;Demandantes;Hombres;De 30 a 44 años;23,41666665;
Ítrabo;2012;Demandantes;Hombres;De 45 a 64 años;12,91666666;
Ítrabo;2012;Demandantes;Hombres;TOTAL;52,41666664;
Ítrabo;2012;Demandantes;Mujeres;De 16 a 29 años;13;
Ítrabo;2012;Demandantes;Mujeres;De 30 a 44 años;17,41666666;
Ítrabo;2012;Demandantes;Mujeres;De 45 a 64 años;6,49999999;
Ítrabo;2012;Demandantes;Mujeres;TOTAL;36,91666665;
Ítrabo;2012;Demandantes;Ambos sexos;De 16 a 29 años;29,08333333;
Ítrabo;2012;Demandantes;Ambos sexos;De 30 a 44 años;40,83333331;
Ítrabo;2012;Demandantes;Ambos sexos;De 45 a 64 años;19,41666665;
Ítrabo;2012;Demandantes;Ambos sexos;TOTAL;89,33333329;
Iznalloz;2010;Demandantes;Hombres;De 16 a 29 años;96,58333334;
Iznalloz;2010;Demandantes;Hombres;De 30 a 44 años;121,75;
Iznalloz;2010;Demandantes;Hombres;De 45 a 64 años;102,58333332;
Iznalloz;2010;Demandantes;Hombres;TOTAL;320,91666666;
Iznalloz;2010;Demandantes;Mujeres;De 16 a 29 años;101,91666667;
Iznalloz;2010;Demandantes;Mujeres;De 30 a 44 años;87,24999999;
Iznalloz;2010;Demandantes;Mujeres;De 45 a 64 años;59,58333332;
Iznalloz;2010;Demandantes;Mujeres;TOTAL;248,74999998;
Iznalloz;2010;Demandantes;Ambos sexos;De 16 a 29 años;198,50000001;
Iznalloz;2010;Demandantes;Ambos sexos;De 30 a 44 años;208,99999999;
Iznalloz;2010;Demandantes;Ambos sexos;De 45 a 64 años;162,16666664;
Iznalloz;2010;Demandantes;Ambos sexos;TOTAL;569,66666664;
Iznalloz;2011;Demandantes;Hombres;De 16 a 29 años;104,41666667;
Iznalloz;2011;Demandantes;Hombres;De 30 a 44 años;126,00000003;
Iznalloz;2011;Demandantes;Hombres;De 45 a 64 años;116,5;
Iznalloz;2011;Demandantes;Hombres;TOTAL;346,9166667;
Iznalloz;2011;Demandantes;Mujeres;De 16 a 29 años;141,91666668;
Iznalloz;2011;Demandantes;Mujeres;De 30 a 44 años;105,5;
Iznalloz;2011;Demandantes;Mujeres;De 45 a 64 años;70,83333333;
Iznalloz;2011;Demandantes;Mujeres;TOTAL;318,25000001;
Iznalloz;2011;Demandantes;Ambos sexos;De 16 a 29 años;246,33333335;
Iznalloz;2011;Demandantes;Ambos sexos;De 30 a 44 años;231,50000003;
Iznalloz;2011;Demandantes;Ambos sexos;De 45 a 64 años;187,33333333;
Iznalloz;2011;Demandantes;Ambos sexos;TOTAL;665,16666671;
Iznalloz;2012;Demandantes;Hombres;De 16 a 29 años;104,83333335;
Iznalloz;2012;Demandantes;Hombres;De 30 a 44 años;135,66666662;
Iznalloz;2012;Demandantes;Hombres;De 45 a 64 años;132,00000002;
Iznalloz;2012;Demandantes;Hombres;TOTAL;372,49999999;
Iznalloz;2012;Demandantes;Mujeres;De 16 a 29 años;138,08333334;
Iznalloz;2012;Demandantes;Mujeres;De 30 a 44 años;117,58333333;
Iznalloz;2012;Demandantes;Mujeres;De 45 a 64 años;75,41666666;
Iznalloz;2012;Demandantes;Mujeres;TOTAL;331,08333333;
Iznalloz;2012;Demandantes;Ambos sexos;De 16 a 29 años;242,91666669;
Iznalloz;2012;Demandantes;Ambos sexos;De 30 a 44 años;253,24999995;
Iznalloz;2012;Demandantes;Ambos sexos;De 45 a 64 años;207,41666668;
Iznalloz;2012;Demandantes;Ambos sexos;TOTAL;703,58333332;
Jayena;2010;Demandantes;Hombres;De 16 a 29 años;17,25;
Jayena;2010;Demandantes;Hombres;De 30 a 44 años;27,24999998;
Jayena;2010;Demandantes;Hombres;De 45 a 64 años;23,5;
Jayena;2010;Demandantes;Hombres;TOTAL;67,99999998;
Jayena;2010;Demandantes;Mujeres;De 16 a 29 años;12,16666667;
Jayena;2010;Demandantes;Mujeres;De 30 a 44 años;16,33333335;
Jayena;2010;Demandantes;Mujeres;De 45 a 64 años;9,91666666;
Jayena;2010;Demandantes;Mujeres;TOTAL;38,41666668;
Jayena;2010;Demandantes;Ambos sexos;De 16 a 29 años;29,41666667;
Jayena;2010;Demandantes;Ambos sexos;De 30 a 44 años;43,58333333;
Jayena;2010;Demandantes;Ambos sexos;De 45 a 64 años;33,41666666;
Jayena;2010;Demandantes;Ambos sexos;TOTAL;106,41666666;
Jayena;2011;Demandantes;Hombres;De 16 a 29 años;18,58333334;
Jayena;2011;Demandantes;Hombres;De 30 a 44 años;27,83333333;
Jayena;2011;Demandantes;Hombres;De 45 a 64 años;27,08333333;
Jayena;2011;Demandantes;Hombres;TOTAL;73,5;
Jayena;2011;Demandantes;Mujeres;De 16 a 29 años;17,16666667;
Jayena;2011;Demandantes;Mujeres;De 30 a 44 años;18,75;
Jayena;2011;Demandantes;Mujeres;De 45 a 64 años;10,99999999;
Jayena;2011;Demandantes;Mujeres;TOTAL;46,91666666;
Jayena;2011;Demandantes;Ambos sexos;De 16 a 29 años;35,75000001;
Jayena;2011;Demandantes;Ambos sexos;De 30 a 44 años;46,58333333;
Jayena;2011;Demandantes;Ambos sexos;De 45 a 64 años;38,08333332;
Jayena;2011;Demandantes;Ambos sexos;TOTAL;120,41666666;
Jayena;2012;Demandantes;Hombres;De 16 a 29 años;15,50000001;
Jayena;2012;Demandantes;Hombres;De 30 a 44 años;25,16666666;
Jayena;2012;Demandantes;Hombres;De 45 a 64 años;30,58333334;
Jayena;2012;Demandantes;Hombres;TOTAL;71,25000001;
Jayena;2012;Demandantes;Mujeres;De 16 a 29 años;16,83333334;
Jayena;2012;Demandantes;Mujeres;De 30 a 44 años;27,41666668;
Jayena;2012;Demandantes;Mujeres;De 45 a 64 años;12,41666666;
Jayena;2012;Demandantes;Mujeres;TOTAL;56,66666668;
Jayena;2012;Demandantes;Ambos sexos;De 16 a 29 años;32,33333335;
Jayena;2012;Demandantes;Ambos sexos;De 30 a 44 años;52,58333334;
Jayena;2012;Demandantes;Ambos sexos;De 45 a 64 años;43;
Jayena;2012;Demandantes;Ambos sexos;TOTAL;127,91666669;
Jérez del Marquesado;2010;Demandantes;Hombres;De 16 a 29 años;8,83333333;
Jérez del Marquesado;2010;Demandantes;Hombres;De 30 a 44 años;16,41666664;
Jérez del Marquesado;2010;Demandantes;Hombres;De 45 a 64 años;16,16666665;
Jérez del Marquesado;2010;Demandantes;Hombres;TOTAL;41,41666662;
Jérez del Marquesado;2010;Demandantes;Mujeres;De 16 a 29 años;10,75;
Jérez del Marquesado;2010;Demandantes;Mujeres;De 30 a 44 años;17,5;
Jérez del Marquesado;2010;Demandantes;Mujeres;De 45 a 64 años;15,25;
Jérez del Marquesado;2010;Demandantes;Mujeres;TOTAL;43,5;
Jérez del Marquesado;2010;Demandantes;Ambos sexos;De 16 a 29 años;19,58333333;
Jérez del Marquesado;2010;Demandantes;Ambos sexos;De 30 a 44 años;33,91666664;
Jérez del Marquesado;2010;Demandantes;Ambos sexos;De 45 a 64 años;31,41666665;
Jérez del Marquesado;2010;Demandantes;Ambos sexos;TOTAL;84,91666662;
Jérez del Marquesado;2011;Demandantes;Hombres;De 16 a 29 años;8,24999999;
Jérez del Marquesado;2011;Demandantes;Hombres;De 30 a 44 años;19,75;
Jérez del Marquesado;2011;Demandantes;Hombres;De 45 a 64 años;21,58333335;
Jérez del Marquesado;2011;Demandantes;Hombres;TOTAL;49,58333334;
Jérez del Marquesado;2011;Demandantes;Mujeres;De 16 a 29 años;11,16666666;
Jérez del Marquesado;2011;Demandantes;Mujeres;De 30 a 44 años;19,66666668;
Jérez del Marquesado;2011;Demandantes;Mujeres;De 45 a 64 años;18,16666668;
Jérez del Marquesado;2011;Demandantes;Mujeres;TOTAL;49,00000002;
Jérez del Marquesado;2011;Demandantes;Ambos sexos;De 16 a 29 años;19,41666665;
Jérez del Marquesado;2011;Demandantes;Ambos sexos;De 30 a 44 años;39,41666668;
Jérez del Marquesado;2011;Demandantes;Ambos sexos;De 45 a 64 años;39,75000003;
Jérez del Marquesado;2011;Demandantes;Ambos sexos;TOTAL;98,58333336;
Jérez del Marquesado;2012;Demandantes;Hombres;De 16 a 29 años;12,33333332;
Jérez del Marquesado;2012;Demandantes;Hombres;De 30 a 44 años;19,66666667;
Jérez del Marquesado;2012;Demandantes;Hombres;De 45 a 64 años;33,49999999;
Jérez del Marquesado;2012;Demandantes;Hombres;TOTAL;65,49999998;
Jérez del Marquesado;2012;Demandantes;Mujeres;De 16 a 29 años;13,66666667;
Jérez del Marquesado;2012;Demandantes;Mujeres;De 30 a 44 años;28,16666665;
Jérez del Marquesado;2012;Demandantes;Mujeres;De 45 a 64 años;21,25;
Jérez del Marquesado;2012;Demandantes;Mujeres;TOTAL;63,08333332;
Jérez del Marquesado;2012;Demandantes;Ambos sexos;De 16 a 29 años;25,99999999;
Jérez del Marquesado;2012;Demandantes;Ambos sexos;De 30 a 44 años;47,83333332;
Jérez del Marquesado;2012;Demandantes;Ambos sexos;De 45 a 64 años;54,74999999;
Jérez del Marquesado;2012;Demandantes;Ambos sexos;TOTAL;128,5833333;
Jete;2010;Demandantes;Hombres;De 16 a 29 años;5,33333333;
Jete;2010;Demandantes;Hombres;De 30 a 44 años;13,83333332;
Jete;2010;Demandantes;Hombres;De 45 a 64 años;13,58333334;
Jete;2010;Demandantes;Hombres;TOTAL;32,74999999;
Jete;2010;Demandantes;Mujeres;De 16 a 29 años;13,33333333;
Jete;2010;Demandantes;Mujeres;De 30 a 44 años;13,75000001;
Jete;2010;Demandantes;Mujeres;De 45 a 64 años;10,25;
Jete;2010;Demandantes;Mujeres;TOTAL;37,33333334;
Jete;2010;Demandantes;Ambos sexos;De 16 a 29 años;18,66666666;
Jete;2010;Demandantes;Ambos sexos;De 30 a 44 años;27,58333333;
Jete;2010;Demandantes;Ambos sexos;De 45 a 64 años;23,83333334;
Jete;2010;Demandantes;Ambos sexos;TOTAL;70,08333333;
Jete;2011;Demandantes;Hombres;De 16 a 29 años;6,5;
Jete;2011;Demandantes;Hombres;De 30 a 44 años;13,58333333;
Jete;2011;Demandantes;Hombres;De 45 a 64 años;13,41666668;
Jete;2011;Demandantes;Hombres;TOTAL;33,50000001;
Jete;2011;Demandantes;Mujeres;De 16 a 29 años;10,41666667;
Jete;2011;Demandantes;Mujeres;De 30 a 44 años;15,83333332;
Jete;2011;Demandantes;Mujeres;De 45 a 64 años;8,91666667;
Jete;2011;Demandantes;Mujeres;TOTAL;35,16666666;
Jete;2011;Demandantes;Ambos sexos;De 16 a 29 años;16,91666667;
Jete;2011;Demandantes;Ambos sexos;De 30 a 44 años;29,41666665;
Jete;2011;Demandantes;Ambos sexos;De 45 a 64 años;22,33333335;
Jete;2011;Demandantes;Ambos sexos;TOTAL;68,66666667;
Jete;2012;Demandantes;Hombres;De 16 a 29 años;8,41666666;
Jete;2012;Demandantes;Hombres;De 30 a 44 años;17,33333333;
Jete;2012;Demandantes;Hombres;De 45 a 64 años;12,91666666;
Jete;2012;Demandantes;Hombres;TOTAL;38,66666665;
Jete;2012;Demandantes;Mujeres;De 16 a 29 años;14,91666666;
Jete;2012;Demandantes;Mujeres;De 30 a 44 años;17,91666666;
Jete;2012;Demandantes;Mujeres;De 45 a 64 años;9,75000001;
Jete;2012;Demandantes;Mujeres;TOTAL;42,58333333;
Jete;2012;Demandantes;Ambos sexos;De 16 a 29 años;23,33333332;
Jete;2012;Demandantes;Ambos sexos;De 30 a 44 años;35,24999999;
Jete;2012;Demandantes;Ambos sexos;De 45 a 64 años;22,66666667;
Jete;2012;Demandantes;Ambos sexos;TOTAL;81,24999998;
Jun;2010;Demandantes;Hombres;De 16 a 29 años;58,33333334;
Jun;2010;Demandantes;Hombres;De 30 a 44 años;61,33333332;
Jun;2010;Demandantes;Hombres;De 45 a 64 años;42,75;
Jun;2010;Demandantes;Hombres;TOTAL;162,41666666;
Jun;2010;Demandantes;Mujeres;De 16 a 29 años;37,41666665;
Jun;2010;Demandantes;Mujeres;De 30 a 44 años;74,16666668;
Jun;2010;Demandantes;Mujeres;De 45 a 64 años;30,66666666;
Jun;2010;Demandantes;Mujeres;TOTAL;142,24999999;
Jun;2010;Demandantes;Ambos sexos;De 16 a 29 años;95,74999999;
Jun;2010;Demandantes;Ambos sexos;De 30 a 44 años;135,5;
Jun;2010;Demandantes;Ambos sexos;De 45 a 64 años;73,41666666;
Jun;2010;Demandantes;Ambos sexos;TOTAL;304,66666665;
Jun;2011;Demandantes;Hombres;De 16 a 29 años;51,16666667;
Jun;2011;Demandantes;Hombres;De 30 a 44 años;64,16666668;
Jun;2011;Demandantes;Hombres;De 45 a 64 años;46,24999999;
Jun;2011;Demandantes;Hombres;TOTAL;161,58333334;
Jun;2011;Demandantes;Mujeres;De 16 a 29 años;43,5;
Jun;2011;Demandantes;Mujeres;De 30 a 44 años;66,74999999;
Jun;2011;Demandantes;Mujeres;De 45 a 64 años;38,91666666;
Jun;2011;Demandantes;Mujeres;TOTAL;149,16666665;
Jun;2011;Demandantes;Ambos sexos;De 16 a 29 años;94,66666667;
Jun;2011;Demandantes;Ambos sexos;De 30 a 44 años;130,91666667;
Jun;2011;Demandantes;Ambos sexos;De 45 a 64 años;85,16666665;
Jun;2011;Demandantes;Ambos sexos;TOTAL;310,74999999;
Jun;2012;Demandantes;Hombres;De 16 a 29 años;60,75;
Jun;2012;Demandantes;Hombres;De 30 a 44 años;82,41666668;
Jun;2012;Demandantes;Hombres;De 45 a 64 años;71,16666666;
Jun;2012;Demandantes;Hombres;TOTAL;214,33333334;
Jun;2012;Demandantes;Mujeres;De 16 a 29 años;45,16666668;
Jun;2012;Demandantes;Mujeres;De 30 a 44 años;69,91666666;
Jun;2012;Demandantes;Mujeres;De 45 a 64 años;56,16666667;
Jun;2012;Demandantes;Mujeres;TOTAL;171,25000001;
Jun;2012;Demandantes;Ambos sexos;De 16 a 29 años;105,91666668;
Jun;2012;Demandantes;Ambos sexos;De 30 a 44 años;152,33333334;
Jun;2012;Demandantes;Ambos sexos;De 45 a 64 años;127,33333333;
Jun;2012;Demandantes;Ambos sexos;TOTAL;385,58333335;
Juviles;2010;Demandantes;Hombres;De 16 a 29 años;1,75;
Juviles;2010;Demandantes;Hombres;De 30 a 44 años;3;
Juviles;2010;Demandantes;Hombres;De 45 a 64 años;3,33333333;
Juviles;2010;Demandantes;Hombres;TOTAL;8,08333333;
Juviles;2010;Demandantes;Mujeres;De 16 a 29 años;0,25;
Juviles;2010;Demandantes;Mujeres;De 30 a 44 años;1,25;
Juviles;2010;Demandantes;Mujeres;De 45 a 64 años;2;
Juviles;2010;Demandantes;Mujeres;TOTAL;3,5;
Juviles;2010;Demandantes;Ambos sexos;De 16 a 29 años;2;
Juviles;2010;Demandantes;Ambos sexos;De 30 a 44 años;4,25;
Juviles;2010;Demandantes;Ambos sexos;De 45 a 64 años;5,33333333;
Juviles;2010;Demandantes;Ambos sexos;TOTAL;11,58333333;
Juviles;2011;Demandantes;Hombres;De 16 a 29 años;1,66666667;
Juviles;2011;Demandantes;Hombres;De 30 a 44 años;2,58333333;
Juviles;2011;Demandantes;Hombres;De 45 a 64 años;2,66666668;
Juviles;2011;Demandantes;Hombres;TOTAL;6,91666668;
Juviles;2011;Demandantes;Mujeres;De 16 a 29 años;0,75;
Juviles;2011;Demandantes;Mujeres;De 30 a 44 años;0,75;
Juviles;2011;Demandantes;Mujeres;De 45 a 64 años;1,58333334;
Juviles;2011;Demandantes;Mujeres;TOTAL;3,08333334;
Juviles;2011;Demandantes;Ambos sexos;De 16 a 29 años;2,41666667;
Juviles;2011;Demandantes;Ambos sexos;De 30 a 44 años;3,33333333;
Juviles;2011;Demandantes;Ambos sexos;De 45 a 64 años;4,25000002;
Juviles;2011;Demandantes;Ambos sexos;TOTAL;10,00000002;
Juviles;2012;Demandantes;Hombres;De 16 a 29 años;2;
Juviles;2012;Demandantes;Hombres;De 30 a 44 años;5,16666666;
Juviles;2012;Demandantes;Hombres;De 45 a 64 años;3,5;
Juviles;2012;Demandantes;Hombres;TOTAL;10,66666666;
Juviles;2012;Demandantes;Mujeres;De 16 a 29 años;0,25;
Juviles;2012;Demandantes;Mujeres;De 30 a 44 años;1,66666667;
Juviles;2012;Demandantes;Mujeres;De 45 a 64 años;1,08333334;
Juviles;2012;Demandantes;Mujeres;TOTAL;3,00000001;
Juviles;2012;Demandantes;Ambos sexos;De 16 a 29 años;2,25;
Juviles;2012;Demandantes;Ambos sexos;De 30 a 44 años;6,83333333;
Juviles;2012;Demandantes;Ambos sexos;De 45 a 64 años;4,58333334;
Juviles;2012;Demandantes;Ambos sexos;TOTAL;13,66666667;
La Calahorra;2010;Demandantes;Hombres;De 16 a 29 años;7,75;
La Calahorra;2010;Demandantes;Hombres;De 30 a 44 años;10,66666667;
La Calahorra;2010;Demandantes;Hombres;De 45 a 64 años;11,41666666;
La Calahorra;2010;Demandantes;Hombres;TOTAL;29,83333333;
La Calahorra;2010;Demandantes;Mujeres;De 16 a 29 años;6,66666667;
La Calahorra;2010;Demandantes;Mujeres;De 30 a 44 años;8,08333333;
La Calahorra;2010;Demandantes;Mujeres;De 45 a 64 años;9,99999999;
La Calahorra;2010;Demandantes;Mujeres;TOTAL;24,74999999;
La Calahorra;2010;Demandantes;Ambos sexos;De 16 a 29 años;14,41666667;
La Calahorra;2010;Demandantes;Ambos sexos;De 30 a 44 años;18,75;
La Calahorra;2010;Demandantes;Ambos sexos;De 45 a 64 años;21,41666665;
La Calahorra;2010;Demandantes;Ambos sexos;TOTAL;54,58333332;
La Calahorra;2011;Demandantes;Hombres;De 16 a 29 años;6,33333334;
La Calahorra;2011;Demandantes;Hombres;De 30 a 44 años;9,50000001;
La Calahorra;2011;Demandantes;Hombres;De 45 a 64 años;12,08333333;
La Calahorra;2011;Demandantes;Hombres;TOTAL;27,91666668;
La Calahorra;2011;Demandantes;Mujeres;De 16 a 29 años;7,49999999;
La Calahorra;2011;Demandantes;Mujeres;De 30 a 44 años;14,33333332;
La Calahorra;2011;Demandantes;Mujeres;De 45 a 64 años;14,58333334;
La Calahorra;2011;Demandantes;Mujeres;TOTAL;36,41666665;
La Calahorra;2011;Demandantes;Ambos sexos;De 16 a 29 años;13,83333333;
La Calahorra;2011;Demandantes;Ambos sexos;De 30 a 44 años;23,83333333;
La Calahorra;2011;Demandantes;Ambos sexos;De 45 a 64 años;26,66666667;
La Calahorra;2011;Demandantes;Ambos sexos;TOTAL;64,33333333;
La Calahorra;2012;Demandantes;Hombres;De 16 a 29 años;8,83333334;
La Calahorra;2012;Demandantes;Hombres;De 30 a 44 años;11,66666666;
La Calahorra;2012;Demandantes;Hombres;De 45 a 64 años;17,91666666;
La Calahorra;2012;Demandantes;Hombres;TOTAL;38,41666666;
La Calahorra;2012;Demandantes;Mujeres;De 16 a 29 años;8,16666667;
La Calahorra;2012;Demandantes;Mujeres;De 30 a 44 años;16,16666668;
La Calahorra;2012;Demandantes;Mujeres;De 45 a 64 años;14,66666667;
La Calahorra;2012;Demandantes;Mujeres;TOTAL;39,00000002;
La Calahorra;2012;Demandantes;Ambos sexos;De 16 a 29 años;17,00000001;
La Calahorra;2012;Demandantes;Ambos sexos;De 30 a 44 años;27,83333334;
La Calahorra;2012;Demandantes;Ambos sexos;De 45 a 64 años;32,58333333;
La Calahorra;2012;Demandantes;Ambos sexos;TOTAL;77,41666668;
La Malahá;2010;Demandantes;Hombres;De 16 a 29 años;34,99999999;
La Malahá;2010;Demandantes;Hombres;De 30 a 44 años;50,83333332;
La Malahá;2010;Demandantes;Hombres;De 45 a 64 años;57,41666666;
La Malahá;2010;Demandantes;Hombres;TOTAL;143,24999997;
La Malahá;2010;Demandantes;Mujeres;De 16 a 29 años;18,33333334;
La Malahá;2010;Demandantes;Mujeres;De 30 a 44 años;35,58333333;
La Malahá;2010;Demandantes;Mujeres;De 45 a 64 años;14,08333332;
La Malahá;2010;Demandantes;Mujeres;TOTAL;67,99999999;
La Malahá;2010;Demandantes;Ambos sexos;De 16 a 29 años;53,33333333;
La Malahá;2010;Demandantes;Ambos sexos;De 30 a 44 años;86,41666665;
La Malahá;2010;Demandantes;Ambos sexos;De 45 a 64 años;71,49999998;
La Malahá;2010;Demandantes;Ambos sexos;TOTAL;211,24999996;
La Malahá;2011;Demandantes;Hombres;De 16 a 29 años;36,91666666;
La Malahá;2011;Demandantes;Hombres;De 30 a 44 años;71,08333334;
La Malahá;2011;Demandantes;Hombres;De 45 a 64 años;64,41666667;
La Malahá;2011;Demandantes;Hombres;TOTAL;172,41666667;
La Malahá;2011;Demandantes;Mujeres;De 16 a 29 años;20,66666667;
La Malahá;2011;Demandantes;Mujeres;De 30 a 44 años;40,08333333;
La Malahá;2011;Demandantes;Mujeres;De 45 a 64 años;15,33333332;
La Malahá;2011;Demandantes;Mujeres;TOTAL;76,08333332;
La Malahá;2011;Demandantes;Ambos sexos;De 16 a 29 años;57,58333333;
La Malahá;2011;Demandantes;Ambos sexos;De 30 a 44 años;111,16666667;
La Malahá;2011;Demandantes;Ambos sexos;De 45 a 64 años;79,74999999;
La Malahá;2011;Demandantes;Ambos sexos;TOTAL;248,49999999;
La Malahá;2012;Demandantes;Hombres;De 16 a 29 años;38,5;
La Malahá;2012;Demandantes;Hombres;De 30 a 44 años;78,66666665;
La Malahá;2012;Demandantes;Hombres;De 45 a 64 años;76,41666666;
La Malahá;2012;Demandantes;Hombres;TOTAL;193,58333331;
La Malahá;2012;Demandantes;Mujeres;De 16 a 29 años;31,58333334;
La Malahá;2012;Demandantes;Mujeres;De 30 a 44 años;45,66666665;
La Malahá;2012;Demandantes;Mujeres;De 45 a 64 años;17,66666667;
La Malahá;2012;Demandantes;Mujeres;TOTAL;94,91666666;
La Malahá;2012;Demandantes;Ambos sexos;De 16 a 29 años;70,08333334;
La Malahá;2012;Demandantes;Ambos sexos;De 30 a 44 años;124,3333333;
La Malahá;2012;Demandantes;Ambos sexos;De 45 a 64 años;94,08333333;
La Malahá;2012;Demandantes;Ambos sexos;TOTAL;288,49999997;
La Peza;2010;Demandantes;Hombres;De 16 a 29 años;7,49999999;
La Peza;2010;Demandantes;Hombres;De 30 a 44 años;22;
La Peza;2010;Demandantes;Hombres;De 45 a 64 años;18,66666666;
La Peza;2010;Demandantes;Hombres;TOTAL;48,16666665;
La Peza;2010;Demandantes;Mujeres;De 16 a 29 años;11,66666667;
La Peza;2010;Demandantes;Mujeres;De 30 a 44 años;12,91666665;
La Peza;2010;Demandantes;Mujeres;De 45 a 64 años;6,91666666;
La Peza;2010;Demandantes;Mujeres;TOTAL;31,49999998;
La Peza;2010;Demandantes;Ambos sexos;De 16 a 29 años;19,16666666;
La Peza;2010;Demandantes;Ambos sexos;De 30 a 44 años;34,91666665;
La Peza;2010;Demandantes;Ambos sexos;De 45 a 64 años;25,58333332;
La Peza;2010;Demandantes;Ambos sexos;TOTAL;79,66666663;
La Peza;2011;Demandantes;Hombres;De 16 a 29 años;11,33333333;
La Peza;2011;Demandantes;Hombres;De 30 a 44 años;23,58333332;
La Peza;2011;Demandantes;Hombres;De 45 a 64 años;25,66666667;
La Peza;2011;Demandantes;Hombres;TOTAL;60,58333332;
La Peza;2011;Demandantes;Mujeres;De 16 a 29 años;17,83333332;
La Peza;2011;Demandantes;Mujeres;De 30 a 44 años;17,00000001;
La Peza;2011;Demandantes;Mujeres;De 45 a 64 años;10,16666667;
La Peza;2011;Demandantes;Mujeres;TOTAL;45;
La Peza;2011;Demandantes;Ambos sexos;De 16 a 29 años;29,16666665;
La Peza;2011;Demandantes;Ambos sexos;De 30 a 44 años;40,58333333;
La Peza;2011;Demandantes;Ambos sexos;De 45 a 64 años;35,83333334;
La Peza;2011;Demandantes;Ambos sexos;TOTAL;105,58333332;
La Peza;2012;Demandantes;Hombres;De 16 a 29 años;16;
La Peza;2012;Demandantes;Hombres;De 30 a 44 años;23,83333334;
La Peza;2012;Demandantes;Hombres;De 45 a 64 años;31,66666667;
La Peza;2012;Demandantes;Hombres;TOTAL;71,50000001;
La Peza;2012;Demandantes;Mujeres;De 16 a 29 años;20,41666665;
La Peza;2012;Demandantes;Mujeres;De 30 a 44 años;23,91666666;
La Peza;2012;Demandantes;Mujeres;De 45 a 64 años;14,83333333;
La Peza;2012;Demandantes;Mujeres;TOTAL;59,16666664;
La Peza;2012;Demandantes;Ambos sexos;De 16 a 29 años;36,41666665;
La Peza;2012;Demandantes;Ambos sexos;De 30 a 44 años;47,75;
La Peza;2012;Demandantes;Ambos sexos;De 45 a 64 años;46,5;
La Peza;2012;Demandantes;Ambos sexos;TOTAL;130,66666665;
La Taha;2010;Demandantes;Hombres;De 16 a 29 años;5,33333334;
La Taha;2010;Demandantes;Hombres;De 30 a 44 años;14,16666666;
La Taha;2010;Demandantes;Hombres;De 45 a 64 años;20,75000002;
La Taha;2010;Demandantes;Hombres;TOTAL;40,25000002;
La Taha;2010;Demandantes;Mujeres;De 16 a 29 años;7,58333333;
La Taha;2010;Demandantes;Mujeres;De 30 a 44 años;6,83333333;
La Taha;2010;Demandantes;Mujeres;De 45 a 64 años;13,83333334;
La Taha;2010;Demandantes;Mujeres;TOTAL;28,25;
La Taha;2010;Demandantes;Ambos sexos;De 16 a 29 años;12,91666667;
La Taha;2010;Demandantes;Ambos sexos;De 30 a 44 años;20,99999999;
La Taha;2010;Demandantes;Ambos sexos;De 45 a 64 años;34,58333336;
La Taha;2010;Demandantes;Ambos sexos;TOTAL;68,50000002;
La Taha;2011;Demandantes;Hombres;De 16 a 29 años;5,16666667;
La Taha;2011;Demandantes;Hombres;De 30 a 44 años;14,58333334;
La Taha;2011;Demandantes;Hombres;De 45 a 64 años;24,16666668;
La Taha;2011;Demandantes;Hombres;TOTAL;43,91666669;
La Taha;2011;Demandantes;Mujeres;De 16 a 29 años;2,75;
La Taha;2011;Demandantes;Mujeres;De 30 a 44 años;13,66666668;
La Taha;2011;Demandantes;Mujeres;De 45 a 64 años;21,91666666;
La Taha;2011;Demandantes;Mujeres;TOTAL;38,33333334;
La Taha;2011;Demandantes;Ambos sexos;De 16 a 29 años;7,91666667;
La Taha;2011;Demandantes;Ambos sexos;De 30 a 44 años;28,25000002;
La Taha;2011;Demandantes;Ambos sexos;De 45 a 64 años;46,08333334;
La Taha;2011;Demandantes;Ambos sexos;TOTAL;82,25000003;
La Taha;2012;Demandantes;Hombres;De 16 a 29 años;5,91666667;
La Taha;2012;Demandantes;Hombres;De 30 a 44 años;16,74999999;
La Taha;2012;Demandantes;Hombres;De 45 a 64 años;21,91666667;
La Taha;2012;Demandantes;Hombres;TOTAL;44,58333333;
La Taha;2012;Demandantes;Mujeres;De 16 a 29 años;3,16666666;
La Taha;2012;Demandantes;Mujeres;De 30 a 44 años;6,66666665;
La Taha;2012;Demandantes;Mujeres;De 45 a 64 años;21,75;
La Taha;2012;Demandantes;Mujeres;TOTAL;31,58333331;
La Taha;2012;Demandantes;Ambos sexos;De 16 a 29 años;9,08333333;
La Taha;2012;Demandantes;Ambos sexos;De 30 a 44 años;23,41666664;
La Taha;2012;Demandantes;Ambos sexos;De 45 a 64 años;43,66666667;
La Taha;2012;Demandantes;Ambos sexos;TOTAL;76,16666664;
La Zubia;2010;Demandantes;Hombres;De 16 a 29 años;249,83333335;
La Zubia;2010;Demandantes;Hombres;De 30 a 44 años;398,24999999;
La Zubia;2010;Demandantes;Hombres;De 45 a 64 años;296,08333335;
La Zubia;2010;Demandantes;Hombres;TOTAL;944,16666669;
La Zubia;2010;Demandantes;Mujeres;De 16 a 29 años;211,75;
La Zubia;2010;Demandantes;Mujeres;De 30 a 44 años;425,58333334;
La Zubia;2010;Demandantes;Mujeres;De 45 a 64 años;261,91666667;
La Zubia;2010;Demandantes;Mujeres;TOTAL;899,25000001;
La Zubia;2010;Demandantes;Ambos sexos;De 16 a 29 años;461,58333335;
La Zubia;2010;Demandantes;Ambos sexos;De 30 a 44 años;823,83333333;
La Zubia;2010;Demandantes;Ambos sexos;De 45 a 64 años;558,00000002;
La Zubia;2010;Demandantes;Ambos sexos;TOTAL;1843,4166667;
La Zubia;2011;Demandantes;Hombres;De 16 a 29 años;239,91666667;
La Zubia;2011;Demandantes;Hombres;De 30 a 44 años;423,75000001;
La Zubia;2011;Demandantes;Hombres;De 45 a 64 años;343,83333335;
La Zubia;2011;Demandantes;Hombres;TOTAL;1007,50000003;
La Zubia;2011;Demandantes;Mujeres;De 16 a 29 años;223,25;
La Zubia;2011;Demandantes;Mujeres;De 30 a 44 años;458,16666667;
La Zubia;2011;Demandantes;Mujeres;De 45 a 64 años;310,58333336;
La Zubia;2011;Demandantes;Mujeres;TOTAL;992,00000003;
La Zubia;2011;Demandantes;Ambos sexos;De 16 a 29 años;463,16666667;
La Zubia;2011;Demandantes;Ambos sexos;De 30 a 44 años;881,91666668;
La Zubia;2011;Demandantes;Ambos sexos;De 45 a 64 años;654,41666671;
La Zubia;2011;Demandantes;Ambos sexos;TOTAL;1999,50000006;
La Zubia;2012;Demandantes;Hombres;De 16 a 29 años;265,08333337;
La Zubia;2012;Demandantes;Hombres;De 30 a 44 años;469,25000001;
La Zubia;2012;Demandantes;Hombres;De 45 a 64 años;413,91666667;
La Zubia;2012;Demandantes;Hombres;TOTAL;1148,25000005;
La Zubia;2012;Demandantes;Mujeres;De 16 a 29 años;218,33333333;
La Zubia;2012;Demandantes;Mujeres;De 30 a 44 años;519,41666665;
La Zubia;2012;Demandantes;Mujeres;De 45 a 64 años;376,91666669;
La Zubia;2012;Demandantes;Mujeres;TOTAL;1114,66666667;
La Zubia;2012;Demandantes;Ambos sexos;De 16 a 29 años;483,4166667;
La Zubia;2012;Demandantes;Ambos sexos;De 30 a 44 años;988,66666666;
La Zubia;2012;Demandantes;Ambos sexos;De 45 a 64 años;790,83333336;
La Zubia;2012;Demandantes;Ambos sexos;TOTAL;2262,91666672;
Láchar;2010;Demandantes;Hombres;De 16 a 29 años;52,41666666;
Láchar;2010;Demandantes;Hombres;De 30 a 44 años;73,66666667;
Láchar;2010;Demandantes;Hombres;De 45 a 64 años;56,74999999;
Láchar;2010;Demandantes;Hombres;TOTAL;182,83333332;
Láchar;2010;Demandantes;Mujeres;De 16 a 29 años;36,25000001;
Láchar;2010;Demandantes;Mujeres;De 30 a 44 años;58,16666665;
Láchar;2010;Demandantes;Mujeres;De 45 a 64 años;16,75;
Láchar;2010;Demandantes;Mujeres;TOTAL;111,16666666;
Láchar;2010;Demandantes;Ambos sexos;De 16 a 29 años;88,66666667;
Láchar;2010;Demandantes;Ambos sexos;De 30 a 44 años;131,83333332;
Láchar;2010;Demandantes;Ambos sexos;De 45 a 64 años;73,49999999;
Láchar;2010;Demandantes;Ambos sexos;TOTAL;293,99999998;
Láchar;2011;Demandantes;Hombres;De 16 a 29 años;59,33333332;
Láchar;2011;Demandantes;Hombres;De 30 a 44 años;91,41666665;
Láchar;2011;Demandantes;Hombres;De 45 a 64 años;60,75;
Láchar;2011;Demandantes;Hombres;TOTAL;211,49999997;
Láchar;2011;Demandantes;Mujeres;De 16 a 29 años;45,5;
Láchar;2011;Demandantes;Mujeres;De 30 a 44 años;67,58333335;
Láchar;2011;Demandantes;Mujeres;De 45 a 64 años;22,25;
Láchar;2011;Demandantes;Mujeres;TOTAL;135,33333335;
Láchar;2011;Demandantes;Ambos sexos;De 16 a 29 años;104,83333332;
Láchar;2011;Demandantes;Ambos sexos;De 30 a 44 años;159;
Láchar;2011;Demandantes;Ambos sexos;De 45 a 64 años;83;
Láchar;2011;Demandantes;Ambos sexos;TOTAL;346,83333332;
Láchar;2012;Demandantes;Hombres;De 16 a 29 años;57;
Láchar;2012;Demandantes;Hombres;De 30 a 44 años;90,91666667;
Láchar;2012;Demandantes;Hombres;De 45 a 64 años;75,75;
Láchar;2012;Demandantes;Hombres;TOTAL;223,66666667;
Láchar;2012;Demandantes;Mujeres;De 16 a 29 años;51,66666665;
Láchar;2012;Demandantes;Mujeres;De 30 a 44 años;77,41666668;
Láchar;2012;Demandantes;Mujeres;De 45 a 64 años;26,33333333;
Láchar;2012;Demandantes;Mujeres;TOTAL;155,41666666;
Láchar;2012;Demandantes;Ambos sexos;De 16 a 29 años;108,66666665;
Láchar;2012;Demandantes;Ambos sexos;De 30 a 44 años;168,33333335;
Láchar;2012;Demandantes;Ambos sexos;De 45 a 64 años;102,08333333;
Láchar;2012;Demandantes;Ambos sexos;TOTAL;379,08333333;
Lanjarón;2010;Demandantes;Hombres;De 16 a 29 años;57,49999999;
Lanjarón;2010;Demandantes;Hombres;De 30 a 44 años;94,91666668;
Lanjarón;2010;Demandantes;Hombres;De 45 a 64 años;83,49999999;
Lanjarón;2010;Demandantes;Hombres;TOTAL;235,91666666;
Lanjarón;2010;Demandantes;Mujeres;De 16 a 29 años;47;
Lanjarón;2010;Demandantes;Mujeres;De 30 a 44 años;67,66666666;
Lanjarón;2010;Demandantes;Mujeres;De 45 a 64 años;51,33333331;
Lanjarón;2010;Demandantes;Mujeres;TOTAL;165,99999997;
Lanjarón;2010;Demandantes;Ambos sexos;De 16 a 29 años;104,49999999;
Lanjarón;2010;Demandantes;Ambos sexos;De 30 a 44 años;162,58333334;
Lanjarón;2010;Demandantes;Ambos sexos;De 45 a 64 años;134,8333333;
Lanjarón;2010;Demandantes;Ambos sexos;TOTAL;401,91666663;
Lanjarón;2011;Demandantes;Hombres;De 16 a 29 años;62,58333333;
Lanjarón;2011;Demandantes;Hombres;De 30 a 44 años;97,91666668;
Lanjarón;2011;Demandantes;Hombres;De 45 a 64 años;92,08333333;
Lanjarón;2011;Demandantes;Hombres;TOTAL;252,58333334;
Lanjarón;2011;Demandantes;Mujeres;De 16 a 29 años;46,75000001;
Lanjarón;2011;Demandantes;Mujeres;De 30 a 44 años;65,66666667;
Lanjarón;2011;Demandantes;Mujeres;De 45 a 64 años;54,74999999;
Lanjarón;2011;Demandantes;Mujeres;TOTAL;167,16666667;
Lanjarón;2011;Demandantes;Ambos sexos;De 16 a 29 años;109,33333334;
Lanjarón;2011;Demandantes;Ambos sexos;De 30 a 44 años;163,58333335;
Lanjarón;2011;Demandantes;Ambos sexos;De 45 a 64 años;146,83333332;
Lanjarón;2011;Demandantes;Ambos sexos;TOTAL;419,75000001;
Lanjarón;2012;Demandantes;Hombres;De 16 a 29 años;54,83333331;
Lanjarón;2012;Demandantes;Hombres;De 30 a 44 años;97,16666666;
Lanjarón;2012;Demandantes;Hombres;De 45 a 64 años;98,66666664;
Lanjarón;2012;Demandantes;Hombres;TOTAL;250,66666661;
Lanjarón;2012;Demandantes;Mujeres;De 16 a 29 años;43,58333334;
Lanjarón;2012;Demandantes;Mujeres;De 30 a 44 años;75,75000001;
Lanjarón;2012;Demandantes;Mujeres;De 45 a 64 años;57,41666666;
Lanjarón;2012;Demandantes;Mujeres;TOTAL;176,75000001;
Lanjarón;2012;Demandantes;Ambos sexos;De 16 a 29 años;98,41666665;
Lanjarón;2012;Demandantes;Ambos sexos;De 30 a 44 años;172,91666667;
Lanjarón;2012;Demandantes;Ambos sexos;De 45 a 64 años;156,0833333;
Lanjarón;2012;Demandantes;Ambos sexos;TOTAL;427,41666662;
Lanteira;2010;Demandantes;Hombres;De 16 a 29 años;11;
Lanteira;2010;Demandantes;Hombres;De 30 a 44 años;9,08333333;
Lanteira;2010;Demandantes;Hombres;De 45 a 64 años;11,66666666;
Lanteira;2010;Demandantes;Hombres;TOTAL;31,74999999;
Lanteira;2010;Demandantes;Mujeres;De 16 a 29 años;3,91666666;
Lanteira;2010;Demandantes;Mujeres;De 30 a 44 años;11,75000001;
Lanteira;2010;Demandantes;Mujeres;De 45 a 64 años;7,83333334;
Lanteira;2010;Demandantes;Mujeres;TOTAL;23,50000001;
Lanteira;2010;Demandantes;Ambos sexos;De 16 a 29 años;14,91666666;
Lanteira;2010;Demandantes;Ambos sexos;De 30 a 44 años;20,83333334;
Lanteira;2010;Demandantes;Ambos sexos;De 45 a 64 años;19,5;
Lanteira;2010;Demandantes;Ambos sexos;TOTAL;55,25;
Lanteira;2011;Demandantes;Hombres;De 16 a 29 años;10,58333332;
Lanteira;2011;Demandantes;Hombres;De 30 a 44 años;7,25000001;
Lanteira;2011;Demandantes;Hombres;De 45 a 64 años;12,16666668;
Lanteira;2011;Demandantes;Hombres;TOTAL;30,00000001;
Lanteira;2011;Demandantes;Mujeres;De 16 a 29 años;5,75000001;
Lanteira;2011;Demandantes;Mujeres;De 30 a 44 años;11,75000001;
Lanteira;2011;Demandantes;Mujeres;De 45 a 64 años;4,33333333;
Lanteira;2011;Demandantes;Mujeres;TOTAL;21,83333335;
Lanteira;2011;Demandantes;Ambos sexos;De 16 a 29 años;16,33333333;
Lanteira;2011;Demandantes;Ambos sexos;De 30 a 44 años;19,00000002;
Lanteira;2011;Demandantes;Ambos sexos;De 45 a 64 años;16,50000001;
Lanteira;2011;Demandantes;Ambos sexos;TOTAL;51,83333336;
Lanteira;2012;Demandantes;Hombres;De 16 a 29 años;13;
Lanteira;2012;Demandantes;Hombres;De 30 a 44 años;12,66666667;
Lanteira;2012;Demandantes;Hombres;De 45 a 64 años;17,50000001;
Lanteira;2012;Demandantes;Hombres;TOTAL;43,16666668;
Lanteira;2012;Demandantes;Mujeres;De 16 a 29 años;4,50000001;
Lanteira;2012;Demandantes;Mujeres;De 30 a 44 años;13,83333335;
Lanteira;2012;Demandantes;Mujeres;De 45 a 64 años;6,41666667;
Lanteira;2012;Demandantes;Mujeres;TOTAL;24,75000003;
Lanteira;2012;Demandantes;Ambos sexos;De 16 a 29 años;17,50000001;
Lanteira;2012;Demandantes;Ambos sexos;De 30 a 44 años;26,50000002;
Lanteira;2012;Demandantes;Ambos sexos;De 45 a 64 años;23,91666668;
Lanteira;2012;Demandantes;Ambos sexos;TOTAL;67,91666671;
Las Gabias;2010;Demandantes;Hombres;De 16 a 29 años;310,33333333;
Las Gabias;2010;Demandantes;Hombres;De 30 a 44 años;521,24999999;
Las Gabias;2010;Demandantes;Hombres;De 45 a 64 años;300,99999999;
Las Gabias;2010;Demandantes;Hombres;TOTAL;1132,58333331;
Las Gabias;2010;Demandantes;Mujeres;De 16 a 29 años;268,58333334;
Las Gabias;2010;Demandantes;Mujeres;De 30 a 44 años;546,91666667;
Las Gabias;2010;Demandantes;Mujeres;De 45 a 64 años;224,00000001;
Las Gabias;2010;Demandantes;Mujeres;TOTAL;1039,50000002;
Las Gabias;2010;Demandantes;Ambos sexos;De 16 a 29 años;578,91666667;
Las Gabias;2010;Demandantes;Ambos sexos;De 30 a 44 años;1068,16666666;
Las Gabias;2010;Demandantes;Ambos sexos;De 45 a 64 años;525;
Las Gabias;2010;Demandantes;Ambos sexos;TOTAL;2172,08333333;
Las Gabias;2011;Demandantes;Hombres;De 16 a 29 años;299,41666667;
Las Gabias;2011;Demandantes;Hombres;De 30 a 44 años;544,83333332;
Las Gabias;2011;Demandantes;Hombres;De 45 a 64 años;316,83333335;
Las Gabias;2011;Demandantes;Hombres;TOTAL;1161,08333334;
Las Gabias;2011;Demandantes;Mujeres;De 16 a 29 años;281,66666666;
Las Gabias;2011;Demandantes;Mujeres;De 30 a 44 años;568,99999999;
Las Gabias;2011;Demandantes;Mujeres;De 45 a 64 años;247;
Las Gabias;2011;Demandantes;Mujeres;TOTAL;1097,66666665;
Las Gabias;2011;Demandantes;Ambos sexos;De 16 a 29 años;581,08333333;
Las Gabias;2011;Demandantes;Ambos sexos;De 30 a 44 años;1113,83333331;
Las Gabias;2011;Demandantes;Ambos sexos;De 45 a 64 años;563,83333335;
Las Gabias;2011;Demandantes;Ambos sexos;TOTAL;2258,74999999;
Las Gabias;2012;Demandantes;Hombres;De 16 a 29 años;298,75;
Las Gabias;2012;Demandantes;Hombres;De 30 a 44 años;609,75;
Las Gabias;2012;Demandantes;Hombres;De 45 a 64 años;402,91666668;
Las Gabias;2012;Demandantes;Hombres;TOTAL;1311,41666668;
Las Gabias;2012;Demandantes;Mujeres;De 16 a 29 años;314,16666666;
Las Gabias;2012;Demandantes;Mujeres;De 30 a 44 años;661,33333335;
Las Gabias;2012;Demandantes;Mujeres;De 45 a 64 años;303,41666665;
Las Gabias;2012;Demandantes;Mujeres;TOTAL;1278,91666666;
Las Gabias;2012;Demandantes;Ambos sexos;De 16 a 29 años;612,91666666;
Las Gabias;2012;Demandantes;Ambos sexos;De 30 a 44 años;1271,08333335;
Las Gabias;2012;Demandantes;Ambos sexos;De 45 a 64 años;706,33333333;
Las Gabias;2012;Demandantes;Ambos sexos;TOTAL;2590,33333334;
Lecrín;2010;Demandantes;Hombres;De 16 a 29 años;19,91666667;
Lecrín;2010;Demandantes;Hombres;De 30 a 44 años;37,74999999;
Lecrín;2010;Demandantes;Hombres;De 45 a 64 años;29,74999999;
Lecrín;2010;Demandantes;Hombres;TOTAL;87,41666665;
Lecrín;2010;Demandantes;Mujeres;De 16 a 29 años;13,99999999;
Lecrín;2010;Demandantes;Mujeres;De 30 a 44 años;18,00000002;
Lecrín;2010;Demandantes;Mujeres;De 45 a 64 años;9,24999999;
Lecrín;2010;Demandantes;Mujeres;TOTAL;41,25;
Lecrín;2010;Demandantes;Ambos sexos;De 16 a 29 años;33,91666666;
Lecrín;2010;Demandantes;Ambos sexos;De 30 a 44 años;55,75000001;
Lecrín;2010;Demandantes;Ambos sexos;De 45 a 64 años;38,99999998;
Lecrín;2010;Demandantes;Ambos sexos;TOTAL;128,66666665;
Lecrín;2011;Demandantes;Hombres;De 16 a 29 años;25,50000001;
Lecrín;2011;Demandantes;Hombres;De 30 a 44 años;41,83333333;
Lecrín;2011;Demandantes;Hombres;De 45 a 64 años;36,83333336;
Lecrín;2011;Demandantes;Hombres;TOTAL;104,1666667;
Lecrín;2011;Demandantes;Mujeres;De 16 a 29 años;13,33333333;
Lecrín;2011;Demandantes;Mujeres;De 30 a 44 años;21,16666666;
Lecrín;2011;Demandantes;Mujeres;De 45 a 64 años;11,99999999;
Lecrín;2011;Demandantes;Mujeres;TOTAL;46,49999998;
Lecrín;2011;Demandantes;Ambos sexos;De 16 a 29 años;38,83333334;
Lecrín;2011;Demandantes;Ambos sexos;De 30 a 44 años;62,99999999;
Lecrín;2011;Demandantes;Ambos sexos;De 45 a 64 años;48,83333335;
Lecrín;2011;Demandantes;Ambos sexos;TOTAL;150,66666668;
Lecrín;2012;Demandantes;Hombres;De 16 a 29 años;26,33333331;
Lecrín;2012;Demandantes;Hombres;De 30 a 44 años;51,58333333;
Lecrín;2012;Demandantes;Hombres;De 45 a 64 años;55;
Lecrín;2012;Demandantes;Hombres;TOTAL;132,91666664;
Lecrín;2012;Demandantes;Mujeres;De 16 a 29 años;23,58333333;
Lecrín;2012;Demandantes;Mujeres;De 30 a 44 años;27,91666667;
Lecrín;2012;Demandantes;Mujeres;De 45 a 64 años;16,25;
Lecrín;2012;Demandantes;Mujeres;TOTAL;67,75;
Lecrín;2012;Demandantes;Ambos sexos;De 16 a 29 años;49,91666664;
Lecrín;2012;Demandantes;Ambos sexos;De 30 a 44 años;79,5;
Lecrín;2012;Demandantes;Ambos sexos;De 45 a 64 años;71,25;
Lecrín;2012;Demandantes;Ambos sexos;TOTAL;200,66666664;
Lentegí;2010;Demandantes;Hombres;De 16 a 29 años;6,33333333;
Lentegí;2010;Demandantes;Hombres;De 30 a 44 años;6,49999999;
Lentegí;2010;Demandantes;Hombres;De 45 a 64 años;4,83333334;
Lentegí;2010;Demandantes;Hombres;TOTAL;17,66666666;
Lentegí;2010;Demandantes;Mujeres;De 16 a 29 años;3,83333333;
Lentegí;2010;Demandantes;Mujeres;De 30 a 44 años;3,75000001;
Lentegí;2010;Demandantes;Mujeres;De 45 a 64 años;5,5;
Lentegí;2010;Demandantes;Mujeres;TOTAL;13,08333334;
Lentegí;2010;Demandantes;Ambos sexos;De 16 a 29 años;10,16666666;
Lentegí;2010;Demandantes;Ambos sexos;De 30 a 44 años;10,25;
Lentegí;2010;Demandantes;Ambos sexos;De 45 a 64 años;10,33333334;
Lentegí;2010;Demandantes;Ambos sexos;TOTAL;30,75;
Lentegí;2011;Demandantes;Hombres;De 16 a 29 años;6,66666665;
Lentegí;2011;Demandantes;Hombres;De 30 a 44 años;5,58333334;
Lentegí;2011;Demandantes;Hombres;De 45 a 64 años;6,5;
Lentegí;2011;Demandantes;Hombres;TOTAL;18,74999999;
Lentegí;2011;Demandantes;Mujeres;De 16 a 29 años;3,08333332;
Lentegí;2011;Demandantes;Mujeres;De 30 a 44 años;4,66666667;
Lentegí;2011;Demandantes;Mujeres;De 45 a 64 años;4,91666667;
Lentegí;2011;Demandantes;Mujeres;TOTAL;12,66666666;
Lentegí;2011;Demandantes;Ambos sexos;De 16 a 29 años;9,74999997;
Lentegí;2011;Demandantes;Ambos sexos;De 30 a 44 años;10,25000001;
Lentegí;2011;Demandantes;Ambos sexos;De 45 a 64 años;11,41666667;
Lentegí;2011;Demandantes;Ambos sexos;TOTAL;31,41666665;
Lentegí;2012;Demandantes;Hombres;De 16 a 29 años;5,08333332;
Lentegí;2012;Demandantes;Hombres;De 30 a 44 años;5,5;
Lentegí;2012;Demandantes;Hombres;De 45 a 64 años;6,83333333;
Lentegí;2012;Demandantes;Hombres;TOTAL;17,41666665;
Lentegí;2012;Demandantes;Mujeres;De 16 a 29 años;5,08333334;
Lentegí;2012;Demandantes;Mujeres;De 30 a 44 años;6,41666667;
Lentegí;2012;Demandantes;Mujeres;De 45 a 64 años;4,49999999;
Lentegí;2012;Demandantes;Mujeres;TOTAL;16;
Lentegí;2012;Demandantes;Ambos sexos;De 16 a 29 años;10,16666666;
Lentegí;2012;Demandantes;Ambos sexos;De 30 a 44 años;11,91666667;
Lentegí;2012;Demandantes;Ambos sexos;De 45 a 64 años;11,33333332;
Lentegí;2012;Demandantes;Ambos sexos;TOTAL;33,41666665;
Lobras;2010;Demandantes;Hombres;De 16 a 29 años;0,16666667;
Lobras;2010;Demandantes;Hombres;De 30 a 44 años;2,58333333;
Lobras;2010;Demandantes;Hombres;De 45 a 64 años;1,66666667;
Lobras;2010;Demandantes;Hombres;TOTAL;4,41666667;
Lobras;2010;Demandantes;Mujeres;De 16 a 29 años;0,08333333;
Lobras;2010;Demandantes;Mujeres;De 30 a 44 años;0,5;
Lobras;2010;Demandantes;Mujeres;De 45 a 64 años;0,16666667;
Lobras;2010;Demandantes;Mujeres;TOTAL;0,75;
Lobras;2010;Demandantes;Ambos sexos;De 16 a 29 años;0,25;
Lobras;2010;Demandantes;Ambos sexos;De 30 a 44 años;3,08333333;
Lobras;2010;Demandantes;Ambos sexos;De 45 a 64 años;1,83333334;
Lobras;2010;Demandantes;Ambos sexos;TOTAL;5,16666667;
Lobras;2011;Demandantes;Hombres;De 16 a 29 años;0,08333333;
Lobras;2011;Demandantes;Hombres;De 30 a 44 años;2,75;
Lobras;2011;Demandantes;Hombres;De 45 a 64 años;2,16666666;
Lobras;2011;Demandantes;Hombres;TOTAL;4,99999999;
Lobras;2011;Demandantes;Mujeres;De 16 a 29 años;-;
Lobras;2011;Demandantes;Mujeres;De 30 a 44 años;0,16666667;
Lobras;2011;Demandantes;Mujeres;De 45 a 64 años;0,08333333;
Lobras;2011;Demandantes;Mujeres;TOTAL;0,25;
Lobras;2011;Demandantes;Ambos sexos;De 16 a 29 años;0,08333333;
Lobras;2011;Demandantes;Ambos sexos;De 30 a 44 años;2,91666667;
Lobras;2011;Demandantes;Ambos sexos;De 45 a 64 años;2,24999999;
Lobras;2011;Demandantes;Ambos sexos;TOTAL;5,24999999;
Lobras;2012;Demandantes;Hombres;De 16 a 29 años;1,08333333;
Lobras;2012;Demandantes;Hombres;De 30 a 44 años;2,25;
Lobras;2012;Demandantes;Hombres;De 45 a 64 años;3,08333333;
Lobras;2012;Demandantes;Hombres;TOTAL;6,41666666;
Lobras;2012;Demandantes;Mujeres;De 16 a 29 años;-;
Lobras;2012;Demandantes;Mujeres;De 30 a 44 años;-;
Lobras;2012;Demandantes;Mujeres;De 45 a 64 años;-;
Lobras;2012;Demandantes;Mujeres;TOTAL;-;
Lobras;2012;Demandantes;Ambos sexos;De 16 a 29 años;1,08333333;
Lobras;2012;Demandantes;Ambos sexos;De 30 a 44 años;2,25;
Lobras;2012;Demandantes;Ambos sexos;De 45 a 64 años;3,08333333;
Lobras;2012;Demandantes;Ambos sexos;TOTAL;6,41666666;
Loja;2010;Demandantes;Hombres;De 16 a 29 años;265,41666665;
Loja;2010;Demandantes;Hombres;De 30 a 44 años;396,41666667;
Loja;2010;Demandantes;Hombres;De 45 a 64 años;292,25;
Loja;2010;Demandantes;Hombres;TOTAL;954,08333332;
Loja;2010;Demandantes;Mujeres;De 16 a 29 años;255,08333334;
Loja;2010;Demandantes;Mujeres;De 30 a 44 años;387,41666664;
Loja;2010;Demandantes;Mujeres;De 45 a 64 años;195,66666668;
Loja;2010;Demandantes;Mujeres;TOTAL;838,16666666;
Loja;2010;Demandantes;Ambos sexos;De 16 a 29 años;520,49999999;
Loja;2010;Demandantes;Ambos sexos;De 30 a 44 años;783,83333331;
Loja;2010;Demandantes;Ambos sexos;De 45 a 64 años;487,91666668;
Loja;2010;Demandantes;Ambos sexos;TOTAL;1792,24999998;
Loja;2011;Demandantes;Hombres;De 16 a 29 años;283,66666665;
Loja;2011;Demandantes;Hombres;De 30 a 44 años;383,33333333;
Loja;2011;Demandantes;Hombres;De 45 a 64 años;342,58333333;
Loja;2011;Demandantes;Hombres;TOTAL;1009,58333331;
Loja;2011;Demandantes;Mujeres;De 16 a 29 años;293,33333334;
Loja;2011;Demandantes;Mujeres;De 30 a 44 años;365,08333333;
Loja;2011;Demandantes;Mujeres;De 45 a 64 años;208;
Loja;2011;Demandantes;Mujeres;TOTAL;866,41666667;
Loja;2011;Demandantes;Ambos sexos;De 16 a 29 años;576,99999999;
Loja;2011;Demandantes;Ambos sexos;De 30 a 44 años;748,41666666;
Loja;2011;Demandantes;Ambos sexos;De 45 a 64 años;550,58333333;
Loja;2011;Demandantes;Ambos sexos;TOTAL;1875,99999998;
Loja;2012;Demandantes;Hombres;De 16 a 29 años;293,00000001;
Loja;2012;Demandantes;Hombres;De 30 a 44 años;416,66666666;
Loja;2012;Demandantes;Hombres;De 45 a 64 años;390,83333333;
Loja;2012;Demandantes;Hombres;TOTAL;1100,5;
Loja;2012;Demandantes;Mujeres;De 16 a 29 años;344,00000001;
Loja;2012;Demandantes;Mujeres;De 30 a 44 años;387,41666667;
Loja;2012;Demandantes;Mujeres;De 45 a 64 años;237,49999999;
Loja;2012;Demandantes;Mujeres;TOTAL;968,91666667;
Loja;2012;Demandantes;Ambos sexos;De 16 a 29 años;637,00000002;
Loja;2012;Demandantes;Ambos sexos;De 30 a 44 años;804,08333333;
Loja;2012;Demandantes;Ambos sexos;De 45 a 64 años;628,33333332;
Loja;2012;Demandantes;Ambos sexos;TOTAL;2069,41666667;
Los Guájares;2010;Demandantes;Hombres;De 16 a 29 años;14,16666666;
Los Guájares;2010;Demandantes;Hombres;De 30 a 44 años;24,58333331;
Los Guájares;2010;Demandantes;Hombres;De 45 a 64 años;23,66666666;
Los Guájares;2010;Demandantes;Hombres;TOTAL;62,41666663;
Los Guájares;2010;Demandantes;Mujeres;De 16 a 29 años;6,41666667;
Los Guájares;2010;Demandantes;Mujeres;De 30 a 44 años;12,41666666;
Los Guájares;2010;Demandantes;Mujeres;De 45 a 64 años;12,66666666;
Los Guájares;2010;Demandantes;Mujeres;TOTAL;31,49999999;
Los Guájares;2010;Demandantes;Ambos sexos;De 16 a 29 años;20,58333333;
Los Guájares;2010;Demandantes;Ambos sexos;De 30 a 44 años;36,99999997;
Los Guájares;2010;Demandantes;Ambos sexos;De 45 a 64 años;36,33333332;
Los Guájares;2010;Demandantes;Ambos sexos;TOTAL;93,91666662;
Los Guájares;2011;Demandantes;Hombres;De 16 a 29 años;15,08333332;
Los Guájares;2011;Demandantes;Hombres;De 30 a 44 años;20,41666668;
Los Guájares;2011;Demandantes;Hombres;De 45 a 64 años;28,24999998;
Los Guájares;2011;Demandantes;Hombres;TOTAL;63,74999998;
Los Guájares;2011;Demandantes;Mujeres;De 16 a 29 años;6;
Los Guájares;2011;Demandantes;Mujeres;De 30 a 44 años;14,75;
Los Guájares;2011;Demandantes;Mujeres;De 45 a 64 años;14,99999999;
Los Guájares;2011;Demandantes;Mujeres;TOTAL;35,74999999;
Los Guájares;2011;Demandantes;Ambos sexos;De 16 a 29 años;21,08333332;
Los Guájares;2011;Demandantes;Ambos sexos;De 30 a 44 años;35,16666668;
Los Guájares;2011;Demandantes;Ambos sexos;De 45 a 64 años;43,24999997;
Los Guájares;2011;Demandantes;Ambos sexos;TOTAL;99,49999997;
Los Guájares;2012;Demandantes;Hombres;De 16 a 29 años;8,75;
Los Guájares;2012;Demandantes;Hombres;De 30 a 44 años;18,41666665;
Los Guájares;2012;Demandantes;Hombres;De 45 a 64 años;27,66666667;
Los Guájares;2012;Demandantes;Hombres;TOTAL;54,83333332;
Los Guájares;2012;Demandantes;Mujeres;De 16 a 29 años;5,16666668;
Los Guájares;2012;Demandantes;Mujeres;De 30 a 44 años;15,08333333;
Los Guájares;2012;Demandantes;Mujeres;De 45 a 64 años;18,75000001;
Los Guájares;2012;Demandantes;Mujeres;TOTAL;39,00000002;
Los Guájares;2012;Demandantes;Ambos sexos;De 16 a 29 años;13,91666668;
Los Guájares;2012;Demandantes;Ambos sexos;De 30 a 44 años;33,49999998;
Los Guájares;2012;Demandantes;Ambos sexos;De 45 a 64 años;46,41666668;
Los Guájares;2012;Demandantes;Ambos sexos;TOTAL;93,83333334;
Lugros;2010;Demandantes;Hombres;De 16 a 29 años;3,83333334;
Lugros;2010;Demandantes;Hombres;De 30 a 44 años;3,75;
Lugros;2010;Demandantes;Hombres;De 45 a 64 años;2,66666667;
Lugros;2010;Demandantes;Hombres;TOTAL;10,25000001;
Lugros;2010;Demandantes;Mujeres;De 16 a 29 años;2,75;
Lugros;2010;Demandantes;Mujeres;De 30 a 44 años;4,91666666;
Lugros;2010;Demandantes;Mujeres;De 45 a 64 años;0,83333333;
Lugros;2010;Demandantes;Mujeres;TOTAL;8,49999999;
Lugros;2010;Demandantes;Ambos sexos;De 16 a 29 años;6,58333334;
Lugros;2010;Demandantes;Ambos sexos;De 30 a 44 años;8,66666666;
Lugros;2010;Demandantes;Ambos sexos;De 45 a 64 años;3,5;
Lugros;2010;Demandantes;Ambos sexos;TOTAL;18,75;
Lugros;2011;Demandantes;Hombres;De 16 a 29 años;1,5;
Lugros;2011;Demandantes;Hombres;De 30 a 44 años;7,08333333;
Lugros;2011;Demandantes;Hombres;De 45 a 64 años;2,58333333;
Lugros;2011;Demandantes;Hombres;TOTAL;11,16666666;
Lugros;2011;Demandantes;Mujeres;De 16 a 29 años;1,58333333;
Lugros;2011;Demandantes;Mujeres;De 30 a 44 años;2,41666667;
Lugros;2011;Demandantes;Mujeres;De 45 a 64 años;2,16666666;
Lugros;2011;Demandantes;Mujeres;TOTAL;6,16666666;
Lugros;2011;Demandantes;Ambos sexos;De 16 a 29 años;3,08333333;
Lugros;2011;Demandantes;Ambos sexos;De 30 a 44 años;9,5;
Lugros;2011;Demandantes;Ambos sexos;De 45 a 64 años;4,74999999;
Lugros;2011;Demandantes;Ambos sexos;TOTAL;17,33333332;
Lugros;2012;Demandantes;Hombres;De 16 a 29 años;3,41666667;
Lugros;2012;Demandantes;Hombres;De 30 a 44 años;8,91666667;
Lugros;2012;Demandantes;Hombres;De 45 a 64 años;4,08333333;
Lugros;2012;Demandantes;Hombres;TOTAL;16,41666667;
Lugros;2012;Demandantes;Mujeres;De 16 a 29 años;2,66666667;
Lugros;2012;Demandantes;Mujeres;De 30 a 44 años;2,41666667;
Lugros;2012;Demandantes;Mujeres;De 45 a 64 años;3,91666667;
Lugros;2012;Demandantes;Mujeres;TOTAL;9,00000001;
Lugros;2012;Demandantes;Ambos sexos;De 16 a 29 años;6,08333334;
Lugros;2012;Demandantes;Ambos sexos;De 30 a 44 años;11,33333334;
Lugros;2012;Demandantes;Ambos sexos;De 45 a 64 años;8;
Lugros;2012;Demandantes;Ambos sexos;TOTAL;25,41666668;
Lújar;2010;Demandantes;Hombres;De 16 a 29 años;5,33333334;
Lújar;2010;Demandantes;Hombres;De 30 a 44 años;3,00000001;
Lújar;2010;Demandantes;Hombres;De 45 a 64 años;5,74999998;
Lújar;2010;Demandantes;Hombres;TOTAL;14,08333333;
Lújar;2010;Demandantes;Mujeres;De 16 a 29 años;4,66666667;
Lújar;2010;Demandantes;Mujeres;De 30 a 44 años;3;
Lújar;2010;Demandantes;Mujeres;De 45 a 64 años;3,58333334;
Lújar;2010;Demandantes;Mujeres;TOTAL;11,25000001;
Lújar;2010;Demandantes;Ambos sexos;De 16 a 29 años;10,00000001;
Lújar;2010;Demandantes;Ambos sexos;De 30 a 44 años;6,00000001;
Lújar;2010;Demandantes;Ambos sexos;De 45 a 64 años;9,33333332;
Lújar;2010;Demandantes;Ambos sexos;TOTAL;25,33333334;
Lújar;2011;Demandantes;Hombres;De 16 a 29 años;5,33333333;
Lújar;2011;Demandantes;Hombres;De 30 a 44 años;5,24999999;
Lújar;2011;Demandantes;Hombres;De 45 a 64 años;7,00000001;
Lújar;2011;Demandantes;Hombres;TOTAL;17,58333333;
Lújar;2011;Demandantes;Mujeres;De 16 a 29 años;4,08333333;
Lújar;2011;Demandantes;Mujeres;De 30 a 44 años;1,91666666;
Lújar;2011;Demandantes;Mujeres;De 45 a 64 años;4,25;
Lújar;2011;Demandantes;Mujeres;TOTAL;10,24999999;
Lújar;2011;Demandantes;Ambos sexos;De 16 a 29 años;9,41666666;
Lújar;2011;Demandantes;Ambos sexos;De 30 a 44 años;7,16666665;
Lújar;2011;Demandantes;Ambos sexos;De 45 a 64 años;11,25000001;
Lújar;2011;Demandantes;Ambos sexos;TOTAL;27,83333332;
Lújar;2012;Demandantes;Hombres;De 16 a 29 años;6,91666666;
Lújar;2012;Demandantes;Hombres;De 30 a 44 años;6,66666666;
Lújar;2012;Demandantes;Hombres;De 45 a 64 años;7,74999999;
Lújar;2012;Demandantes;Hombres;TOTAL;21,33333331;
Lújar;2012;Demandantes;Mujeres;De 16 a 29 años;2,83333334;
Lújar;2012;Demandantes;Mujeres;De 30 a 44 años;3,58333333;
Lújar;2012;Demandantes;Mujeres;De 45 a 64 años;4,91666667;
Lújar;2012;Demandantes;Mujeres;TOTAL;11,33333334;
Lújar;2012;Demandantes;Ambos sexos;De 16 a 29 años;9,75;
Lújar;2012;Demandantes;Ambos sexos;De 30 a 44 años;10,24999999;
Lújar;2012;Demandantes;Ambos sexos;De 45 a 64 años;12,66666666;
Lújar;2012;Demandantes;Ambos sexos;TOTAL;32,66666665;
Maracena;2010;Demandantes;Hombres;De 16 a 29 años;309,50000001;
Maracena;2010;Demandantes;Hombres;De 30 a 44 años;496,16666667;
Maracena;2010;Demandantes;Hombres;De 45 a 64 años;364,08333335;
Maracena;2010;Demandantes;Hombres;TOTAL;1169,75000003;
Maracena;2010;Demandantes;Mujeres;De 16 a 29 años;279,41666668;
Maracena;2010;Demandantes;Mujeres;De 30 a 44 años;583,08333335;
Maracena;2010;Demandantes;Mujeres;De 45 a 64 años;295,5;
Maracena;2010;Demandantes;Mujeres;TOTAL;1158,00000003;
Maracena;2010;Demandantes;Ambos sexos;De 16 a 29 años;588,91666669;
Maracena;2010;Demandantes;Ambos sexos;De 30 a 44 años;1079,25000002;
Maracena;2010;Demandantes;Ambos sexos;De 45 a 64 años;659,58333335;
Maracena;2010;Demandantes;Ambos sexos;TOTAL;2327,75000006;
Maracena;2011;Demandantes;Hombres;De 16 a 29 años;307,58333332;
Maracena;2011;Demandantes;Hombres;De 30 a 44 años;550,16666665;
Maracena;2011;Demandantes;Hombres;De 45 a 64 años;420,08333335;
Maracena;2011;Demandantes;Hombres;TOTAL;1277,83333332;
Maracena;2011;Demandantes;Mujeres;De 16 a 29 años;308,66666663;
Maracena;2011;Demandantes;Mujeres;De 30 a 44 años;583,24999999;
Maracena;2011;Demandantes;Mujeres;De 45 a 64 años;342,41666665;
Maracena;2011;Demandantes;Mujeres;TOTAL;1234,33333327;
Maracena;2011;Demandantes;Ambos sexos;De 16 a 29 años;616,24999995;
Maracena;2011;Demandantes;Ambos sexos;De 30 a 44 años;1133,41666664;
Maracena;2011;Demandantes;Ambos sexos;De 45 a 64 años;762,5;
Maracena;2011;Demandantes;Ambos sexos;TOTAL;2512,16666659;
Maracena;2012;Demandantes;Hombres;De 16 a 29 años;310,83333333;
Maracena;2012;Demandantes;Hombres;De 30 a 44 años;595,16666663;
Maracena;2012;Demandantes;Hombres;De 45 a 64 años;491,66666668;
Maracena;2012;Demandantes;Hombres;TOTAL;1397,66666664;
Maracena;2012;Demandantes;Mujeres;De 16 a 29 años;319,58333334;
Maracena;2012;Demandantes;Mujeres;De 30 a 44 años;626,08333333;
Maracena;2012;Demandantes;Mujeres;De 45 a 64 años;412,16666666;
Maracena;2012;Demandantes;Mujeres;TOTAL;1357,83333333;
Maracena;2012;Demandantes;Ambos sexos;De 16 a 29 años;630,41666667;
Maracena;2012;Demandantes;Ambos sexos;De 30 a 44 años;1221,24999996;
Maracena;2012;Demandantes;Ambos sexos;De 45 a 64 años;903,83333334;
Maracena;2012;Demandantes;Ambos sexos;TOTAL;2755,49999997;
Marchal;2010;Demandantes;Hombres;De 16 a 29 años;4,75;
Marchal;2010;Demandantes;Hombres;De 30 a 44 años;3,66666667;
Marchal;2010;Demandantes;Hombres;De 45 a 64 años;8,91666666;
Marchal;2010;Demandantes;Hombres;TOTAL;17,33333333;
Marchal;2010;Demandantes;Mujeres;De 16 a 29 años;5,75;
Marchal;2010;Demandantes;Mujeres;De 30 a 44 años;1,66666667;
Marchal;2010;Demandantes;Mujeres;De 45 a 64 años;7,91666666;
Marchal;2010;Demandantes;Mujeres;TOTAL;15,33333333;
Marchal;2010;Demandantes;Ambos sexos;De 16 a 29 años;10,5;
Marchal;2010;Demandantes;Ambos sexos;De 30 a 44 años;5,33333334;
Marchal;2010;Demandantes;Ambos sexos;De 45 a 64 años;16,83333332;
Marchal;2010;Demandantes;Ambos sexos;TOTAL;32,66666666;
Marchal;2011;Demandantes;Hombres;De 16 a 29 años;4,41666666;
Marchal;2011;Demandantes;Hombres;De 30 a 44 años;2,83333334;
Marchal;2011;Demandantes;Hombres;De 45 a 64 años;7,33333334;
Marchal;2011;Demandantes;Hombres;TOTAL;14,58333334;
Marchal;2011;Demandantes;Mujeres;De 16 a 29 años;7,58333334;
Marchal;2011;Demandantes;Mujeres;De 30 a 44 años;1,5;
Marchal;2011;Demandantes;Mujeres;De 45 a 64 años;6,16666666;
Marchal;2011;Demandantes;Mujeres;TOTAL;15,25;
Marchal;2011;Demandantes;Ambos sexos;De 16 a 29 años;12;
Marchal;2011;Demandantes;Ambos sexos;De 30 a 44 años;4,33333334;
Marchal;2011;Demandantes;Ambos sexos;De 45 a 64 años;13,5;
Marchal;2011;Demandantes;Ambos sexos;TOTAL;29,83333334;
Marchal;2012;Demandantes;Hombres;De 16 a 29 años;6,49999999;
Marchal;2012;Demandantes;Hombres;De 30 a 44 años;5,33333333;
Marchal;2012;Demandantes;Hombres;De 45 a 64 años;11,83333332;
Marchal;2012;Demandantes;Hombres;TOTAL;23,66666664;
Marchal;2012;Demandantes;Mujeres;De 16 a 29 años;9,41666667;
Marchal;2012;Demandantes;Mujeres;De 30 a 44 años;3,41666668;
Marchal;2012;Demandantes;Mujeres;De 45 a 64 años;7,99999999;
Marchal;2012;Demandantes;Mujeres;TOTAL;20,83333334;
Marchal;2012;Demandantes;Ambos sexos;De 16 a 29 años;15,91666666;
Marchal;2012;Demandantes;Ambos sexos;De 30 a 44 años;8,75000001;
Marchal;2012;Demandantes;Ambos sexos;De 45 a 64 años;19,83333331;
Marchal;2012;Demandantes;Ambos sexos;TOTAL;44,49999998;
Moclín;2010;Demandantes;Hombres;De 16 a 29 años;48,16666665;
Moclín;2010;Demandantes;Hombres;De 30 a 44 años;57,41666666;
Moclín;2010;Demandantes;Hombres;De 45 a 64 años;70,49999999;
Moclín;2010;Demandantes;Hombres;TOTAL;176,0833333;
Moclín;2010;Demandantes;Mujeres;De 16 a 29 años;30,08333332;
Moclín;2010;Demandantes;Mujeres;De 30 a 44 años;27;
Moclín;2010;Demandantes;Mujeres;De 45 a 64 años;15,75;
Moclín;2010;Demandantes;Mujeres;TOTAL;72,83333332;
Moclín;2010;Demandantes;Ambos sexos;De 16 a 29 años;78,24999997;
Moclín;2010;Demandantes;Ambos sexos;De 30 a 44 años;84,41666666;
Moclín;2010;Demandantes;Ambos sexos;De 45 a 64 años;86,24999999;
Moclín;2010;Demandantes;Ambos sexos;TOTAL;248,91666662;
Moclín;2011;Demandantes;Hombres;De 16 a 29 años;58,16666667;
Moclín;2011;Demandantes;Hombres;De 30 a 44 años;60,00000001;
Moclín;2011;Demandantes;Hombres;De 45 a 64 años;83,75;
Moclín;2011;Demandantes;Hombres;TOTAL;201,91666668;
Moclín;2011;Demandantes;Mujeres;De 16 a 29 años;40,5;
Moclín;2011;Demandantes;Mujeres;De 30 a 44 años;26,83333334;
Moclín;2011;Demandantes;Mujeres;De 45 a 64 años;15,33333335;
Moclín;2011;Demandantes;Mujeres;TOTAL;82,66666669;
Moclín;2011;Demandantes;Ambos sexos;De 16 a 29 años;98,66666667;
Moclín;2011;Demandantes;Ambos sexos;De 30 a 44 años;86,83333335;
Moclín;2011;Demandantes;Ambos sexos;De 45 a 64 años;99,08333335;
Moclín;2011;Demandantes;Ambos sexos;TOTAL;284,58333337;
Moclín;2012;Demandantes;Hombres;De 16 a 29 años;41,08333334;
Moclín;2012;Demandantes;Hombres;De 30 a 44 años;66,50000001;
Moclín;2012;Demandantes;Hombres;De 45 a 64 años;101,91666665;
Moclín;2012;Demandantes;Hombres;TOTAL;209,5;
Moclín;2012;Demandantes;Mujeres;De 16 a 29 años;51,00000001;
Moclín;2012;Demandantes;Mujeres;De 30 a 44 años;34,75000001;
Moclín;2012;Demandantes;Mujeres;De 45 a 64 años;18,66666667;
Moclín;2012;Demandantes;Mujeres;TOTAL;104,41666669;
Moclín;2012;Demandantes;Ambos sexos;De 16 a 29 años;92,08333335;
Moclín;2012;Demandantes;Ambos sexos;De 30 a 44 años;101,25000002;
Moclín;2012;Demandantes;Ambos sexos;De 45 a 64 años;120,58333332;
Moclín;2012;Demandantes;Ambos sexos;TOTAL;313,91666669;
Molvízar;2010;Demandantes;Hombres;De 16 a 29 años;48,16666665;
Molvízar;2010;Demandantes;Hombres;De 30 a 44 años;72,33333335;
Molvízar;2010;Demandantes;Hombres;De 45 a 64 años;34,58333333;
Molvízar;2010;Demandantes;Hombres;TOTAL;155,08333333;
Molvízar;2010;Demandantes;Mujeres;De 16 a 29 años;31,41666667;
Molvízar;2010;Demandantes;Mujeres;De 30 a 44 años;41,41666667;
Molvízar;2010;Demandantes;Mujeres;De 45 a 64 años;9,66666667;
Molvízar;2010;Demandantes;Mujeres;TOTAL;82,50000001;
Molvízar;2010;Demandantes;Ambos sexos;De 16 a 29 años;79,58333332;
Molvízar;2010;Demandantes;Ambos sexos;De 30 a 44 años;113,75000002;
Molvízar;2010;Demandantes;Ambos sexos;De 45 a 64 años;44,25;
Molvízar;2010;Demandantes;Ambos sexos;TOTAL;237,58333334;
Molvízar;2011;Demandantes;Hombres;De 16 a 29 años;49,91666666;
Molvízar;2011;Demandantes;Hombres;De 30 a 44 años;68,16666666;
Molvízar;2011;Demandantes;Hombres;De 45 a 64 años;43,74999998;
Molvízar;2011;Demandantes;Hombres;TOTAL;161,8333333;
Molvízar;2011;Demandantes;Mujeres;De 16 a 29 años;31,25000002;
Molvízar;2011;Demandantes;Mujeres;De 30 a 44 años;35,91666665;
Molvízar;2011;Demandantes;Mujeres;De 45 a 64 años;11,16666667;
Molvízar;2011;Demandantes;Mujeres;TOTAL;78,33333334;
Molvízar;2011;Demandantes;Ambos sexos;De 16 a 29 años;81,16666668;
Molvízar;2011;Demandantes;Ambos sexos;De 30 a 44 años;104,08333331;
Molvízar;2011;Demandantes;Ambos sexos;De 45 a 64 años;54,91666665;
Molvízar;2011;Demandantes;Ambos sexos;TOTAL;240,16666664;
Molvízar;2012;Demandantes;Hombres;De 16 a 29 años;43,24999998;
Molvízar;2012;Demandantes;Hombres;De 30 a 44 años;67,58333333;
Molvízar;2012;Demandantes;Hombres;De 45 a 64 años;54,16666665;
Molvízar;2012;Demandantes;Hombres;TOTAL;164,99999996;
Molvízar;2012;Demandantes;Mujeres;De 16 a 29 años;39,58333332;
Molvízar;2012;Demandantes;Mujeres;De 30 a 44 años;43,58333333;
Molvízar;2012;Demandantes;Mujeres;De 45 a 64 años;16,75;
Molvízar;2012;Demandantes;Mujeres;TOTAL;99,91666665;
Molvízar;2012;Demandantes;Ambos sexos;De 16 a 29 años;82,8333333;
Molvízar;2012;Demandantes;Ambos sexos;De 30 a 44 años;111,16666666;
Molvízar;2012;Demandantes;Ambos sexos;De 45 a 64 años;70,91666665;
Molvízar;2012;Demandantes;Ambos sexos;TOTAL;264,91666661;
Monachil;2010;Demandantes;Hombres;De 16 a 29 años;88,16666666;
Monachil;2010;Demandantes;Hombres;De 30 a 44 años;156,83333333;
Monachil;2010;Demandantes;Hombres;De 45 a 64 años;97,91666667;
Monachil;2010;Demandantes;Hombres;TOTAL;342,91666666;
Monachil;2010;Demandantes;Mujeres;De 16 a 29 años;100,24999998;
Monachil;2010;Demandantes;Mujeres;De 30 a 44 años;207,58333333;
Monachil;2010;Demandantes;Mujeres;De 45 a 64 años;105,16666665;
Monachil;2010;Demandantes;Mujeres;TOTAL;412,99999996;
Monachil;2010;Demandantes;Ambos sexos;De 16 a 29 años;188,41666664;
Monachil;2010;Demandantes;Ambos sexos;De 30 a 44 años;364,41666666;
Monachil;2010;Demandantes;Ambos sexos;De 45 a 64 años;203,08333332;
Monachil;2010;Demandantes;Ambos sexos;TOTAL;755,91666662;
Monachil;2011;Demandantes;Hombres;De 16 a 29 años;90,33333334;
Monachil;2011;Demandantes;Hombres;De 30 a 44 años;171,5833333;
Monachil;2011;Demandantes;Hombres;De 45 a 64 años;109,91666667;
Monachil;2011;Demandantes;Hombres;TOTAL;371,83333331;
Monachil;2011;Demandantes;Mujeres;De 16 a 29 años;95,83333334;
Monachil;2011;Demandantes;Mujeres;De 30 a 44 años;189,16666666;
Monachil;2011;Demandantes;Mujeres;De 45 a 64 años;117,91666666;
Monachil;2011;Demandantes;Mujeres;TOTAL;402,91666666;
Monachil;2011;Demandantes;Ambos sexos;De 16 a 29 años;186,16666668;
Monachil;2011;Demandantes;Ambos sexos;De 30 a 44 años;360,74999996;
Monachil;2011;Demandantes;Ambos sexos;De 45 a 64 años;227,83333333;
Monachil;2011;Demandantes;Ambos sexos;TOTAL;774,74999997;
Monachil;2012;Demandantes;Hombres;De 16 a 29 años;100;
Monachil;2012;Demandantes;Hombres;De 30 a 44 años;216,16666668;
Monachil;2012;Demandantes;Hombres;De 45 a 64 años;140,25000001;
Monachil;2012;Demandantes;Hombres;TOTAL;456,41666669;
Monachil;2012;Demandantes;Mujeres;De 16 a 29 años;96,41666666;
Monachil;2012;Demandantes;Mujeres;De 30 a 44 años;215,75;
Monachil;2012;Demandantes;Mujeres;De 45 a 64 años;138,00000001;
Monachil;2012;Demandantes;Mujeres;TOTAL;450,16666667;
Monachil;2012;Demandantes;Ambos sexos;De 16 a 29 años;196,41666666;
Monachil;2012;Demandantes;Ambos sexos;De 30 a 44 años;431,91666668;
Monachil;2012;Demandantes;Ambos sexos;De 45 a 64 años;278,25000002;
Monachil;2012;Demandantes;Ambos sexos;TOTAL;906,58333336;
Montefrío;2010;Demandantes;Hombres;De 16 a 29 años;44,91666665;
Montefrío;2010;Demandantes;Hombres;De 30 a 44 años;79,66666666;
Montefrío;2010;Demandantes;Hombres;De 45 a 64 años;63,83333334;
Montefrío;2010;Demandantes;Hombres;TOTAL;188,41666665;
Montefrío;2010;Demandantes;Mujeres;De 16 a 29 años;48,83333332;
Montefrío;2010;Demandantes;Mujeres;De 30 a 44 años;47,33333331;
Montefrío;2010;Demandantes;Mujeres;De 45 a 64 años;19,25;
Montefrío;2010;Demandantes;Mujeres;TOTAL;115,41666663;
Montefrío;2010;Demandantes;Ambos sexos;De 16 a 29 años;93,74999997;
Montefrío;2010;Demandantes;Ambos sexos;De 30 a 44 años;126,99999997;
Montefrío;2010;Demandantes;Ambos sexos;De 45 a 64 años;83,08333334;
Montefrío;2010;Demandantes;Ambos sexos;TOTAL;303,83333328;
Montefrío;2011;Demandantes;Hombres;De 16 a 29 años;41,50000001;
Montefrío;2011;Demandantes;Hombres;De 30 a 44 años;67,50000002;
Montefrío;2011;Demandantes;Hombres;De 45 a 64 años;58,66666666;
Montefrío;2011;Demandantes;Hombres;TOTAL;167,66666669;
Montefrío;2011;Demandantes;Mujeres;De 16 a 29 años;59,66666667;
Montefrío;2011;Demandantes;Mujeres;De 30 a 44 años;48,16666666;
Montefrío;2011;Demandantes;Mujeres;De 45 a 64 años;26,49999998;
Montefrío;2011;Demandantes;Mujeres;TOTAL;134,33333331;
Montefrío;2011;Demandantes;Ambos sexos;De 16 a 29 años;101,16666668;
Montefrío;2011;Demandantes;Ambos sexos;De 30 a 44 años;115,66666668;
Montefrío;2011;Demandantes;Ambos sexos;De 45 a 64 años;85,16666664;
Montefrío;2011;Demandantes;Ambos sexos;TOTAL;302;
Montefrío;2012;Demandantes;Hombres;De 16 a 29 años;45,75000002;
Montefrío;2012;Demandantes;Hombres;De 30 a 44 años;75,5;
Montefrío;2012;Demandantes;Hombres;De 45 a 64 años;62,08333334;
Montefrío;2012;Demandantes;Hombres;TOTAL;183,33333336;
Montefrío;2012;Demandantes;Mujeres;De 16 a 29 años;58,41666668;
Montefrío;2012;Demandantes;Mujeres;De 30 a 44 años;51,91666666;
Montefrío;2012;Demandantes;Mujeres;De 45 a 64 años;27,33333334;
Montefrío;2012;Demandantes;Mujeres;TOTAL;137,66666668;
Montefrío;2012;Demandantes;Ambos sexos;De 16 a 29 años;104,1666667;
Montefrío;2012;Demandantes;Ambos sexos;De 30 a 44 años;127,41666666;
Montefrío;2012;Demandantes;Ambos sexos;De 45 a 64 años;89,41666668;
Montefrío;2012;Demandantes;Ambos sexos;TOTAL;321,00000004;
Montejícar;2010;Demandantes;Hombres;De 16 a 29 años;17,00000001;
Montejícar;2010;Demandantes;Hombres;De 30 a 44 años;28,83333334;
Montejícar;2010;Demandantes;Hombres;De 45 a 64 años;26,33333334;
Montejícar;2010;Demandantes;Hombres;TOTAL;72,16666669;
Montejícar;2010;Demandantes;Mujeres;De 16 a 29 años;21,83333334;
Montejícar;2010;Demandantes;Mujeres;De 30 a 44 años;17,58333333;
Montejícar;2010;Demandantes;Mujeres;De 45 a 64 años;5,16666667;
Montejícar;2010;Demandantes;Mujeres;TOTAL;44,58333334;
Montejícar;2010;Demandantes;Ambos sexos;De 16 a 29 años;38,83333335;
Montejícar;2010;Demandantes;Ambos sexos;De 30 a 44 años;46,41666667;
Montejícar;2010;Demandantes;Ambos sexos;De 45 a 64 años;31,50000001;
Montejícar;2010;Demandantes;Ambos sexos;TOTAL;116,75000003;
Montejícar;2011;Demandantes;Hombres;De 16 a 29 años;20,33333332;
Montejícar;2011;Demandantes;Hombres;De 30 a 44 años;26,33333334;
Montejícar;2011;Demandantes;Hombres;De 45 a 64 años;29;
Montejícar;2011;Demandantes;Hombres;TOTAL;75,66666666;
Montejícar;2011;Demandantes;Mujeres;De 16 a 29 años;23,41666667;
Montejícar;2011;Demandantes;Mujeres;De 30 a 44 años;22,25;
Montejícar;2011;Demandantes;Mujeres;De 45 a 64 años;7,16666667;
Montejícar;2011;Demandantes;Mujeres;TOTAL;52,83333334;
Montejícar;2011;Demandantes;Ambos sexos;De 16 a 29 años;43,74999999;
Montejícar;2011;Demandantes;Ambos sexos;De 30 a 44 años;48,58333334;
Montejícar;2011;Demandantes;Ambos sexos;De 45 a 64 años;36,16666667;
Montejícar;2011;Demandantes;Ambos sexos;TOTAL;128,5;
Montejícar;2012;Demandantes;Hombres;De 16 a 29 años;23,50000002;
Montejícar;2012;Demandantes;Hombres;De 30 a 44 años;29,83333332;
Montejícar;2012;Demandantes;Hombres;De 45 a 64 años;38,41666665;
Montejícar;2012;Demandantes;Hombres;TOTAL;91,74999999;
Montejícar;2012;Demandantes;Mujeres;De 16 a 29 años;23,24999999;
Montejícar;2012;Demandantes;Mujeres;De 30 a 44 años;21;
Montejícar;2012;Demandantes;Mujeres;De 45 a 64 años;7,58333334;
Montejícar;2012;Demandantes;Mujeres;TOTAL;51,83333333;
Montejícar;2012;Demandantes;Ambos sexos;De 16 a 29 años;46,75000001;
Montejícar;2012;Demandantes;Ambos sexos;De 30 a 44 años;50,83333332;
Montejícar;2012;Demandantes;Ambos sexos;De 45 a 64 años;45,99999999;
Montejícar;2012;Demandantes;Ambos sexos;TOTAL;143,58333332;
Montillana;2010;Demandantes;Hombres;De 16 a 29 años;9,41666669;
Montillana;2010;Demandantes;Hombres;De 30 a 44 años;15,75;
Montillana;2010;Demandantes;Hombres;De 45 a 64 años;14;
Montillana;2010;Demandantes;Hombres;TOTAL;39,16666669;
Montillana;2010;Demandantes;Mujeres;De 16 a 29 años;3,83333333;
Montillana;2010;Demandantes;Mujeres;De 30 a 44 años;6,25;
Montillana;2010;Demandantes;Mujeres;De 45 a 64 años;3,75;
Montillana;2010;Demandantes;Mujeres;TOTAL;13,83333333;
Montillana;2010;Demandantes;Ambos sexos;De 16 a 29 años;13,25000002;
Montillana;2010;Demandantes;Ambos sexos;De 30 a 44 años;22;
Montillana;2010;Demandantes;Ambos sexos;De 45 a 64 años;17,75;
Montillana;2010;Demandantes;Ambos sexos;TOTAL;53,00000002;
Montillana;2011;Demandantes;Hombres;De 16 a 29 años;8,25;
Montillana;2011;Demandantes;Hombres;De 30 a 44 años;14,16666667;
Montillana;2011;Demandantes;Hombres;De 45 a 64 años;17,24999999;
Montillana;2011;Demandantes;Hombres;TOTAL;39,66666666;
Montillana;2011;Demandantes;Mujeres;De 16 a 29 años;7,25000001;
Montillana;2011;Demandantes;Mujeres;De 30 a 44 años;7,83333333;
Montillana;2011;Demandantes;Mujeres;De 45 a 64 años;5,33333333;
Montillana;2011;Demandantes;Mujeres;TOTAL;20,41666667;
Montillana;2011;Demandantes;Ambos sexos;De 16 a 29 años;15,50000001;
Montillana;2011;Demandantes;Ambos sexos;De 30 a 44 años;22;
Montillana;2011;Demandantes;Ambos sexos;De 45 a 64 años;22,58333332;
Montillana;2011;Demandantes;Ambos sexos;TOTAL;60,08333333;
Montillana;2012;Demandantes;Hombres;De 16 a 29 años;5,5;
Montillana;2012;Demandantes;Hombres;De 30 a 44 años;17,58333332;
Montillana;2012;Demandantes;Hombres;De 45 a 64 años;18,41666666;
Montillana;2012;Demandantes;Hombres;TOTAL;41,49999998;
Montillana;2012;Demandantes;Mujeres;De 16 a 29 años;8,41666666;
Montillana;2012;Demandantes;Mujeres;De 30 a 44 años;8,08333333;
Montillana;2012;Demandantes;Mujeres;De 45 a 64 años;7,58333333;
Montillana;2012;Demandantes;Mujeres;TOTAL;24,08333332;
Montillana;2012;Demandantes;Ambos sexos;De 16 a 29 años;13,91666666;
Montillana;2012;Demandantes;Ambos sexos;De 30 a 44 años;25,66666665;
Montillana;2012;Demandantes;Ambos sexos;De 45 a 64 años;25,99999999;
Montillana;2012;Demandantes;Ambos sexos;TOTAL;65,5833333;
Moraleda de Zafayona;2010;Demandantes;Hombres;De 16 a 29 años;39,33333333;
Moraleda de Zafayona;2010;Demandantes;Hombres;De 30 a 44 años;60,08333332;
Moraleda de Zafayona;2010;Demandantes;Hombres;De 45 a 64 años;45,16666666;
Moraleda de Zafayona;2010;Demandantes;Hombres;TOTAL;144,58333331;
Moraleda de Zafayona;2010;Demandantes;Mujeres;De 16 a 29 años;25,41666666;
Moraleda de Zafayona;2010;Demandantes;Mujeres;De 30 a 44 años;37,16666665;
Moraleda de Zafayona;2010;Demandantes;Mujeres;De 45 a 64 años;17,66666666;
Moraleda de Zafayona;2010;Demandantes;Mujeres;TOTAL;80,24999997;
Moraleda de Zafayona;2010;Demandantes;Ambos sexos;De 16 a 29 años;64,74999999;
Moraleda de Zafayona;2010;Demandantes;Ambos sexos;De 30 a 44 años;97,24999997;
Moraleda de Zafayona;2010;Demandantes;Ambos sexos;De 45 a 64 años;62,83333332;
Moraleda de Zafayona;2010;Demandantes;Ambos sexos;TOTAL;224,83333328;
Moraleda de Zafayona;2011;Demandantes;Hombres;De 16 a 29 años;33,33333332;
Moraleda de Zafayona;2011;Demandantes;Hombres;De 30 a 44 años;55,33333334;
Moraleda de Zafayona;2011;Demandantes;Hombres;De 45 a 64 años;48,50000002;
Moraleda de Zafayona;2011;Demandantes;Hombres;TOTAL;137,16666668;
Moraleda de Zafayona;2011;Demandantes;Mujeres;De 16 a 29 años;28;
Moraleda de Zafayona;2011;Demandantes;Mujeres;De 30 a 44 años;32,83333333;
Moraleda de Zafayona;2011;Demandantes;Mujeres;De 45 a 64 años;20,83333333;
Moraleda de Zafayona;2011;Demandantes;Mujeres;TOTAL;81,66666666;
Moraleda de Zafayona;2011;Demandantes;Ambos sexos;De 16 a 29 años;61,33333332;
Moraleda de Zafayona;2011;Demandantes;Ambos sexos;De 30 a 44 años;88,16666667;
Moraleda de Zafayona;2011;Demandantes;Ambos sexos;De 45 a 64 años;69,33333335;
Moraleda de Zafayona;2011;Demandantes;Ambos sexos;TOTAL;218,83333334;
Moraleda de Zafayona;2012;Demandantes;Hombres;De 16 a 29 años;37,41666668;
Moraleda de Zafayona;2012;Demandantes;Hombres;De 30 a 44 años;61,66666665;
Moraleda de Zafayona;2012;Demandantes;Hombres;De 45 a 64 años;61,16666667;
Moraleda de Zafayona;2012;Demandantes;Hombres;TOTAL;160,25;
Moraleda de Zafayona;2012;Demandantes;Mujeres;De 16 a 29 años;38;
Moraleda de Zafayona;2012;Demandantes;Mujeres;De 30 a 44 años;47,33333332;
Moraleda de Zafayona;2012;Demandantes;Mujeres;De 45 a 64 años;26,08333334;
Moraleda de Zafayona;2012;Demandantes;Mujeres;TOTAL;111,41666666;
Moraleda de Zafayona;2012;Demandantes;Ambos sexos;De 16 a 29 años;75,41666668;
Moraleda de Zafayona;2012;Demandantes;Ambos sexos;De 30 a 44 años;108,99999997;
Moraleda de Zafayona;2012;Demandantes;Ambos sexos;De 45 a 64 años;87,25000001;
Moraleda de Zafayona;2012;Demandantes;Ambos sexos;TOTAL;271,66666666;
Morelábor;2010;Demandantes;Hombres;De 16 a 29 años;7,66666668;
Morelábor;2010;Demandantes;Hombres;De 30 a 44 años;7,08333334;
Morelábor;2010;Demandantes;Hombres;De 45 a 64 años;12,83333335;
Morelábor;2010;Demandantes;Hombres;TOTAL;27,58333337;
Morelábor;2010;Demandantes;Mujeres;De 16 a 29 años;8,83333333;
Morelábor;2010;Demandantes;Mujeres;De 30 a 44 años;9,16666666;
Morelábor;2010;Demandantes;Mujeres;De 45 a 64 años;1,41666666;
Morelábor;2010;Demandantes;Mujeres;TOTAL;19,41666665;
Morelábor;2010;Demandantes;Ambos sexos;De 16 a 29 años;16,50000001;
Morelábor;2010;Demandantes;Ambos sexos;De 30 a 44 años;16,25;
Morelábor;2010;Demandantes;Ambos sexos;De 45 a 64 años;14,25000001;
Morelábor;2010;Demandantes;Ambos sexos;TOTAL;47,00000002;
Morelábor;2011;Demandantes;Hombres;De 16 a 29 años;8,41666666;
Morelábor;2011;Demandantes;Hombres;De 30 a 44 años;5,16666667;
Morelábor;2011;Demandantes;Hombres;De 45 a 64 años;15,25000001;
Morelábor;2011;Demandantes;Hombres;TOTAL;28,83333334;
Morelábor;2011;Demandantes;Mujeres;De 16 a 29 años;6,08333333;
Morelábor;2011;Demandantes;Mujeres;De 30 a 44 años;5,66666667;
Morelábor;2011;Demandantes;Mujeres;De 45 a 64 años;1,99999999;
Morelábor;2011;Demandantes;Mujeres;TOTAL;13,74999999;
Morelábor;2011;Demandantes;Ambos sexos;De 16 a 29 años;14,49999999;
Morelábor;2011;Demandantes;Ambos sexos;De 30 a 44 años;10,83333334;
Morelábor;2011;Demandantes;Ambos sexos;De 45 a 64 años;17,25;
Morelábor;2011;Demandantes;Ambos sexos;TOTAL;42,58333333;
Morelábor;2012;Demandantes;Hombres;De 16 a 29 años;8,25;
Morelábor;2012;Demandantes;Hombres;De 30 a 44 años;4,16666666;
Morelábor;2012;Demandantes;Hombres;De 45 a 64 años;18,41666667;
Morelábor;2012;Demandantes;Hombres;TOTAL;30,83333333;
Morelábor;2012;Demandantes;Mujeres;De 16 a 29 años;5,99999998;
Morelábor;2012;Demandantes;Mujeres;De 30 a 44 años;3,16666665;
Morelábor;2012;Demandantes;Mujeres;De 45 a 64 años;5,08333334;
Morelábor;2012;Demandantes;Mujeres;TOTAL;14,24999997;
Morelábor;2012;Demandantes;Ambos sexos;De 16 a 29 años;14,24999998;
Morelábor;2012;Demandantes;Ambos sexos;De 30 a 44 años;7,33333331;
Morelábor;2012;Demandantes;Ambos sexos;De 45 a 64 años;23,50000001;
Morelábor;2012;Demandantes;Ambos sexos;TOTAL;45,0833333;
Motril;2010;Demandantes;Hombres;De 16 a 29 años;989,66666666;
Motril;2010;Demandantes;Hombres;De 30 a 44 años;1695,33333335;
Motril;2010;Demandantes;Hombres;De 45 a 64 años;1170,00000001;
Motril;2010;Demandantes;Hombres;TOTAL;3855,00000002;
Motril;2010;Demandantes;Mujeres;De 16 a 29 años;771,75;
Motril;2010;Demandantes;Mujeres;De 30 a 44 años;1319,24999998;
Motril;2010;Demandantes;Mujeres;De 45 a 64 años;807,16666666;
Motril;2010;Demandantes;Mujeres;TOTAL;2898,16666664;
Motril;2010;Demandantes;Ambos sexos;De 16 a 29 años;1761,41666666;
Motril;2010;Demandantes;Ambos sexos;De 30 a 44 años;3014,58333333;
Motril;2010;Demandantes;Ambos sexos;De 45 a 64 años;1977,16666667;
Motril;2010;Demandantes;Ambos sexos;TOTAL;6753,16666666;
Motril;2011;Demandantes;Hombres;De 16 a 29 años;967,25;
Motril;2011;Demandantes;Hombres;De 30 a 44 años;1690,16666666;
Motril;2011;Demandantes;Hombres;De 45 a 64 años;1317,58333331;
Motril;2011;Demandantes;Hombres;TOTAL;3974,99999997;
Motril;2011;Demandantes;Mujeres;De 16 a 29 años;812,08333333;
Motril;2011;Demandantes;Mujeres;De 30 a 44 años;1456,08333333;
Motril;2011;Demandantes;Mujeres;De 45 a 64 años;962,75;
Motril;2011;Demandantes;Mujeres;TOTAL;3230,91666666;
Motril;2011;Demandantes;Ambos sexos;De 16 a 29 años;1779,33333333;
Motril;2011;Demandantes;Ambos sexos;De 30 a 44 años;3146,24999999;
Motril;2011;Demandantes;Ambos sexos;De 45 a 64 años;2280,33333331;
Motril;2011;Demandantes;Ambos sexos;TOTAL;7205,91666663;
Motril;2012;Demandantes;Hombres;De 16 a 29 años;954,41666667;
Motril;2012;Demandantes;Hombres;De 30 a 44 años;1695,83333333;
Motril;2012;Demandantes;Hombres;De 45 a 64 años;1478,58333333;
Motril;2012;Demandantes;Hombres;TOTAL;4128,83333333;
Motril;2012;Demandantes;Mujeres;De 16 a 29 años;901,83333334;
Motril;2012;Demandantes;Mujeres;De 30 a 44 años;1556,49999999;
Motril;2012;Demandantes;Mujeres;De 45 a 64 años;1111,83333333;
Motril;2012;Demandantes;Mujeres;TOTAL;3570,16666666;
Motril;2012;Demandantes;Ambos sexos;De 16 a 29 años;1856,25000001;
Motril;2012;Demandantes;Ambos sexos;De 30 a 44 años;3252,33333332;
Motril;2012;Demandantes;Ambos sexos;De 45 a 64 años;2590,41666666;
Motril;2012;Demandantes;Ambos sexos;TOTAL;7698,99999999;
Murtas;2010;Demandantes;Hombres;De 16 a 29 años;6,91666666;
Murtas;2010;Demandantes;Hombres;De 30 a 44 años;8,33333333;
Murtas;2010;Demandantes;Hombres;De 45 a 64 años;8,08333334;
Murtas;2010;Demandantes;Hombres;TOTAL;23,33333333;
Murtas;2010;Demandantes;Mujeres;De 16 a 29 años;2,66666667;
Murtas;2010;Demandantes;Mujeres;De 30 a 44 años;4,58333333;
Murtas;2010;Demandantes;Mujeres;De 45 a 64 años;1,66666667;
Murtas;2010;Demandantes;Mujeres;TOTAL;8,91666667;
Murtas;2010;Demandantes;Ambos sexos;De 16 a 29 años;9,58333333;
Murtas;2010;Demandantes;Ambos sexos;De 30 a 44 años;12,91666666;
Murtas;2010;Demandantes;Ambos sexos;De 45 a 64 años;9,75000001;
Murtas;2010;Demandantes;Ambos sexos;TOTAL;32,25;
Murtas;2011;Demandantes;Hombres;De 16 a 29 años;5,41666667;
Murtas;2011;Demandantes;Hombres;De 30 a 44 años;11,33333333;
Murtas;2011;Demandantes;Hombres;De 45 a 64 años;9;
Murtas;2011;Demandantes;Hombres;TOTAL;25,75;
Murtas;2011;Demandantes;Mujeres;De 16 a 29 años;2,5;
Murtas;2011;Demandantes;Mujeres;De 30 a 44 años;2,16666667;
Murtas;2011;Demandantes;Mujeres;De 45 a 64 años;4,33333334;
Murtas;2011;Demandantes;Mujeres;TOTAL;9,00000001;
Murtas;2011;Demandantes;Ambos sexos;De 16 a 29 años;7,91666667;
Murtas;2011;Demandantes;Ambos sexos;De 30 a 44 años;13,5;
Murtas;2011;Demandantes;Ambos sexos;De 45 a 64 años;13,33333334;
Murtas;2011;Demandantes;Ambos sexos;TOTAL;34,75000001;
Murtas;2012;Demandantes;Hombres;De 16 a 29 años;4,66666666;
Murtas;2012;Demandantes;Hombres;De 30 a 44 años;10;
Murtas;2012;Demandantes;Hombres;De 45 a 64 años;8,74999999;
Murtas;2012;Demandantes;Hombres;TOTAL;23,41666665;
Murtas;2012;Demandantes;Mujeres;De 16 a 29 años;2,58333334;
Murtas;2012;Demandantes;Mujeres;De 30 a 44 años;4,58333333;
Murtas;2012;Demandantes;Mujeres;De 45 a 64 años;5,16666666;
Murtas;2012;Demandantes;Mujeres;TOTAL;12,33333333;
Murtas;2012;Demandantes;Ambos sexos;De 16 a 29 años;7,25;
Murtas;2012;Demandantes;Ambos sexos;De 30 a 44 años;14,58333333;
Murtas;2012;Demandantes;Ambos sexos;De 45 a 64 años;13,91666665;
Murtas;2012;Demandantes;Ambos sexos;TOTAL;35,74999998;
Nevada;2010;Demandantes;Hombres;De 16 a 29 años;15,66666666;
Nevada;2010;Demandantes;Hombres;De 30 a 44 años;14,91666667;
Nevada;2010;Demandantes;Hombres;De 45 a 64 años;16,16666666;
Nevada;2010;Demandantes;Hombres;TOTAL;46,74999999;
Nevada;2010;Demandantes;Mujeres;De 16 a 29 años;8,5;
Nevada;2010;Demandantes;Mujeres;De 30 a 44 años;8,41666667;
Nevada;2010;Demandantes;Mujeres;De 45 a 64 años;7,00000001;
Nevada;2010;Demandantes;Mujeres;TOTAL;23,91666668;
Nevada;2010;Demandantes;Ambos sexos;De 16 a 29 años;24,16666666;
Nevada;2010;Demandantes;Ambos sexos;De 30 a 44 años;23,33333334;
Nevada;2010;Demandantes;Ambos sexos;De 45 a 64 años;23,16666667;
Nevada;2010;Demandantes;Ambos sexos;TOTAL;70,66666667;
Nevada;2011;Demandantes;Hombres;De 16 a 29 años;20,75;
Nevada;2011;Demandantes;Hombres;De 30 a 44 años;18,41666667;
Nevada;2011;Demandantes;Hombres;De 45 a 64 años;18,91666667;
Nevada;2011;Demandantes;Hombres;TOTAL;58,08333334;
Nevada;2011;Demandantes;Mujeres;De 16 a 29 años;6,91666667;
Nevada;2011;Demandantes;Mujeres;De 30 a 44 años;9,49999999;
Nevada;2011;Demandantes;Mujeres;De 45 a 64 años;6,41666666;
Nevada;2011;Demandantes;Mujeres;TOTAL;22,83333332;
Nevada;2011;Demandantes;Ambos sexos;De 16 a 29 años;27,66666667;
Nevada;2011;Demandantes;Ambos sexos;De 30 a 44 años;27,91666666;
Nevada;2011;Demandantes;Ambos sexos;De 45 a 64 años;25,33333333;
Nevada;2011;Demandantes;Ambos sexos;TOTAL;80,91666666;
Nevada;2012;Demandantes;Hombres;De 16 a 29 años;21;
Nevada;2012;Demandantes;Hombres;De 30 a 44 años;20,83333335;
Nevada;2012;Demandantes;Hombres;De 45 a 64 años;29,00000001;
Nevada;2012;Demandantes;Hombres;TOTAL;70,83333336;
Nevada;2012;Demandantes;Mujeres;De 16 a 29 años;8,66666666;
Nevada;2012;Demandantes;Mujeres;De 30 a 44 años;9,16666668;
Nevada;2012;Demandantes;Mujeres;De 45 a 64 años;8,75000001;
Nevada;2012;Demandantes;Mujeres;TOTAL;26,58333335;
Nevada;2012;Demandantes;Ambos sexos;De 16 a 29 años;29,66666666;
Nevada;2012;Demandantes;Ambos sexos;De 30 a 44 años;30,00000003;
Nevada;2012;Demandantes;Ambos sexos;De 45 a 64 años;37,75000002;
Nevada;2012;Demandantes;Ambos sexos;TOTAL;97,41666671;
Nigüelas;2010;Demandantes;Hombres;De 16 a 29 años;14,24999998;
Nigüelas;2010;Demandantes;Hombres;De 30 a 44 años;17,33333334;
Nigüelas;2010;Demandantes;Hombres;De 45 a 64 años;24,41666666;
Nigüelas;2010;Demandantes;Hombres;TOTAL;55,99999998;
Nigüelas;2010;Demandantes;Mujeres;De 16 a 29 años;10,08333333;
Nigüelas;2010;Demandantes;Mujeres;De 30 a 44 años;17,66666667;
Nigüelas;2010;Demandantes;Mujeres;De 45 a 64 años;14,49999999;
Nigüelas;2010;Demandantes;Mujeres;TOTAL;42,24999999;
Nigüelas;2010;Demandantes;Ambos sexos;De 16 a 29 años;24,33333331;
Nigüelas;2010;Demandantes;Ambos sexos;De 30 a 44 años;35,00000001;
Nigüelas;2010;Demandantes;Ambos sexos;De 45 a 64 años;38,91666665;
Nigüelas;2010;Demandantes;Ambos sexos;TOTAL;98,24999997;
Nigüelas;2011;Demandantes;Hombres;De 16 a 29 años;11,83333333;
Nigüelas;2011;Demandantes;Hombres;De 30 a 44 años;19,33333333;
Nigüelas;2011;Demandantes;Hombres;De 45 a 64 años;23,24999999;
Nigüelas;2011;Demandantes;Hombres;TOTAL;54,41666665;
Nigüelas;2011;Demandantes;Mujeres;De 16 a 29 años;10,33333331;
Nigüelas;2011;Demandantes;Mujeres;De 30 a 44 años;18,66666668;
Nigüelas;2011;Demandantes;Mujeres;De 45 a 64 años;12,41666668;
Nigüelas;2011;Demandantes;Mujeres;TOTAL;41,41666667;
Nigüelas;2011;Demandantes;Ambos sexos;De 16 a 29 años;22,16666664;
Nigüelas;2011;Demandantes;Ambos sexos;De 30 a 44 años;38,00000001;
Nigüelas;2011;Demandantes;Ambos sexos;De 45 a 64 años;35,66666667;
Nigüelas;2011;Demandantes;Ambos sexos;TOTAL;95,83333332;
Nigüelas;2012;Demandantes;Hombres;De 16 a 29 años;16,75;
Nigüelas;2012;Demandantes;Hombres;De 30 a 44 años;28,24999998;
Nigüelas;2012;Demandantes;Hombres;De 45 a 64 años;26,24999998;
Nigüelas;2012;Demandantes;Hombres;TOTAL;71,24999996;
Nigüelas;2012;Demandantes;Mujeres;De 16 a 29 años;13,58333333;
Nigüelas;2012;Demandantes;Mujeres;De 30 a 44 años;21,58333332;
Nigüelas;2012;Demandantes;Mujeres;De 45 a 64 años;16,99999999;
Nigüelas;2012;Demandantes;Mujeres;TOTAL;52,16666664;
Nigüelas;2012;Demandantes;Ambos sexos;De 16 a 29 años;30,33333333;
Nigüelas;2012;Demandantes;Ambos sexos;De 30 a 44 años;49,8333333;
Nigüelas;2012;Demandantes;Ambos sexos;De 45 a 64 años;43,24999997;
Nigüelas;2012;Demandantes;Ambos sexos;TOTAL;123,4166666;
Nívar;2010;Demandantes;Hombres;De 16 a 29 años;9,58333334;
Nívar;2010;Demandantes;Hombres;De 30 a 44 años;15,66666667;
Nívar;2010;Demandantes;Hombres;De 45 a 64 años;12,16666665;
Nívar;2010;Demandantes;Hombres;TOTAL;37,41666666;
Nívar;2010;Demandantes;Mujeres;De 16 a 29 años;9,75000001;
Nívar;2010;Demandantes;Mujeres;De 30 a 44 años;14,75;
Nívar;2010;Demandantes;Mujeres;De 45 a 64 años;6,58333333;
Nívar;2010;Demandantes;Mujeres;TOTAL;31,08333334;
Nívar;2010;Demandantes;Ambos sexos;De 16 a 29 años;19,33333335;
Nívar;2010;Demandantes;Ambos sexos;De 30 a 44 años;30,41666667;
Nívar;2010;Demandantes;Ambos sexos;De 45 a 64 años;18,74999998;
Nívar;2010;Demandantes;Ambos sexos;TOTAL;68,5;
Nívar;2011;Demandantes;Hombres;De 16 a 29 años;9,5;
Nívar;2011;Demandantes;Hombres;De 30 a 44 años;19,33333334;
Nívar;2011;Demandantes;Hombres;De 45 a 64 años;12,16666667;
Nívar;2011;Demandantes;Hombres;TOTAL;41,00000001;
Nívar;2011;Demandantes;Mujeres;De 16 a 29 años;14,25;
Nívar;2011;Demandantes;Mujeres;De 30 a 44 años;19,5;
Nívar;2011;Demandantes;Mujeres;De 45 a 64 años;9,16666668;
Nívar;2011;Demandantes;Mujeres;TOTAL;42,91666668;
Nívar;2011;Demandantes;Ambos sexos;De 16 a 29 años;23,75;
Nívar;2011;Demandantes;Ambos sexos;De 30 a 44 años;38,83333334;
Nívar;2011;Demandantes;Ambos sexos;De 45 a 64 años;21,33333335;
Nívar;2011;Demandantes;Ambos sexos;TOTAL;83,91666669;
Nívar;2012;Demandantes;Hombres;De 16 a 29 años;12,25000001;
Nívar;2012;Demandantes;Hombres;De 30 a 44 años;21,91666666;
Nívar;2012;Demandantes;Hombres;De 45 a 64 años;16,50000001;
Nívar;2012;Demandantes;Hombres;TOTAL;50,66666668;
Nívar;2012;Demandantes;Mujeres;De 16 a 29 años;11,08333332;
Nívar;2012;Demandantes;Mujeres;De 30 a 44 años;21,00000001;
Nívar;2012;Demandantes;Mujeres;De 45 a 64 años;8,91666666;
Nívar;2012;Demandantes;Mujeres;TOTAL;40,99999999;
Nívar;2012;Demandantes;Ambos sexos;De 16 a 29 años;23,33333333;
Nívar;2012;Demandantes;Ambos sexos;De 30 a 44 años;42,91666667;
Nívar;2012;Demandantes;Ambos sexos;De 45 a 64 años;25,41666667;
Nívar;2012;Demandantes;Ambos sexos;TOTAL;91,66666667;
Ogíjares;2010;Demandantes;Hombres;De 16 a 29 años;151,08333333;
Ogíjares;2010;Demandantes;Hombres;De 30 a 44 años;225,58333333;
Ogíjares;2010;Demandantes;Hombres;De 45 a 64 años;199,91666666;
Ogíjares;2010;Demandantes;Hombres;TOTAL;576,58333332;
Ogíjares;2010;Demandantes;Mujeres;De 16 a 29 años;141,75;
Ogíjares;2010;Demandantes;Mujeres;De 30 a 44 años;283,5;
Ogíjares;2010;Demandantes;Mujeres;De 45 a 64 años;175,49999999;
Ogíjares;2010;Demandantes;Mujeres;TOTAL;600,74999999;
Ogíjares;2010;Demandantes;Ambos sexos;De 16 a 29 años;292,83333333;
Ogíjares;2010;Demandantes;Ambos sexos;De 30 a 44 años;509,08333333;
Ogíjares;2010;Demandantes;Ambos sexos;De 45 a 64 años;375,41666665;
Ogíjares;2010;Demandantes;Ambos sexos;TOTAL;1177,33333331;
Ogíjares;2011;Demandantes;Hombres;De 16 a 29 años;166,58333333;
Ogíjares;2011;Demandantes;Hombres;De 30 a 44 años;248,25000001;
Ogíjares;2011;Demandantes;Hombres;De 45 a 64 años;198,25000001;
Ogíjares;2011;Demandantes;Hombres;TOTAL;613,08333335;
Ogíjares;2011;Demandantes;Mujeres;De 16 a 29 años;139,83333333;
Ogíjares;2011;Demandantes;Mujeres;De 30 a 44 años;297,24999999;
Ogíjares;2011;Demandantes;Mujeres;De 45 a 64 años;199,75000001;
Ogíjares;2011;Demandantes;Mujeres;TOTAL;636,83333333;
Ogíjares;2011;Demandantes;Ambos sexos;De 16 a 29 años;306,41666666;
Ogíjares;2011;Demandantes;Ambos sexos;De 30 a 44 años;545,5;
Ogíjares;2011;Demandantes;Ambos sexos;De 45 a 64 años;398,00000002;
Ogíjares;2011;Demandantes;Ambos sexos;TOTAL;1249,91666668;
Ogíjares;2012;Demandantes;Hombres;De 16 a 29 años;186,91666668;
Ogíjares;2012;Demandantes;Hombres;De 30 a 44 años;283,58333333;
Ogíjares;2012;Demandantes;Hombres;De 45 a 64 años;251,41666666;
Ogíjares;2012;Demandantes;Hombres;TOTAL;721,91666667;
Ogíjares;2012;Demandantes;Mujeres;De 16 a 29 años;167,49999999;
Ogíjares;2012;Demandantes;Mujeres;De 30 a 44 años;342,49999997;
Ogíjares;2012;Demandantes;Mujeres;De 45 a 64 años;244,91666665;
Ogíjares;2012;Demandantes;Mujeres;TOTAL;754,91666661;
Ogíjares;2012;Demandantes;Ambos sexos;De 16 a 29 años;354,41666667;
Ogíjares;2012;Demandantes;Ambos sexos;De 30 a 44 años;626,0833333;
Ogíjares;2012;Demandantes;Ambos sexos;De 45 a 64 años;496,33333331;
Ogíjares;2012;Demandantes;Ambos sexos;TOTAL;1476,83333328;
Orce;2010;Demandantes;Hombres;De 16 a 29 años;7,83333333;
Orce;2010;Demandantes;Hombres;De 30 a 44 años;10,66666667;
Orce;2010;Demandantes;Hombres;De 45 a 64 años;9,25;
Orce;2010;Demandantes;Hombres;TOTAL;27,75;
Orce;2010;Demandantes;Mujeres;De 16 a 29 años;6;
Orce;2010;Demandantes;Mujeres;De 30 a 44 años;15,33333333;
Orce;2010;Demandantes;Mujeres;De 45 a 64 años;9,08333333;
Orce;2010;Demandantes;Mujeres;TOTAL;30,41666666;
Orce;2010;Demandantes;Ambos sexos;De 16 a 29 años;13,83333333;
Orce;2010;Demandantes;Ambos sexos;De 30 a 44 años;26;
Orce;2010;Demandantes;Ambos sexos;De 45 a 64 años;18,33333333;
Orce;2010;Demandantes;Ambos sexos;TOTAL;58,16666666;
Orce;2011;Demandantes;Hombres;De 16 a 29 años;5,75;
Orce;2011;Demandantes;Hombres;De 30 a 44 años;12,33333334;
Orce;2011;Demandantes;Hombres;De 45 a 64 años;10,41666668;
Orce;2011;Demandantes;Hombres;TOTAL;28,50000002;
Orce;2011;Demandantes;Mujeres;De 16 a 29 años;8,33333333;
Orce;2011;Demandantes;Mujeres;De 30 a 44 años;15,08333333;
Orce;2011;Demandantes;Mujeres;De 45 a 64 años;7,08333334;
Orce;2011;Demandantes;Mujeres;TOTAL;30,5;
Orce;2011;Demandantes;Ambos sexos;De 16 a 29 años;14,08333333;
Orce;2011;Demandantes;Ambos sexos;De 30 a 44 años;27,41666667;
Orce;2011;Demandantes;Ambos sexos;De 45 a 64 años;17,50000002;
Orce;2011;Demandantes;Ambos sexos;TOTAL;59,00000002;
Orce;2012;Demandantes;Hombres;De 16 a 29 años;11,58333333;
Orce;2012;Demandantes;Hombres;De 30 a 44 años;12,91666666;
Orce;2012;Demandantes;Hombres;De 45 a 64 años;14,5;
Orce;2012;Demandantes;Hombres;TOTAL;38,99999999;
Orce;2012;Demandantes;Mujeres;De 16 a 29 años;12,16666665;
Orce;2012;Demandantes;Mujeres;De 30 a 44 años;14,41666668;
Orce;2012;Demandantes;Mujeres;De 45 a 64 años;7,58333334;
Orce;2012;Demandantes;Mujeres;TOTAL;34,16666667;
Orce;2012;Demandantes;Ambos sexos;De 16 a 29 años;23,74999998;
Orce;2012;Demandantes;Ambos sexos;De 30 a 44 años;27,33333334;
Orce;2012;Demandantes;Ambos sexos;De 45 a 64 años;22,08333334;
Orce;2012;Demandantes;Ambos sexos;TOTAL;73,16666666;
Órgiva;2010;Demandantes;Hombres;De 16 a 29 años;96,99999999;
Órgiva;2010;Demandantes;Hombres;De 30 a 44 años;117,50000003;
Órgiva;2010;Demandantes;Hombres;De 45 a 64 años;140,66666667;
Órgiva;2010;Demandantes;Hombres;TOTAL;355,16666669;
Órgiva;2010;Demandantes;Mujeres;De 16 a 29 años;61,99999999;
Órgiva;2010;Demandantes;Mujeres;De 30 a 44 años;105,33333331;
Órgiva;2010;Demandantes;Mujeres;De 45 a 64 años;81,66666668;
Órgiva;2010;Demandantes;Mujeres;TOTAL;248,99999998;
Órgiva;2010;Demandantes;Ambos sexos;De 16 a 29 años;158,99999998;
Órgiva;2010;Demandantes;Ambos sexos;De 30 a 44 años;222,83333334;
Órgiva;2010;Demandantes;Ambos sexos;De 45 a 64 años;222,33333335;
Órgiva;2010;Demandantes;Ambos sexos;TOTAL;604,16666667;
Órgiva;2011;Demandantes;Hombres;De 16 a 29 años;89,41666668;
Órgiva;2011;Demandantes;Hombres;De 30 a 44 años;107,33333334;
Órgiva;2011;Demandantes;Hombres;De 45 a 64 años;158,08333336;
Órgiva;2011;Demandantes;Hombres;TOTAL;354,83333338;
Órgiva;2011;Demandantes;Mujeres;De 16 a 29 años;78,58333333;
Órgiva;2011;Demandantes;Mujeres;De 30 a 44 años;104,91666666;
Órgiva;2011;Demandantes;Mujeres;De 45 a 64 años;90,58333333;
Órgiva;2011;Demandantes;Mujeres;TOTAL;274,08333332;
Órgiva;2011;Demandantes;Ambos sexos;De 16 a 29 años;168,00000001;
Órgiva;2011;Demandantes;Ambos sexos;De 30 a 44 años;212,25;
Órgiva;2011;Demandantes;Ambos sexos;De 45 a 64 años;248,66666669;
Órgiva;2011;Demandantes;Ambos sexos;TOTAL;628,9166667;
Órgiva;2012;Demandantes;Hombres;De 16 a 29 años;93,91666668;
Órgiva;2012;Demandantes;Hombres;De 30 a 44 años;124,08333332;
Órgiva;2012;Demandantes;Hombres;De 45 a 64 años;169,5;
Órgiva;2012;Demandantes;Hombres;TOTAL;387,5;
Órgiva;2012;Demandantes;Mujeres;De 16 a 29 años;102,33333333;
Órgiva;2012;Demandantes;Mujeres;De 30 a 44 años;115,58333334;
Órgiva;2012;Demandantes;Mujeres;De 45 a 64 años;104,74999999;
Órgiva;2012;Demandantes;Mujeres;TOTAL;322,66666666;
Órgiva;2012;Demandantes;Ambos sexos;De 16 a 29 años;196,25000001;
Órgiva;2012;Demandantes;Ambos sexos;De 30 a 44 años;239,66666666;
Órgiva;2012;Demandantes;Ambos sexos;De 45 a 64 años;274,24999999;
Órgiva;2012;Demandantes;Ambos sexos;TOTAL;710,16666666;
Otívar;2010;Demandantes;Hombres;De 16 a 29 años;8,58333333;
Otívar;2010;Demandantes;Hombres;De 30 a 44 años;24,66666667;
Otívar;2010;Demandantes;Hombres;De 45 a 64 años;19,91666667;
Otívar;2010;Demandantes;Hombres;TOTAL;53,16666667;
Otívar;2010;Demandantes;Mujeres;De 16 a 29 años;5,24999999;
Otívar;2010;Demandantes;Mujeres;De 30 a 44 años;14,5;
Otívar;2010;Demandantes;Mujeres;De 45 a 64 años;11,66666667;
Otívar;2010;Demandantes;Mujeres;TOTAL;31,41666666;
Otívar;2010;Demandantes;Ambos sexos;De 16 a 29 años;13,83333332;
Otívar;2010;Demandantes;Ambos sexos;De 30 a 44 años;39,16666667;
Otívar;2010;Demandantes;Ambos sexos;De 45 a 64 años;31,58333334;
Otívar;2010;Demandantes;Ambos sexos;TOTAL;84,58333333;
Otívar;2011;Demandantes;Hombres;De 16 a 29 años;9,41666668;
Otívar;2011;Demandantes;Hombres;De 30 a 44 años;22,5;
Otívar;2011;Demandantes;Hombres;De 45 a 64 años;27,50000002;
Otívar;2011;Demandantes;Hombres;TOTAL;59,4166667;
Otívar;2011;Demandantes;Mujeres;De 16 a 29 años;9;
Otívar;2011;Demandantes;Mujeres;De 30 a 44 años;14,16666667;
Otívar;2011;Demandantes;Mujeres;De 45 a 64 años;12,83333334;
Otívar;2011;Demandantes;Mujeres;TOTAL;36,00000001;
Otívar;2011;Demandantes;Ambos sexos;De 16 a 29 años;18,41666668;
Otívar;2011;Demandantes;Ambos sexos;De 30 a 44 años;36,66666667;
Otívar;2011;Demandantes;Ambos sexos;De 45 a 64 años;40,33333336;
Otívar;2011;Demandantes;Ambos sexos;TOTAL;95,41666671;
Otívar;2012;Demandantes;Hombres;De 16 a 29 años;12,33333332;
Otívar;2012;Demandantes;Hombres;De 30 a 44 años;28,25;
Otívar;2012;Demandantes;Hombres;De 45 a 64 años;28,08333333;
Otívar;2012;Demandantes;Hombres;TOTAL;68,66666665;
Otívar;2012;Demandantes;Mujeres;De 16 a 29 años;13,75;
Otívar;2012;Demandantes;Mujeres;De 30 a 44 años;17,41666666;
Otívar;2012;Demandantes;Mujeres;De 45 a 64 años;14,83333333;
Otívar;2012;Demandantes;Mujeres;TOTAL;45,99999999;
Otívar;2012;Demandantes;Ambos sexos;De 16 a 29 años;26,08333332;
Otívar;2012;Demandantes;Ambos sexos;De 30 a 44 años;45,66666666;
Otívar;2012;Demandantes;Ambos sexos;De 45 a 64 años;42,91666666;
Otívar;2012;Demandantes;Ambos sexos;TOTAL;114,66666664;
Padul;2010;Demandantes;Hombres;De 16 a 29 años;155,16666667;
Padul;2010;Demandantes;Hombres;De 30 a 44 años;222,58333334;
Padul;2010;Demandantes;Hombres;De 45 a 64 años;193,83333332;
Padul;2010;Demandantes;Hombres;TOTAL;571,58333333;
Padul;2010;Demandantes;Mujeres;De 16 a 29 años;102,58333332;
Padul;2010;Demandantes;Mujeres;De 30 a 44 años;205,08333331;
Padul;2010;Demandantes;Mujeres;De 45 a 64 años;80,66666665;
Padul;2010;Demandantes;Mujeres;TOTAL;388,33333328;
Padul;2010;Demandantes;Ambos sexos;De 16 a 29 años;257,74999999;
Padul;2010;Demandantes;Ambos sexos;De 30 a 44 años;427,66666665;
Padul;2010;Demandantes;Ambos sexos;De 45 a 64 años;274,49999997;
Padul;2010;Demandantes;Ambos sexos;TOTAL;959,91666661;
Padul;2011;Demandantes;Hombres;De 16 a 29 años;150,33333334;
Padul;2011;Demandantes;Hombres;De 30 a 44 años;224,49999998;
Padul;2011;Demandantes;Hombres;De 45 a 64 años;224,41666667;
Padul;2011;Demandantes;Hombres;TOTAL;599,24999999;
Padul;2011;Demandantes;Mujeres;De 16 a 29 años;123,08333333;
Padul;2011;Demandantes;Mujeres;De 30 a 44 años;213,33333331;
Padul;2011;Demandantes;Mujeres;De 45 a 64 años;87,91666667;
Padul;2011;Demandantes;Mujeres;TOTAL;424,33333331;
Padul;2011;Demandantes;Ambos sexos;De 16 a 29 años;273,41666667;
Padul;2011;Demandantes;Ambos sexos;De 30 a 44 años;437,83333329;
Padul;2011;Demandantes;Ambos sexos;De 45 a 64 años;312,33333334;
Padul;2011;Demandantes;Ambos sexos;TOTAL;1023,5833333;
Padul;2012;Demandantes;Hombres;De 16 a 29 años;174,75000001;
Padul;2012;Demandantes;Hombres;De 30 a 44 años;242,24999999;
Padul;2012;Demandantes;Hombres;De 45 a 64 años;287,91666669;
Padul;2012;Demandantes;Hombres;TOTAL;704,91666669;
Padul;2012;Demandantes;Mujeres;De 16 a 29 años;152,33333334;
Padul;2012;Demandantes;Mujeres;De 30 a 44 años;231,91666668;
Padul;2012;Demandantes;Mujeres;De 45 a 64 años;113,58333331;
Padul;2012;Demandantes;Mujeres;TOTAL;497,83333333;
Padul;2012;Demandantes;Ambos sexos;De 16 a 29 años;327,08333335;
Padul;2012;Demandantes;Ambos sexos;De 30 a 44 años;474,16666667;
Padul;2012;Demandantes;Ambos sexos;De 45 a 64 años;401,5;
Padul;2012;Demandantes;Ambos sexos;TOTAL;1202,75000002;
Pampaneira;2010;Demandantes;Hombres;De 16 a 29 años;4,58333333;
Pampaneira;2010;Demandantes;Hombres;De 30 a 44 años;10,33333333;
Pampaneira;2010;Demandantes;Hombres;De 45 a 64 años;6,33333333;
Pampaneira;2010;Demandantes;Hombres;TOTAL;21,24999999;
Pampaneira;2010;Demandantes;Mujeres;De 16 a 29 años;2,08333333;
Pampaneira;2010;Demandantes;Mujeres;De 30 a 44 años;9,16666667;
Pampaneira;2010;Demandantes;Mujeres;De 45 a 64 años;7,58333333;
Pampaneira;2010;Demandantes;Mujeres;TOTAL;18,83333333;
Pampaneira;2010;Demandantes;Ambos sexos;De 16 a 29 años;6,66666666;
Pampaneira;2010;Demandantes;Ambos sexos;De 30 a 44 años;19,5;
Pampaneira;2010;Demandantes;Ambos sexos;De 45 a 64 años;13,91666666;
Pampaneira;2010;Demandantes;Ambos sexos;TOTAL;40,08333332;
Pampaneira;2011;Demandantes;Hombres;De 16 a 29 años;6,58333333;
Pampaneira;2011;Demandantes;Hombres;De 30 a 44 años;10,00000001;
Pampaneira;2011;Demandantes;Hombres;De 45 a 64 años;7,33333334;
Pampaneira;2011;Demandantes;Hombres;TOTAL;23,91666668;
Pampaneira;2011;Demandantes;Mujeres;De 16 a 29 años;1,58333333;
Pampaneira;2011;Demandantes;Mujeres;De 30 a 44 años;5,33333332;
Pampaneira;2011;Demandantes;Mujeres;De 45 a 64 años;7,5;
Pampaneira;2011;Demandantes;Mujeres;TOTAL;14,41666665;
Pampaneira;2011;Demandantes;Ambos sexos;De 16 a 29 años;8,16666666;
Pampaneira;2011;Demandantes;Ambos sexos;De 30 a 44 años;15,33333333;
Pampaneira;2011;Demandantes;Ambos sexos;De 45 a 64 años;14,83333334;
Pampaneira;2011;Demandantes;Ambos sexos;TOTAL;38,33333333;
Pampaneira;2012;Demandantes;Hombres;De 16 a 29 años;7,33333333;
Pampaneira;2012;Demandantes;Hombres;De 30 a 44 años;12,5;
Pampaneira;2012;Demandantes;Hombres;De 45 a 64 años;9,75000001;
Pampaneira;2012;Demandantes;Hombres;TOTAL;29,58333334;
Pampaneira;2012;Demandantes;Mujeres;De 16 a 29 años;5,50000001;
Pampaneira;2012;Demandantes;Mujeres;De 30 a 44 años;8,83333333;
Pampaneira;2012;Demandantes;Mujeres;De 45 a 64 años;7,24999999;
Pampaneira;2012;Demandantes;Mujeres;TOTAL;21,58333333;
Pampaneira;2012;Demandantes;Ambos sexos;De 16 a 29 años;12,83333334;
Pampaneira;2012;Demandantes;Ambos sexos;De 30 a 44 años;21,33333333;
Pampaneira;2012;Demandantes;Ambos sexos;De 45 a 64 años;17;
Pampaneira;2012;Demandantes;Ambos sexos;TOTAL;51,16666667;
Pedro Martínez;2010;Demandantes;Hombres;De 16 a 29 años;5,99999999;
Pedro Martínez;2010;Demandantes;Hombres;De 30 a 44 años;12,58333334;
Pedro Martínez;2010;Demandantes;Hombres;De 45 a 64 años;10,08333333;
Pedro Martínez;2010;Demandantes;Hombres;TOTAL;28,66666666;
Pedro Martínez;2010;Demandantes;Mujeres;De 16 a 29 años;5,58333334;
Pedro Martínez;2010;Demandantes;Mujeres;De 30 a 44 años;8,91666667;
Pedro Martínez;2010;Demandantes;Mujeres;De 45 a 64 años;6,58333334;
Pedro Martínez;2010;Demandantes;Mujeres;TOTAL;21,08333335;
Pedro Martínez;2010;Demandantes;Ambos sexos;De 16 a 29 años;11,58333333;
Pedro Martínez;2010;Demandantes;Ambos sexos;De 30 a 44 años;21,50000001;
Pedro Martínez;2010;Demandantes;Ambos sexos;De 45 a 64 años;16,66666667;
Pedro Martínez;2010;Demandantes;Ambos sexos;TOTAL;49,75000001;
Pedro Martínez;2011;Demandantes;Hombres;De 16 a 29 años;5,91666666;
Pedro Martínez;2011;Demandantes;Hombres;De 30 a 44 años;8,58333334;
Pedro Martínez;2011;Demandantes;Hombres;De 45 a 64 años;9,33333333;
Pedro Martínez;2011;Demandantes;Hombres;TOTAL;23,83333333;
Pedro Martínez;2011;Demandantes;Mujeres;De 16 a 29 años;4,16666666;
Pedro Martínez;2011;Demandantes;Mujeres;De 30 a 44 años;11,58333335;
Pedro Martínez;2011;Demandantes;Mujeres;De 45 a 64 años;6,83333333;
Pedro Martínez;2011;Demandantes;Mujeres;TOTAL;22,58333334;
Pedro Martínez;2011;Demandantes;Ambos sexos;De 16 a 29 años;10,08333332;
Pedro Martínez;2011;Demandantes;Ambos sexos;De 30 a 44 años;20,16666669;
Pedro Martínez;2011;Demandantes;Ambos sexos;De 45 a 64 años;16,16666666;
Pedro Martínez;2011;Demandantes;Ambos sexos;TOTAL;46,41666667;
Pedro Martínez;2012;Demandantes;Hombres;De 16 a 29 años;5,25;
Pedro Martínez;2012;Demandantes;Hombres;De 30 a 44 años;11,08333334;
Pedro Martínez;2012;Demandantes;Hombres;De 45 a 64 años;10,41666666;
Pedro Martínez;2012;Demandantes;Hombres;TOTAL;26,75;
Pedro Martínez;2012;Demandantes;Mujeres;De 16 a 29 años;7,16666666;
Pedro Martínez;2012;Demandantes;Mujeres;De 30 a 44 años;16,41666667;
Pedro Martínez;2012;Demandantes;Mujeres;De 45 a 64 años;7,91666667;
Pedro Martínez;2012;Demandantes;Mujeres;TOTAL;31,5;
Pedro Martínez;2012;Demandantes;Ambos sexos;De 16 a 29 años;12,41666666;
Pedro Martínez;2012;Demandantes;Ambos sexos;De 30 a 44 años;27,50000001;
Pedro Martínez;2012;Demandantes;Ambos sexos;De 45 a 64 años;18,33333333;
Pedro Martínez;2012;Demandantes;Ambos sexos;TOTAL;58,25;
Peligros;2010;Demandantes;Hombres;De 16 a 29 años;154,99999999;
Peligros;2010;Demandantes;Hombres;De 30 a 44 años;238,25000002;
Peligros;2010;Demandantes;Hombres;De 45 a 64 años;164,33333335;
Peligros;2010;Demandantes;Hombres;TOTAL;557,58333336;
Peligros;2010;Demandantes;Mujeres;De 16 a 29 años;144,58333334;
Peligros;2010;Demandantes;Mujeres;De 30 a 44 años;252,08333335;
Peligros;2010;Demandantes;Mujeres;De 45 a 64 años;135,99999998;
Peligros;2010;Demandantes;Mujeres;TOTAL;532,66666667;
Peligros;2010;Demandantes;Ambos sexos;De 16 a 29 años;299,58333333;
Peligros;2010;Demandantes;Ambos sexos;De 30 a 44 años;490,33333337;
Peligros;2010;Demandantes;Ambos sexos;De 45 a 64 años;300,33333333;
Peligros;2010;Demandantes;Ambos sexos;TOTAL;1090,25000003;
Peligros;2011;Demandantes;Hombres;De 16 a 29 años;167,83333336;
Peligros;2011;Demandantes;Hombres;De 30 a 44 años;241,33333331;
Peligros;2011;Demandantes;Hombres;De 45 a 64 años;204,5;
Peligros;2011;Demandantes;Hombres;TOTAL;613,66666667;
Peligros;2011;Demandantes;Mujeres;De 16 a 29 años;171,49999999;
Peligros;2011;Demandantes;Mujeres;De 30 a 44 años;257,58333333;
Peligros;2011;Demandantes;Mujeres;De 45 a 64 años;161,66666666;
Peligros;2011;Demandantes;Mujeres;TOTAL;590,74999998;
Peligros;2011;Demandantes;Ambos sexos;De 16 a 29 años;339,33333335;
Peligros;2011;Demandantes;Ambos sexos;De 30 a 44 años;498,91666664;
Peligros;2011;Demandantes;Ambos sexos;De 45 a 64 años;366,16666666;
Peligros;2011;Demandantes;Ambos sexos;TOTAL;1204,41666665;
Peligros;2012;Demandantes;Hombres;De 16 a 29 años;173,66666665;
Peligros;2012;Demandantes;Hombres;De 30 a 44 años;292,41666668;
Peligros;2012;Demandantes;Hombres;De 45 a 64 años;256,83333332;
Peligros;2012;Demandantes;Hombres;TOTAL;722,91666665;
Peligros;2012;Demandantes;Mujeres;De 16 a 29 años;199,33333334;
Peligros;2012;Demandantes;Mujeres;De 30 a 44 años;311,24999998;
Peligros;2012;Demandantes;Mujeres;De 45 a 64 años;203,16666664;
Peligros;2012;Demandantes;Mujeres;TOTAL;713,74999996;
Peligros;2012;Demandantes;Ambos sexos;De 16 a 29 años;372,99999999;
Peligros;2012;Demandantes;Ambos sexos;De 30 a 44 años;603,66666666;
Peligros;2012;Demandantes;Ambos sexos;De 45 a 64 años;459,99999996;
Peligros;2012;Demandantes;Ambos sexos;TOTAL;1436,66666661;
Pinos Genil;2010;Demandantes;Hombres;De 16 a 29 años;17,16666666;
Pinos Genil;2010;Demandantes;Hombres;De 30 a 44 años;18,75000001;
Pinos Genil;2010;Demandantes;Hombres;De 45 a 64 años;18,66666665;
Pinos Genil;2010;Demandantes;Hombres;TOTAL;54,58333332;
Pinos Genil;2010;Demandantes;Mujeres;De 16 a 29 años;14,41666668;
Pinos Genil;2010;Demandantes;Mujeres;De 30 a 44 años;19,41666666;
Pinos Genil;2010;Demandantes;Mujeres;De 45 a 64 años;11,08333334;
Pinos Genil;2010;Demandantes;Mujeres;TOTAL;44,91666668;
Pinos Genil;2010;Demandantes;Ambos sexos;De 16 a 29 años;31,58333334;
Pinos Genil;2010;Demandantes;Ambos sexos;De 30 a 44 años;38,16666667;
Pinos Genil;2010;Demandantes;Ambos sexos;De 45 a 64 años;29,74999999;
Pinos Genil;2010;Demandantes;Ambos sexos;TOTAL;99,5;
Pinos Genil;2011;Demandantes;Hombres;De 16 a 29 años;13,99999999;
Pinos Genil;2011;Demandantes;Hombres;De 30 a 44 años;14,58333333;
Pinos Genil;2011;Demandantes;Hombres;De 45 a 64 años;25;
Pinos Genil;2011;Demandantes;Hombres;TOTAL;53,58333332;
Pinos Genil;2011;Demandantes;Mujeres;De 16 a 29 años;17,25;
Pinos Genil;2011;Demandantes;Mujeres;De 30 a 44 años;24,08333335;
Pinos Genil;2011;Demandantes;Mujeres;De 45 a 64 años;18,08333333;
Pinos Genil;2011;Demandantes;Mujeres;TOTAL;59,41666668;
Pinos Genil;2011;Demandantes;Ambos sexos;De 16 a 29 años;31,24999999;
Pinos Genil;2011;Demandantes;Ambos sexos;De 30 a 44 años;38,66666668;
Pinos Genil;2011;Demandantes;Ambos sexos;De 45 a 64 años;43,08333333;
Pinos Genil;2011;Demandantes;Ambos sexos;TOTAL;113;
Pinos Genil;2012;Demandantes;Hombres;De 16 a 29 años;22,91666665;
Pinos Genil;2012;Demandantes;Hombres;De 30 a 44 años;23,99999999;
Pinos Genil;2012;Demandantes;Hombres;De 45 a 64 años;28,5;
Pinos Genil;2012;Demandantes;Hombres;TOTAL;75,41666664;
Pinos Genil;2012;Demandantes;Mujeres;De 16 a 29 años;16,16666665;
Pinos Genil;2012;Demandantes;Mujeres;De 30 a 44 años;30;
Pinos Genil;2012;Demandantes;Mujeres;De 45 a 64 años;22,25;
Pinos Genil;2012;Demandantes;Mujeres;TOTAL;68,41666665;
Pinos Genil;2012;Demandantes;Ambos sexos;De 16 a 29 años;39,0833333;
Pinos Genil;2012;Demandantes;Ambos sexos;De 30 a 44 años;53,99999999;
Pinos Genil;2012;Demandantes;Ambos sexos;De 45 a 64 años;50,75;
Pinos Genil;2012;Demandantes;Ambos sexos;TOTAL;143,83333329;
Pinos Puente;2010;Demandantes;Hombres;De 16 a 29 años;271,24999999;
Pinos Puente;2010;Demandantes;Hombres;De 30 a 44 años;332,00000001;
Pinos Puente;2010;Demandantes;Hombres;De 45 a 64 años;264,41666667;
Pinos Puente;2010;Demandantes;Hombres;TOTAL;867,66666667;
Pinos Puente;2010;Demandantes;Mujeres;De 16 a 29 años;204,41666667;
Pinos Puente;2010;Demandantes;Mujeres;De 30 a 44 años;194,41666667;
Pinos Puente;2010;Demandantes;Mujeres;De 45 a 64 años;97,16666668;
Pinos Puente;2010;Demandantes;Mujeres;TOTAL;496,00000002;
Pinos Puente;2010;Demandantes;Ambos sexos;De 16 a 29 años;475,66666666;
Pinos Puente;2010;Demandantes;Ambos sexos;De 30 a 44 años;526,41666668;
Pinos Puente;2010;Demandantes;Ambos sexos;De 45 a 64 años;361,58333335;
Pinos Puente;2010;Demandantes;Ambos sexos;TOTAL;1363,66666669;
Pinos Puente;2011;Demandantes;Hombres;De 16 a 29 años;293,91666665;
Pinos Puente;2011;Demandantes;Hombres;De 30 a 44 años;329,33333332;
Pinos Puente;2011;Demandantes;Hombres;De 45 a 64 años;307,83333331;
Pinos Puente;2011;Demandantes;Hombres;TOTAL;931,08333328;
Pinos Puente;2011;Demandantes;Mujeres;De 16 a 29 años;232,91666667;
Pinos Puente;2011;Demandantes;Mujeres;De 30 a 44 años;205,83333332;
Pinos Puente;2011;Demandantes;Mujeres;De 45 a 64 años;104,83333334;
Pinos Puente;2011;Demandantes;Mujeres;TOTAL;543,58333333;
Pinos Puente;2011;Demandantes;Ambos sexos;De 16 a 29 años;526,83333332;
Pinos Puente;2011;Demandantes;Ambos sexos;De 30 a 44 años;535,16666664;
Pinos Puente;2011;Demandantes;Ambos sexos;De 45 a 64 años;412,66666665;
Pinos Puente;2011;Demandantes;Ambos sexos;TOTAL;1474,66666661;
Pinos Puente;2012;Demandantes;Hombres;De 16 a 29 años;296,83333331;
Pinos Puente;2012;Demandantes;Hombres;De 30 a 44 años;360,16666667;
Pinos Puente;2012;Demandantes;Hombres;De 45 a 64 años;357,08333334;
Pinos Puente;2012;Demandantes;Hombres;TOTAL;1014,08333332;
Pinos Puente;2012;Demandantes;Mujeres;De 16 a 29 años;234,16666664;
Pinos Puente;2012;Demandantes;Mujeres;De 30 a 44 años;234,75;
Pinos Puente;2012;Demandantes;Mujeres;De 45 a 64 años;130,50000001;
Pinos Puente;2012;Demandantes;Mujeres;TOTAL;599,41666665;
Pinos Puente;2012;Demandantes;Ambos sexos;De 16 a 29 años;530,99999995;
Pinos Puente;2012;Demandantes;Ambos sexos;De 30 a 44 años;594,91666667;
Pinos Puente;2012;Demandantes;Ambos sexos;De 45 a 64 años;487,58333335;
Pinos Puente;2012;Demandantes;Ambos sexos;TOTAL;1613,49999997;
Píñar;2010;Demandantes;Hombres;De 16 a 29 años;17,08333334;
Píñar;2010;Demandantes;Hombres;De 30 a 44 años;16,33333333;
Píñar;2010;Demandantes;Hombres;De 45 a 64 años;11,66666666;
Píñar;2010;Demandantes;Hombres;TOTAL;45,08333333;
Píñar;2010;Demandantes;Mujeres;De 16 a 29 años;10,16666666;
Píñar;2010;Demandantes;Mujeres;De 30 a 44 años;13,91666667;
Píñar;2010;Demandantes;Mujeres;De 45 a 64 años;10,00000001;
Píñar;2010;Demandantes;Mujeres;TOTAL;34,08333334;
Píñar;2010;Demandantes;Ambos sexos;De 16 a 29 años;27,25;
Píñar;2010;Demandantes;Ambos sexos;De 30 a 44 años;30,25;
Píñar;2010;Demandantes;Ambos sexos;De 45 a 64 años;21,66666667;
Píñar;2010;Demandantes;Ambos sexos;TOTAL;79,16666667;
Píñar;2011;Demandantes;Hombres;De 16 a 29 años;19,66666666;
Píñar;2011;Demandantes;Hombres;De 30 a 44 años;14,33333334;
Píñar;2011;Demandantes;Hombres;De 45 a 64 años;16,33333333;
Píñar;2011;Demandantes;Hombres;TOTAL;50,33333333;
Píñar;2011;Demandantes;Mujeres;De 16 a 29 años;17,16666666;
Píñar;2011;Demandantes;Mujeres;De 30 a 44 años;14,91666666;
Píñar;2011;Demandantes;Mujeres;De 45 a 64 años;8,25000001;
Píñar;2011;Demandantes;Mujeres;TOTAL;40,33333333;
Píñar;2011;Demandantes;Ambos sexos;De 16 a 29 años;36,83333332;
Píñar;2011;Demandantes;Ambos sexos;De 30 a 44 años;29,25;
Píñar;2011;Demandantes;Ambos sexos;De 45 a 64 años;24,58333334;
Píñar;2011;Demandantes;Ambos sexos;TOTAL;90,66666666;
Píñar;2012;Demandantes;Hombres;De 16 a 29 años;15,75;
Píñar;2012;Demandantes;Hombres;De 30 a 44 años;18,33333333;
Píñar;2012;Demandantes;Hombres;De 45 a 64 años;25,00000001;
Píñar;2012;Demandantes;Hombres;TOTAL;59,08333334;
Píñar;2012;Demandantes;Mujeres;De 16 a 29 años;15,16666666;
Píñar;2012;Demandantes;Mujeres;De 30 a 44 años;19,83333332;
Píñar;2012;Demandantes;Mujeres;De 45 a 64 años;12,08333334;
Píñar;2012;Demandantes;Mujeres;TOTAL;47,08333332;
Píñar;2012;Demandantes;Ambos sexos;De 16 a 29 años;30,91666666;
Píñar;2012;Demandantes;Ambos sexos;De 30 a 44 años;38,16666665;
Píñar;2012;Demandantes;Ambos sexos;De 45 a 64 años;37,08333335;
Píñar;2012;Demandantes;Ambos sexos;TOTAL;106,16666666;
Polícar;2010;Demandantes;Hombres;De 16 a 29 años;1,58333333;
Polícar;2010;Demandantes;Hombres;De 30 a 44 años;5;
Polícar;2010;Demandantes;Hombres;De 45 a 64 años;6,83333333;
Polícar;2010;Demandantes;Hombres;TOTAL;13,41666666;
Polícar;2010;Demandantes;Mujeres;De 16 a 29 años;2,83333333;
Polícar;2010;Demandantes;Mujeres;De 30 a 44 años;3,16666667;
Polícar;2010;Demandantes;Mujeres;De 45 a 64 años;1,25;
Polícar;2010;Demandantes;Mujeres;TOTAL;7,25;
Polícar;2010;Demandantes;Ambos sexos;De 16 a 29 años;4,41666666;
Polícar;2010;Demandantes;Ambos sexos;De 30 a 44 años;8,16666667;
Polícar;2010;Demandantes;Ambos sexos;De 45 a 64 años;8,08333333;
Polícar;2010;Demandantes;Ambos sexos;TOTAL;20,66666666;
Polícar;2011;Demandantes;Hombres;De 16 a 29 años;2,41666666;
Polícar;2011;Demandantes;Hombres;De 30 a 44 años;4,08333333;
Polícar;2011;Demandantes;Hombres;De 45 a 64 años;6,16666667;
Polícar;2011;Demandantes;Hombres;TOTAL;12,66666666;
Polícar;2011;Demandantes;Mujeres;De 16 a 29 años;2,33333333;
Polícar;2011;Demandantes;Mujeres;De 30 a 44 años;3,08333333;
Polícar;2011;Demandantes;Mujeres;De 45 a 64 años;2,08333334;
Polícar;2011;Demandantes;Mujeres;TOTAL;7,5;
Polícar;2011;Demandantes;Ambos sexos;De 16 a 29 años;4,74999999;
Polícar;2011;Demandantes;Ambos sexos;De 30 a 44 años;7,16666666;
Polícar;2011;Demandantes;Ambos sexos;De 45 a 64 años;8,25000001;
Polícar;2011;Demandantes;Ambos sexos;TOTAL;20,16666666;
Polícar;2012;Demandantes;Hombres;De 16 a 29 años;2,58333333;
Polícar;2012;Demandantes;Hombres;De 30 a 44 años;3,66666666;
Polícar;2012;Demandantes;Hombres;De 45 a 64 años;6,83333333;
Polícar;2012;Demandantes;Hombres;TOTAL;13,08333332;
Polícar;2012;Demandantes;Mujeres;De 16 a 29 años;4,41666667;
Polícar;2012;Demandantes;Mujeres;De 30 a 44 años;3,41666666;
Polícar;2012;Demandantes;Mujeres;De 45 a 64 años;3,25;
Polícar;2012;Demandantes;Mujeres;TOTAL;11,08333333;
Polícar;2012;Demandantes;Ambos sexos;De 16 a 29 años;7;
Polícar;2012;Demandantes;Ambos sexos;De 30 a 44 años;7,08333332;
Polícar;2012;Demandantes;Ambos sexos;De 45 a 64 años;10,08333333;
Polícar;2012;Demandantes;Ambos sexos;TOTAL;24,16666665;
Polopos;2010;Demandantes;Hombres;De 16 a 29 años;16,91666666;
Polopos;2010;Demandantes;Hombres;De 30 a 44 años;39,16666667;
Polopos;2010;Demandantes;Hombres;De 45 a 64 años;12,41666666;
Polopos;2010;Demandantes;Hombres;TOTAL;68,49999999;
Polopos;2010;Demandantes;Mujeres;De 16 a 29 años;15,83333333;
Polopos;2010;Demandantes;Mujeres;De 30 a 44 años;19,41666668;
Polopos;2010;Demandantes;Mujeres;De 45 a 64 años;4,74999999;
Polopos;2010;Demandantes;Mujeres;TOTAL;40;
Polopos;2010;Demandantes;Ambos sexos;De 16 a 29 años;32,74999999;
Polopos;2010;Demandantes;Ambos sexos;De 30 a 44 años;58,58333335;
Polopos;2010;Demandantes;Ambos sexos;De 45 a 64 años;17,16666665;
Polopos;2010;Demandantes;Ambos sexos;TOTAL;108,49999999;
Polopos;2011;Demandantes;Hombres;De 16 a 29 años;15,66666669;
Polopos;2011;Demandantes;Hombres;De 30 a 44 años;43,83333332;
Polopos;2011;Demandantes;Hombres;De 45 a 64 años;15,41666667;
Polopos;2011;Demandantes;Hombres;TOTAL;74,91666668;
Polopos;2011;Demandantes;Mujeres;De 16 a 29 años;14,91666667;
Polopos;2011;Demandantes;Mujeres;De 30 a 44 años;20,83333332;
Polopos;2011;Demandantes;Mujeres;De 45 a 64 años;9,58333333;
Polopos;2011;Demandantes;Mujeres;TOTAL;45,33333332;
Polopos;2011;Demandantes;Ambos sexos;De 16 a 29 años;30,58333336;
Polopos;2011;Demandantes;Ambos sexos;De 30 a 44 años;64,66666664;
Polopos;2011;Demandantes;Ambos sexos;De 45 a 64 años;25;
Polopos;2011;Demandantes;Ambos sexos;TOTAL;120,25;
Polopos;2012;Demandantes;Hombres;De 16 a 29 años;11,83333333;
Polopos;2012;Demandantes;Hombres;De 30 a 44 años;34,25;
Polopos;2012;Demandantes;Hombres;De 45 a 64 años;21,99999999;
Polopos;2012;Demandantes;Hombres;TOTAL;68,08333332;
Polopos;2012;Demandantes;Mujeres;De 16 a 29 años;13,00000001;
Polopos;2012;Demandantes;Mujeres;De 30 a 44 años;23,66666666;
Polopos;2012;Demandantes;Mujeres;De 45 a 64 años;13,41666667;
Polopos;2012;Demandantes;Mujeres;TOTAL;50,08333334;
Polopos;2012;Demandantes;Ambos sexos;De 16 a 29 años;24,83333334;
Polopos;2012;Demandantes;Ambos sexos;De 30 a 44 años;57,91666666;
Polopos;2012;Demandantes;Ambos sexos;De 45 a 64 años;35,41666666;
Polopos;2012;Demandantes;Ambos sexos;TOTAL;118,16666666;
Pórtugos;2010;Demandantes;Hombres;De 16 a 29 años;3,75;
Pórtugos;2010;Demandantes;Hombres;De 30 a 44 años;3,41666667;
Pórtugos;2010;Demandantes;Hombres;De 45 a 64 años;4,99999999;
Pórtugos;2010;Demandantes;Hombres;TOTAL;12,16666666;
Pórtugos;2010;Demandantes;Mujeres;De 16 a 29 años;3,58333334;
Pórtugos;2010;Demandantes;Mujeres;De 30 a 44 años;5,99999999;
Pórtugos;2010;Demandantes;Mujeres;De 45 a 64 años;5;
Pórtugos;2010;Demandantes;Mujeres;TOTAL;14,58333333;
Pórtugos;2010;Demandantes;Ambos sexos;De 16 a 29 años;7,33333334;
Pórtugos;2010;Demandantes;Ambos sexos;De 30 a 44 años;9,41666666;
Pórtugos;2010;Demandantes;Ambos sexos;De 45 a 64 años;9,99999999;
Pórtugos;2010;Demandantes;Ambos sexos;TOTAL;26,74999999;
Pórtugos;2011;Demandantes;Hombres;De 16 a 29 años;2,25000001;
Pórtugos;2011;Demandantes;Hombres;De 30 a 44 años;1,91666666;
Pórtugos;2011;Demandantes;Hombres;De 45 a 64 años;5,41666667;
Pórtugos;2011;Demandantes;Hombres;TOTAL;9,58333334;
Pórtugos;2011;Demandantes;Mujeres;De 16 a 29 años;1,91666666;
Pórtugos;2011;Demandantes;Mujeres;De 30 a 44 años;4,91666668;
Pórtugos;2011;Demandantes;Mujeres;De 45 a 64 años;6,75000001;
Pórtugos;2011;Demandantes;Mujeres;TOTAL;13,58333335;
Pórtugos;2011;Demandantes;Ambos sexos;De 16 a 29 años;4,16666667;
Pórtugos;2011;Demandantes;Ambos sexos;De 30 a 44 años;6,83333334;
Pórtugos;2011;Demandantes;Ambos sexos;De 45 a 64 años;12,16666668;
Pórtugos;2011;Demandantes;Ambos sexos;TOTAL;23,16666669;
Pórtugos;2012;Demandantes;Hombres;De 16 a 29 años;5,5;
Pórtugos;2012;Demandantes;Hombres;De 30 a 44 años;7,16666668;
Pórtugos;2012;Demandantes;Hombres;De 45 a 64 años;7,91666666;
Pórtugos;2012;Demandantes;Hombres;TOTAL;20,58333334;
Pórtugos;2012;Demandantes;Mujeres;De 16 a 29 años;2,5;
Pórtugos;2012;Demandantes;Mujeres;De 30 a 44 años;7,41666667;
Pórtugos;2012;Demandantes;Mujeres;De 45 a 64 años;10,16666667;
Pórtugos;2012;Demandantes;Mujeres;TOTAL;20,08333334;
Pórtugos;2012;Demandantes;Ambos sexos;De 16 a 29 años;8;
Pórtugos;2012;Demandantes;Ambos sexos;De 30 a 44 años;14,58333335;
Pórtugos;2012;Demandantes;Ambos sexos;De 45 a 64 años;18,08333333;
Pórtugos;2012;Demandantes;Ambos sexos;TOTAL;40,66666668;
Puebla de Don Fadrique;2010;Demandantes;Hombres;De 16 a 29 años;19,41666666;
Puebla de Don Fadrique;2010;Demandantes;Hombres;De 30 a 44 años;25,75;
Puebla de Don Fadrique;2010;Demandantes;Hombres;De 45 a 64 años;22,41666667;
Puebla de Don Fadrique;2010;Demandantes;Hombres;TOTAL;67,58333333;
Puebla de Don Fadrique;2010;Demandantes;Mujeres;De 16 a 29 años;11,49999998;
Puebla de Don Fadrique;2010;Demandantes;Mujeres;De 30 a 44 años;28,66666666;
Puebla de Don Fadrique;2010;Demandantes;Mujeres;De 45 a 64 años;24,66666665;
Puebla de Don Fadrique;2010;Demandantes;Mujeres;TOTAL;64,83333329;
Puebla de Don Fadrique;2010;Demandantes;Ambos sexos;De 16 a 29 años;30,91666664;
Puebla de Don Fadrique;2010;Demandantes;Ambos sexos;De 30 a 44 años;54,41666666;
Puebla de Don Fadrique;2010;Demandantes;Ambos sexos;De 45 a 64 años;47,08333332;
Puebla de Don Fadrique;2010;Demandantes;Ambos sexos;TOTAL;132,41666662;
Puebla de Don Fadrique;2011;Demandantes;Hombres;De 16 a 29 años;19,75;
Puebla de Don Fadrique;2011;Demandantes;Hombres;De 30 a 44 años;31,49999999;
Puebla de Don Fadrique;2011;Demandantes;Hombres;De 45 a 64 años;31,91666669;
Puebla de Don Fadrique;2011;Demandantes;Hombres;TOTAL;83,16666668;
Puebla de Don Fadrique;2011;Demandantes;Mujeres;De 16 a 29 años;16,16666666;
Puebla de Don Fadrique;2011;Demandantes;Mujeres;De 30 a 44 años;33,33333335;
Puebla de Don Fadrique;2011;Demandantes;Mujeres;De 45 a 64 años;25,50000001;
Puebla de Don Fadrique;2011;Demandantes;Mujeres;TOTAL;75,00000002;
Puebla de Don Fadrique;2011;Demandantes;Ambos sexos;De 16 a 29 años;35,91666666;
Puebla de Don Fadrique;2011;Demandantes;Ambos sexos;De 30 a 44 años;64,83333334;
Puebla de Don Fadrique;2011;Demandantes;Ambos sexos;De 45 a 64 años;57,4166667;
Puebla de Don Fadrique;2011;Demandantes;Ambos sexos;TOTAL;158,1666667;
Puebla de Don Fadrique;2012;Demandantes;Hombres;De 16 a 29 años;24,16666667;
Puebla de Don Fadrique;2012;Demandantes;Hombres;De 30 a 44 años;32,74999998;
Puebla de Don Fadrique;2012;Demandantes;Hombres;De 45 a 64 años;42,16666665;
Puebla de Don Fadrique;2012;Demandantes;Hombres;TOTAL;99,0833333;
Puebla de Don Fadrique;2012;Demandantes;Mujeres;De 16 a 29 años;21,16666667;
Puebla de Don Fadrique;2012;Demandantes;Mujeres;De 30 a 44 años;37,16666667;
Puebla de Don Fadrique;2012;Demandantes;Mujeres;De 45 a 64 años;31,16666668;
Puebla de Don Fadrique;2012;Demandantes;Mujeres;TOTAL;89,50000002;
Puebla de Don Fadrique;2012;Demandantes;Ambos sexos;De 16 a 29 años;45,33333334;
Puebla de Don Fadrique;2012;Demandantes;Ambos sexos;De 30 a 44 años;69,91666665;
Puebla de Don Fadrique;2012;Demandantes;Ambos sexos;De 45 a 64 años;73,33333333;
Puebla de Don Fadrique;2012;Demandantes;Ambos sexos;TOTAL;188,58333332;
Pulianas;2010;Demandantes;Hombres;De 16 a 29 años;99,74999999;
Pulianas;2010;Demandantes;Hombres;De 30 a 44 años;144,99999998;
Pulianas;2010;Demandantes;Hombres;De 45 a 64 años;105,16666667;
Pulianas;2010;Demandantes;Hombres;TOTAL;349,91666664;
Pulianas;2010;Demandantes;Mujeres;De 16 a 29 años;74,33333334;
Pulianas;2010;Demandantes;Mujeres;De 30 a 44 años;140,00000001;
Pulianas;2010;Demandantes;Mujeres;De 45 a 64 años;49,33333334;
Pulianas;2010;Demandantes;Mujeres;TOTAL;263,66666669;
Pulianas;2010;Demandantes;Ambos sexos;De 16 a 29 años;174,08333333;
Pulianas;2010;Demandantes;Ambos sexos;De 30 a 44 años;284,99999999;
Pulianas;2010;Demandantes;Ambos sexos;De 45 a 64 años;154,50000001;
Pulianas;2010;Demandantes;Ambos sexos;TOTAL;613,58333333;
Pulianas;2011;Demandantes;Hombres;De 16 a 29 años;110,91666668;
Pulianas;2011;Demandantes;Hombres;De 30 a 44 años;150;
Pulianas;2011;Demandantes;Hombres;De 45 a 64 años;125,99999999;
Pulianas;2011;Demandantes;Hombres;TOTAL;386,91666667;
Pulianas;2011;Demandantes;Mujeres;De 16 a 29 años;85,83333332;
Pulianas;2011;Demandantes;Mujeres;De 30 a 44 años;150,99999999;
Pulianas;2011;Demandantes;Mujeres;De 45 a 64 años;75,08333333;
Pulianas;2011;Demandantes;Mujeres;TOTAL;311,91666664;
Pulianas;2011;Demandantes;Ambos sexos;De 16 a 29 años;196,75;
Pulianas;2011;Demandantes;Ambos sexos;De 30 a 44 años;300,99999999;
Pulianas;2011;Demandantes;Ambos sexos;De 45 a 64 años;201,08333332;
Pulianas;2011;Demandantes;Ambos sexos;TOTAL;698,83333331;
Pulianas;2012;Demandantes;Hombres;De 16 a 29 años;117,41666667;
Pulianas;2012;Demandantes;Hombres;De 30 a 44 años;171,24999998;
Pulianas;2012;Demandantes;Hombres;De 45 a 64 años;154,66666666;
Pulianas;2012;Demandantes;Hombres;TOTAL;443,33333331;
Pulianas;2012;Demandantes;Mujeres;De 16 a 29 años;88,08333333;
Pulianas;2012;Demandantes;Mujeres;De 30 a 44 años;177,41666667;
Pulianas;2012;Demandantes;Mujeres;De 45 a 64 años;100,91666666;
Pulianas;2012;Demandantes;Mujeres;TOTAL;366,41666666;
Pulianas;2012;Demandantes;Ambos sexos;De 16 a 29 años;205,5;
Pulianas;2012;Demandantes;Ambos sexos;De 30 a 44 años;348,66666665;
Pulianas;2012;Demandantes;Ambos sexos;De 45 a 64 años;255,58333332;
Pulianas;2012;Demandantes;Ambos sexos;TOTAL;809,74999997;
Purullena;2010;Demandantes;Hombres;De 16 a 29 años;54,16666668;
Purullena;2010;Demandantes;Hombres;De 30 a 44 años;53;
Purullena;2010;Demandantes;Hombres;De 45 a 64 años;44,08333332;
Purullena;2010;Demandantes;Hombres;TOTAL;151,25;
Purullena;2010;Demandantes;Mujeres;De 16 a 29 años;38,16666667;
Purullena;2010;Demandantes;Mujeres;De 30 a 44 años;62,33333332;
Purullena;2010;Demandantes;Mujeres;De 45 a 64 años;23,83333333;
Purullena;2010;Demandantes;Mujeres;TOTAL;124,33333332;
Purullena;2010;Demandantes;Ambos sexos;De 16 a 29 años;92,33333335;
Purullena;2010;Demandantes;Ambos sexos;De 30 a 44 años;115,33333332;
Purullena;2010;Demandantes;Ambos sexos;De 45 a 64 años;67,91666665;
Purullena;2010;Demandantes;Ambos sexos;TOTAL;275,58333332;
Purullena;2011;Demandantes;Hombres;De 16 a 29 años;49,83333335;
Purullena;2011;Demandantes;Hombres;De 30 a 44 años;59,41666668;
Purullena;2011;Demandantes;Hombres;De 45 a 64 años;56;
Purullena;2011;Demandantes;Hombres;TOTAL;165,25000003;
Purullena;2011;Demandantes;Mujeres;De 16 a 29 años;47,66666666;
Purullena;2011;Demandantes;Mujeres;De 30 a 44 años;60,41666667;
Purullena;2011;Demandantes;Mujeres;De 45 a 64 años;26,33333334;
Purullena;2011;Demandantes;Mujeres;TOTAL;134,41666667;
Purullena;2011;Demandantes;Ambos sexos;De 16 a 29 años;97,50000001;
Purullena;2011;Demandantes;Ambos sexos;De 30 a 44 años;119,83333335;
Purullena;2011;Demandantes;Ambos sexos;De 45 a 64 años;82,33333334;
Purullena;2011;Demandantes;Ambos sexos;TOTAL;299,6666667;
Purullena;2012;Demandantes;Hombres;De 16 a 29 años;47,49999999;
Purullena;2012;Demandantes;Hombres;De 30 a 44 años;71,33333334;
Purullena;2012;Demandantes;Hombres;De 45 a 64 años;68,66666667;
Purullena;2012;Demandantes;Hombres;TOTAL;187,5;
Purullena;2012;Demandantes;Mujeres;De 16 a 29 años;54,83333332;
Purullena;2012;Demandantes;Mujeres;De 30 a 44 años;67,58333333;
Purullena;2012;Demandantes;Mujeres;De 45 a 64 años;36,16666666;
Purullena;2012;Demandantes;Mujeres;TOTAL;158,58333331;
Purullena;2012;Demandantes;Ambos sexos;De 16 a 29 años;102,33333331;
Purullena;2012;Demandantes;Ambos sexos;De 30 a 44 años;138,91666667;
Purullena;2012;Demandantes;Ambos sexos;De 45 a 64 años;104,83333333;
Purullena;2012;Demandantes;Ambos sexos;TOTAL;346,08333331;
Quéntar;2010;Demandantes;Hombres;De 16 a 29 años;19,49999999;
Quéntar;2010;Demandantes;Hombres;De 30 a 44 años;25,99999999;
Quéntar;2010;Demandantes;Hombres;De 45 a 64 años;19,58333333;
Quéntar;2010;Demandantes;Hombres;TOTAL;65,08333331;
Quéntar;2010;Demandantes;Mujeres;De 16 a 29 años;11,16666668;
Quéntar;2010;Demandantes;Mujeres;De 30 a 44 años;17,41666666;
Quéntar;2010;Demandantes;Mujeres;De 45 a 64 años;9,66666666;
Quéntar;2010;Demandantes;Mujeres;TOTAL;38,25;
Quéntar;2010;Demandantes;Ambos sexos;De 16 a 29 años;30,66666667;
Quéntar;2010;Demandantes;Ambos sexos;De 30 a 44 años;43,41666665;
Quéntar;2010;Demandantes;Ambos sexos;De 45 a 64 años;29,24999999;
Quéntar;2010;Demandantes;Ambos sexos;TOTAL;103,33333331;
Quéntar;2011;Demandantes;Hombres;De 16 a 29 años;23,83333333;
Quéntar;2011;Demandantes;Hombres;De 30 a 44 años;22,83333333;
Quéntar;2011;Demandantes;Hombres;De 45 a 64 años;22,91666667;
Quéntar;2011;Demandantes;Hombres;TOTAL;69,58333333;
Quéntar;2011;Demandantes;Mujeres;De 16 a 29 años;14,16666665;
Quéntar;2011;Demandantes;Mujeres;De 30 a 44 años;13,91666667;
Quéntar;2011;Demandantes;Mujeres;De 45 a 64 años;8,58333332;
Quéntar;2011;Demandantes;Mujeres;TOTAL;36,66666664;
Quéntar;2011;Demandantes;Ambos sexos;De 16 a 29 años;37,99999998;
Quéntar;2011;Demandantes;Ambos sexos;De 30 a 44 años;36,75;
Quéntar;2011;Demandantes;Ambos sexos;De 45 a 64 años;31,49999999;
Quéntar;2011;Demandantes;Ambos sexos;TOTAL;106,24999997;
Quéntar;2012;Demandantes;Hombres;De 16 a 29 años;26,50000001;
Quéntar;2012;Demandantes;Hombres;De 30 a 44 años;28,75000001;
Quéntar;2012;Demandantes;Hombres;De 45 a 64 años;26,16666667;
Quéntar;2012;Demandantes;Hombres;TOTAL;81,41666669;
Quéntar;2012;Demandantes;Mujeres;De 16 a 29 años;16,49999999;
Quéntar;2012;Demandantes;Mujeres;De 30 a 44 años;20,5;
Quéntar;2012;Demandantes;Mujeres;De 45 a 64 años;11,83333333;
Quéntar;2012;Demandantes;Mujeres;TOTAL;48,83333332;
Quéntar;2012;Demandantes;Ambos sexos;De 16 a 29 años;43;
Quéntar;2012;Demandantes;Ambos sexos;De 30 a 44 años;49,25000001;
Quéntar;2012;Demandantes;Ambos sexos;De 45 a 64 años;38;
Quéntar;2012;Demandantes;Ambos sexos;TOTAL;130,25000001;
Rubite;2010;Demandantes;Hombres;De 16 a 29 años;4,66666666;
Rubite;2010;Demandantes;Hombres;De 30 a 44 años;2,58333334;
Rubite;2010;Demandantes;Hombres;De 45 a 64 años;9,25;
Rubite;2010;Demandantes;Hombres;TOTAL;16,5;
Rubite;2010;Demandantes;Mujeres;De 16 a 29 años;1,08333334;
Rubite;2010;Demandantes;Mujeres;De 30 a 44 años;3,16666667;
Rubite;2010;Demandantes;Mujeres;De 45 a 64 años;5,08333333;
Rubite;2010;Demandantes;Mujeres;TOTAL;9,33333334;
Rubite;2010;Demandantes;Ambos sexos;De 16 a 29 años;5,75;
Rubite;2010;Demandantes;Ambos sexos;De 30 a 44 años;5,75000001;
Rubite;2010;Demandantes;Ambos sexos;De 45 a 64 años;14,33333333;
Rubite;2010;Demandantes;Ambos sexos;TOTAL;25,83333334;
Rubite;2011;Demandantes;Hombres;De 16 a 29 años;4,75000001;
Rubite;2011;Demandantes;Hombres;De 30 a 44 años;3,66666667;
Rubite;2011;Demandantes;Hombres;De 45 a 64 años;10,66666667;
Rubite;2011;Demandantes;Hombres;TOTAL;19,08333335;
Rubite;2011;Demandantes;Mujeres;De 16 a 29 años;1,58333333;
Rubite;2011;Demandantes;Mujeres;De 30 a 44 años;2,58333333;
Rubite;2011;Demandantes;Mujeres;De 45 a 64 años;7,16666666;
Rubite;2011;Demandantes;Mujeres;TOTAL;11,33333332;
Rubite;2011;Demandantes;Ambos sexos;De 16 a 29 años;6,33333334;
Rubite;2011;Demandantes;Ambos sexos;De 30 a 44 años;6,25;
Rubite;2011;Demandantes;Ambos sexos;De 45 a 64 años;17,83333333;
Rubite;2011;Demandantes;Ambos sexos;TOTAL;30,41666667;
Rubite;2012;Demandantes;Hombres;De 16 a 29 años;5,24999999;
Rubite;2012;Demandantes;Hombres;De 30 a 44 años;5,91666667;
Rubite;2012;Demandantes;Hombres;De 45 a 64 años;13,83333334;
Rubite;2012;Demandantes;Hombres;TOTAL;25;
Rubite;2012;Demandantes;Mujeres;De 16 a 29 años;4;
Rubite;2012;Demandantes;Mujeres;De 30 a 44 años;5,08333334;
Rubite;2012;Demandantes;Mujeres;De 45 a 64 años;9,08333334;
Rubite;2012;Demandantes;Mujeres;TOTAL;18,16666668;
Rubite;2012;Demandantes;Ambos sexos;De 16 a 29 años;9,24999999;
Rubite;2012;Demandantes;Ambos sexos;De 30 a 44 años;11,00000001;
Rubite;2012;Demandantes;Ambos sexos;De 45 a 64 años;22,91666668;
Rubite;2012;Demandantes;Ambos sexos;TOTAL;43,16666668;
Salar;2010;Demandantes;Hombres;De 16 a 29 años;36,83333333;
Salar;2010;Demandantes;Hombres;De 30 a 44 años;64,5;
Salar;2010;Demandantes;Hombres;De 45 a 64 años;44,16666665;
Salar;2010;Demandantes;Hombres;TOTAL;145,49999998;
Salar;2010;Demandantes;Mujeres;De 16 a 29 años;21,41666669;
Salar;2010;Demandantes;Mujeres;De 30 a 44 años;25,49999999;
Salar;2010;Demandantes;Mujeres;De 45 a 64 años;6,41666666;
Salar;2010;Demandantes;Mujeres;TOTAL;53,33333334;
Salar;2010;Demandantes;Ambos sexos;De 16 a 29 años;58,25000002;
Salar;2010;Demandantes;Ambos sexos;De 30 a 44 años;89,99999999;
Salar;2010;Demandantes;Ambos sexos;De 45 a 64 años;50,58333331;
Salar;2010;Demandantes;Ambos sexos;TOTAL;198,83333332;
Salar;2011;Demandantes;Hombres;De 16 a 29 años;35,91666667;
Salar;2011;Demandantes;Hombres;De 30 a 44 años;65,41666666;
Salar;2011;Demandantes;Hombres;De 45 a 64 años;44,83333334;
Salar;2011;Demandantes;Hombres;TOTAL;146,16666667;
Salar;2011;Demandantes;Mujeres;De 16 a 29 años;24,58333334;
Salar;2011;Demandantes;Mujeres;De 30 a 44 años;25,41666666;
Salar;2011;Demandantes;Mujeres;De 45 a 64 años;7,50000001;
Salar;2011;Demandantes;Mujeres;TOTAL;57,50000001;
Salar;2011;Demandantes;Ambos sexos;De 16 a 29 años;60,50000001;
Salar;2011;Demandantes;Ambos sexos;De 30 a 44 años;90,83333332;
Salar;2011;Demandantes;Ambos sexos;De 45 a 64 años;52,33333335;
Salar;2011;Demandantes;Ambos sexos;TOTAL;203,66666668;
Salar;2012;Demandantes;Hombres;De 16 a 29 años;35,08333334;
Salar;2012;Demandantes;Hombres;De 30 a 44 años;68,83333333;
Salar;2012;Demandantes;Hombres;De 45 a 64 años;54,58333332;
Salar;2012;Demandantes;Hombres;TOTAL;158,49999999;
Salar;2012;Demandantes;Mujeres;De 16 a 29 años;26,00000002;
Salar;2012;Demandantes;Mujeres;De 30 a 44 años;31,91666667;
Salar;2012;Demandantes;Mujeres;De 45 a 64 años;9,41666667;
Salar;2012;Demandantes;Mujeres;TOTAL;67,33333336;
Salar;2012;Demandantes;Ambos sexos;De 16 a 29 años;61,08333336;
Salar;2012;Demandantes;Ambos sexos;De 30 a 44 años;100,75;
Salar;2012;Demandantes;Ambos sexos;De 45 a 64 años;63,99999999;
Salar;2012;Demandantes;Ambos sexos;TOTAL;225,83333335;
Salobreña;2010;Demandantes;Hombres;De 16 a 29 años;193,25;
Salobreña;2010;Demandantes;Hombres;De 30 a 44 años;346,49999999;
Salobreña;2010;Demandantes;Hombres;De 45 a 64 años;273,41666668;
Salobreña;2010;Demandantes;Hombres;TOTAL;813,16666667;
Salobreña;2010;Demandantes;Mujeres;De 16 a 29 años;139,16666668;
Salobreña;2010;Demandantes;Mujeres;De 30 a 44 años;267,66666667;
Salobreña;2010;Demandantes;Mujeres;De 45 a 64 años;167,66666665;
Salobreña;2010;Demandantes;Mujeres;TOTAL;574,5;
Salobreña;2010;Demandantes;Ambos sexos;De 16 a 29 años;332,41666668;
Salobreña;2010;Demandantes;Ambos sexos;De 30 a 44 años;614,16666666;
Salobreña;2010;Demandantes;Ambos sexos;De 45 a 64 años;441,08333333;
Salobreña;2010;Demandantes;Ambos sexos;TOTAL;1387,66666667;
Salobreña;2011;Demandantes;Hombres;De 16 a 29 años;185,41666669;
Salobreña;2011;Demandantes;Hombres;De 30 a 44 años;334,41666665;
Salobreña;2011;Demandantes;Hombres;De 45 a 64 años;310,66666665;
Salobreña;2011;Demandantes;Hombres;TOTAL;830,49999999;
Salobreña;2011;Demandantes;Mujeres;De 16 a 29 años;142,74999999;
Salobreña;2011;Demandantes;Mujeres;De 30 a 44 años;266,33333331;
Salobreña;2011;Demandantes;Mujeres;De 45 a 64 años;216,41666667;
Salobreña;2011;Demandantes;Mujeres;TOTAL;625,49999997;
Salobreña;2011;Demandantes;Ambos sexos;De 16 a 29 años;328,16666668;
Salobreña;2011;Demandantes;Ambos sexos;De 30 a 44 años;600,74999996;
Salobreña;2011;Demandantes;Ambos sexos;De 45 a 64 años;527,08333332;
Salobreña;2011;Demandantes;Ambos sexos;TOTAL;1455,99999996;
Salobreña;2012;Demandantes;Hombres;De 16 a 29 años;164,58333336;
Salobreña;2012;Demandantes;Hombres;De 30 a 44 años;347,41666668;
Salobreña;2012;Demandantes;Hombres;De 45 a 64 años;349,66666668;
Salobreña;2012;Demandantes;Hombres;TOTAL;861,66666672;
Salobreña;2012;Demandantes;Mujeres;De 16 a 29 años;158,58333332;
Salobreña;2012;Demandantes;Mujeres;De 30 a 44 años;285,75000002;
Salobreña;2012;Demandantes;Mujeres;De 45 a 64 años;273,00000003;
Salobreña;2012;Demandantes;Mujeres;TOTAL;717,33333337;
Salobreña;2012;Demandantes;Ambos sexos;De 16 a 29 años;323,16666668;
Salobreña;2012;Demandantes;Ambos sexos;De 30 a 44 años;633,1666667;
Salobreña;2012;Demandantes;Ambos sexos;De 45 a 64 años;622,66666671;
Salobreña;2012;Demandantes;Ambos sexos;TOTAL;1579,00000009;
Santa Cruz del Comercio;2010;Demandantes;Hombres;De 16 a 29 años;9,00000001;
Santa Cruz del Comercio;2010;Demandantes;Hombres;De 30 a 44 años;9,58333334;
Santa Cruz del Comercio;2010;Demandantes;Hombres;De 45 a 64 años;4,66666667;
Santa Cruz del Comercio;2010;Demandantes;Hombres;TOTAL;23,25000002;
Santa Cruz del Comercio;2010;Demandantes;Mujeres;De 16 a 29 años;5,5;
Santa Cruz del Comercio;2010;Demandantes;Mujeres;De 30 a 44 años;9,58333333;
Santa Cruz del Comercio;2010;Demandantes;Mujeres;De 45 a 64 años;4,41666667;
Santa Cruz del Comercio;2010;Demandantes;Mujeres;TOTAL;19,5;
Santa Cruz del Comercio;2010;Demandantes;Ambos sexos;De 16 a 29 años;14,50000001;
Santa Cruz del Comercio;2010;Demandantes;Ambos sexos;De 30 a 44 años;19,16666667;
Santa Cruz del Comercio;2010;Demandantes;Ambos sexos;De 45 a 64 años;9,08333334;
Santa Cruz del Comercio;2010;Demandantes;Ambos sexos;TOTAL;42,75000002;
Santa Cruz del Comercio;2011;Demandantes;Hombres;De 16 a 29 años;6,41666667;
Santa Cruz del Comercio;2011;Demandantes;Hombres;De 30 a 44 años;9,25;
Santa Cruz del Comercio;2011;Demandantes;Hombres;De 45 a 64 años;5,66666667;
Santa Cruz del Comercio;2011;Demandantes;Hombres;TOTAL;21,33333334;
Santa Cruz del Comercio;2011;Demandantes;Mujeres;De 16 a 29 años;6,91666666;
Santa Cruz del Comercio;2011;Demandantes;Mujeres;De 30 a 44 años;7,83333333;
Santa Cruz del Comercio;2011;Demandantes;Mujeres;De 45 a 64 años;4,5;
Santa Cruz del Comercio;2011;Demandantes;Mujeres;TOTAL;19,24999999;
Santa Cruz del Comercio;2011;Demandantes;Ambos sexos;De 16 a 29 años;13,33333333;
Santa Cruz del Comercio;2011;Demandantes;Ambos sexos;De 30 a 44 años;17,08333333;
Santa Cruz del Comercio;2011;Demandantes;Ambos sexos;De 45 a 64 años;10,16666667;
Santa Cruz del Comercio;2011;Demandantes;Ambos sexos;TOTAL;40,58333333;
Santa Cruz del Comercio;2012;Demandantes;Hombres;De 16 a 29 años;5,74999999;
Santa Cruz del Comercio;2012;Demandantes;Hombres;De 30 a 44 años;9,41666666;
Santa Cruz del Comercio;2012;Demandantes;Hombres;De 45 a 64 años;10,08333334;
Santa Cruz del Comercio;2012;Demandantes;Hombres;TOTAL;25,24999999;
Santa Cruz del Comercio;2012;Demandantes;Mujeres;De 16 a 29 años;7,58333333;
Santa Cruz del Comercio;2012;Demandantes;Mujeres;De 30 a 44 años;7,25;
Santa Cruz del Comercio;2012;Demandantes;Mujeres;De 45 a 64 años;4,83333333;
Santa Cruz del Comercio;2012;Demandantes;Mujeres;TOTAL;19,66666666;
Santa Cruz del Comercio;2012;Demandantes;Ambos sexos;De 16 a 29 años;13,33333332;
Santa Cruz del Comercio;2012;Demandantes;Ambos sexos;De 30 a 44 años;16,66666666;
Santa Cruz del Comercio;2012;Demandantes;Ambos sexos;De 45 a 64 años;14,91666667;
Santa Cruz del Comercio;2012;Demandantes;Ambos sexos;TOTAL;44,91666665;
Santa Fe;2010;Demandantes;Hombres;De 16 a 29 años;238,33333336;
Santa Fe;2010;Demandantes;Hombres;De 30 a 44 años;360,49999998;
Santa Fe;2010;Demandantes;Hombres;De 45 a 64 años;277,41666667;
Santa Fe;2010;Demandantes;Hombres;TOTAL;876,25000001;
Santa Fe;2010;Demandantes;Mujeres;De 16 a 29 años;173;
Santa Fe;2010;Demandantes;Mujeres;De 30 a 44 años;358,49999998;
Santa Fe;2010;Demandantes;Mujeres;De 45 a 64 años;167,16666667;
Santa Fe;2010;Demandantes;Mujeres;TOTAL;698,66666665;
Santa Fe;2010;Demandantes;Ambos sexos;De 16 a 29 años;411,33333336;
Santa Fe;2010;Demandantes;Ambos sexos;De 30 a 44 años;718,99999996;
Santa Fe;2010;Demandantes;Ambos sexos;De 45 a 64 años;444,58333334;
Santa Fe;2010;Demandantes;Ambos sexos;TOTAL;1574,91666666;
Santa Fe;2011;Demandantes;Hombres;De 16 a 29 años;236,08333333;
Santa Fe;2011;Demandantes;Hombres;De 30 a 44 años;377,25;
Santa Fe;2011;Demandantes;Hombres;De 45 a 64 años;310,91666663;
Santa Fe;2011;Demandantes;Hombres;TOTAL;924,24999996;
Santa Fe;2011;Demandantes;Mujeres;De 16 a 29 años;227,25000002;
Santa Fe;2011;Demandantes;Mujeres;De 30 a 44 años;394,24999998;
Santa Fe;2011;Demandantes;Mujeres;De 45 a 64 años;203,75000002;
Santa Fe;2011;Demandantes;Mujeres;TOTAL;825,25000002;
Santa Fe;2011;Demandantes;Ambos sexos;De 16 a 29 años;463,33333335;
Santa Fe;2011;Demandantes;Ambos sexos;De 30 a 44 años;771,49999998;
Santa Fe;2011;Demandantes;Ambos sexos;De 45 a 64 años;514,66666665;
Santa Fe;2011;Demandantes;Ambos sexos;TOTAL;1749,49999998;
Santa Fe;2012;Demandantes;Hombres;De 16 a 29 años;258,16666665;
Santa Fe;2012;Demandantes;Hombres;De 30 a 44 años;409,66666668;
Santa Fe;2012;Demandantes;Hombres;De 45 a 64 años;400,58333332;
Santa Fe;2012;Demandantes;Hombres;TOTAL;1068,41666665;
Santa Fe;2012;Demandantes;Mujeres;De 16 a 29 años;242,91666663;
Santa Fe;2012;Demandantes;Mujeres;De 30 a 44 años;446,16666668;
Santa Fe;2012;Demandantes;Mujeres;De 45 a 64 años;264,41666666;
Santa Fe;2012;Demandantes;Mujeres;TOTAL;953,49999997;
Santa Fe;2012;Demandantes;Ambos sexos;De 16 a 29 años;501,08333328;
Santa Fe;2012;Demandantes;Ambos sexos;De 30 a 44 años;855,83333336;
Santa Fe;2012;Demandantes;Ambos sexos;De 45 a 64 años;664,99999998;
Santa Fe;2012;Demandantes;Ambos sexos;TOTAL;2021,91666662;
Soportújar;2010;Demandantes;Hombres;De 16 a 29 años;1,91666666;
Soportújar;2010;Demandantes;Hombres;De 30 a 44 años;2,83333334;
Soportújar;2010;Demandantes;Hombres;De 45 a 64 años;5,66666667;
Soportújar;2010;Demandantes;Hombres;TOTAL;10,41666667;
Soportújar;2010;Demandantes;Mujeres;De 16 a 29 años;0,5;
Soportújar;2010;Demandantes;Mujeres;De 30 a 44 años;4,66666667;
Soportújar;2010;Demandantes;Mujeres;De 45 a 64 años;7,50000001;
Soportújar;2010;Demandantes;Mujeres;TOTAL;12,66666668;
Soportújar;2010;Demandantes;Ambos sexos;De 16 a 29 años;2,41666666;
Soportújar;2010;Demandantes;Ambos sexos;De 30 a 44 años;7,50000001;
Soportújar;2010;Demandantes;Ambos sexos;De 45 a 64 años;13,16666668;
Soportújar;2010;Demandantes;Ambos sexos;TOTAL;23,08333335;
Soportújar;2011;Demandantes;Hombres;De 16 a 29 años;3,74999999;
Soportújar;2011;Demandantes;Hombres;De 30 a 44 años;1,58333333;
Soportújar;2011;Demandantes;Hombres;De 45 a 64 años;4,74999999;
Soportújar;2011;Demandantes;Hombres;TOTAL;10,08333331;
Soportújar;2011;Demandantes;Mujeres;De 16 a 29 años;1,08333333;
Soportújar;2011;Demandantes;Mujeres;De 30 a 44 años;4,83333333;
Soportújar;2011;Demandantes;Mujeres;De 45 a 64 años;5,91666667;
Soportújar;2011;Demandantes;Mujeres;TOTAL;11,83333333;
Soportújar;2011;Demandantes;Ambos sexos;De 16 a 29 años;4,83333332;
Soportújar;2011;Demandantes;Ambos sexos;De 30 a 44 años;6,41666666;
Soportújar;2011;Demandantes;Ambos sexos;De 45 a 64 años;10,66666666;
Soportújar;2011;Demandantes;Ambos sexos;TOTAL;21,91666664;
Soportújar;2012;Demandantes;Hombres;De 16 a 29 años;4,99999999;
Soportújar;2012;Demandantes;Hombres;De 30 a 44 años;3,75000001;
Soportújar;2012;Demandantes;Hombres;De 45 a 64 años;7,08333333;
Soportújar;2012;Demandantes;Hombres;TOTAL;15,83333333;
Soportújar;2012;Demandantes;Mujeres;De 16 a 29 años;0,66666667;
Soportújar;2012;Demandantes;Mujeres;De 30 a 44 años;6,08333334;
Soportújar;2012;Demandantes;Mujeres;De 45 a 64 años;3,58333334;
Soportújar;2012;Demandantes;Mujeres;TOTAL;10,33333335;
Soportújar;2012;Demandantes;Ambos sexos;De 16 a 29 años;5,66666666;
Soportújar;2012;Demandantes;Ambos sexos;De 30 a 44 años;9,83333335;
Soportújar;2012;Demandantes;Ambos sexos;De 45 a 64 años;10,66666667;
Soportújar;2012;Demandantes;Ambos sexos;TOTAL;26,16666668;
Sorvilán;2010;Demandantes;Hombres;De 16 a 29 años;8,16666667;
Sorvilán;2010;Demandantes;Hombres;De 30 a 44 años;4,66666666;
Sorvilán;2010;Demandantes;Hombres;De 45 a 64 años;2,16666667;
Sorvilán;2010;Demandantes;Hombres;TOTAL;15;
Sorvilán;2010;Demandantes;Mujeres;De 16 a 29 años;3,49999999;
Sorvilán;2010;Demandantes;Mujeres;De 30 a 44 años;5,83333334;
Sorvilán;2010;Demandantes;Mujeres;De 45 a 64 años;2,75;
Sorvilán;2010;Demandantes;Mujeres;TOTAL;12,08333333;
Sorvilán;2010;Demandantes;Ambos sexos;De 16 a 29 años;11,66666666;
Sorvilán;2010;Demandantes;Ambos sexos;De 30 a 44 años;10,5;
Sorvilán;2010;Demandantes;Ambos sexos;De 45 a 64 años;4,91666667;
Sorvilán;2010;Demandantes;Ambos sexos;TOTAL;27,08333333;
Sorvilán;2011;Demandantes;Hombres;De 16 a 29 años;5,33333334;
Sorvilán;2011;Demandantes;Hombres;De 30 a 44 años;4,83333334;
Sorvilán;2011;Demandantes;Hombres;De 45 a 64 años;4,33333334;
Sorvilán;2011;Demandantes;Hombres;TOTAL;14,50000002;
Sorvilán;2011;Demandantes;Mujeres;De 16 a 29 años;2,75;
Sorvilán;2011;Demandantes;Mujeres;De 30 a 44 años;6,33333333;
Sorvilán;2011;Demandantes;Mujeres;De 45 a 64 años;2,25;
Sorvilán;2011;Demandantes;Mujeres;TOTAL;11,33333333;
Sorvilán;2011;Demandantes;Ambos sexos;De 16 a 29 años;8,08333334;
Sorvilán;2011;Demandantes;Ambos sexos;De 30 a 44 años;11,16666667;
Sorvilán;2011;Demandantes;Ambos sexos;De 45 a 64 años;6,58333334;
Sorvilán;2011;Demandantes;Ambos sexos;TOTAL;25,83333335;
Sorvilán;2012;Demandantes;Hombres;De 16 a 29 años;5,91666668;
Sorvilán;2012;Demandantes;Hombres;De 30 a 44 años;6,58333334;
Sorvilán;2012;Demandantes;Hombres;De 45 a 64 años;8,08333333;
Sorvilán;2012;Demandantes;Hombres;TOTAL;20,58333335;
Sorvilán;2012;Demandantes;Mujeres;De 16 a 29 años;2,25;
Sorvilán;2012;Demandantes;Mujeres;De 30 a 44 años;7,25000001;
Sorvilán;2012;Demandantes;Mujeres;De 45 a 64 años;1,83333333;
Sorvilán;2012;Demandantes;Mujeres;TOTAL;11,33333334;
Sorvilán;2012;Demandantes;Ambos sexos;De 16 a 29 años;8,16666668;
Sorvilán;2012;Demandantes;Ambos sexos;De 30 a 44 años;13,83333335;
Sorvilán;2012;Demandantes;Ambos sexos;De 45 a 64 años;9,91666666;
Sorvilán;2012;Demandantes;Ambos sexos;TOTAL;31,91666669;
Torre-Cardela;2010;Demandantes;Hombres;De 16 a 29 años;6,66666667;
Torre-Cardela;2010;Demandantes;Hombres;De 30 a 44 años;5,83333333;
Torre-Cardela;2010;Demandantes;Hombres;De 45 a 64 años;10,5;
Torre-Cardela;2010;Demandantes;Hombres;TOTAL;23;
Torre-Cardela;2010;Demandantes;Mujeres;De 16 a 29 años;5,25;
Torre-Cardela;2010;Demandantes;Mujeres;De 30 a 44 años;3,75;
Torre-Cardela;2010;Demandantes;Mujeres;De 45 a 64 años;5,16666667;
Torre-Cardela;2010;Demandantes;Mujeres;TOTAL;14,16666667;
Torre-Cardela;2010;Demandantes;Ambos sexos;De 16 a 29 años;11,91666667;
Torre-Cardela;2010;Demandantes;Ambos sexos;De 30 a 44 años;9,58333333;
Torre-Cardela;2010;Demandantes;Ambos sexos;De 45 a 64 años;15,66666667;
Torre-Cardela;2010;Demandantes;Ambos sexos;TOTAL;37,16666667;
Torre-Cardela;2011;Demandantes;Hombres;De 16 a 29 años;5,91666667;
Torre-Cardela;2011;Demandantes;Hombres;De 30 a 44 años;11,33333333;
Torre-Cardela;2011;Demandantes;Hombres;De 45 a 64 años;12,49999999;
Torre-Cardela;2011;Demandantes;Hombres;TOTAL;29,74999999;
Torre-Cardela;2011;Demandantes;Mujeres;De 16 a 29 años;7,91666667;
Torre-Cardela;2011;Demandantes;Mujeres;De 30 a 44 años;5,08333334;
Torre-Cardela;2011;Demandantes;Mujeres;De 45 a 64 años;5,74999999;
Torre-Cardela;2011;Demandantes;Mujeres;TOTAL;18,75;
Torre-Cardela;2011;Demandantes;Ambos sexos;De 16 a 29 años;13,83333334;
Torre-Cardela;2011;Demandantes;Ambos sexos;De 30 a 44 años;16,41666667;
Torre-Cardela;2011;Demandantes;Ambos sexos;De 45 a 64 años;18,24999998;
Torre-Cardela;2011;Demandantes;Ambos sexos;TOTAL;48,49999999;
Torre-Cardela;2012;Demandantes;Hombres;De 16 a 29 años;5,91666665;
Torre-Cardela;2012;Demandantes;Hombres;De 30 a 44 años;9,41666667;
Torre-Cardela;2012;Demandantes;Hombres;De 45 a 64 años;10,75000001;
Torre-Cardela;2012;Demandantes;Hombres;TOTAL;26,08333333;
Torre-Cardela;2012;Demandantes;Mujeres;De 16 a 29 años;6,41666667;
Torre-Cardela;2012;Demandantes;Mujeres;De 30 a 44 años;4,33333334;
Torre-Cardela;2012;Demandantes;Mujeres;De 45 a 64 años;5,58333333;
Torre-Cardela;2012;Demandantes;Mujeres;TOTAL;16,33333334;
Torre-Cardela;2012;Demandantes;Ambos sexos;De 16 a 29 años;12,33333332;
Torre-Cardela;2012;Demandantes;Ambos sexos;De 30 a 44 años;13,75000001;
Torre-Cardela;2012;Demandantes;Ambos sexos;De 45 a 64 años;16,33333334;
Torre-Cardela;2012;Demandantes;Ambos sexos;TOTAL;42,41666667;
Torvizcón;2010;Demandantes;Hombres;De 16 a 29 años;11,83333332;
Torvizcón;2010;Demandantes;Hombres;De 30 a 44 años;9,99999999;
Torvizcón;2010;Demandantes;Hombres;De 45 a 64 años;9,83333334;
Torvizcón;2010;Demandantes;Hombres;TOTAL;31,66666665;
Torvizcón;2010;Demandantes;Mujeres;De 16 a 29 años;11,83333334;
Torvizcón;2010;Demandantes;Mujeres;De 30 a 44 años;3,25;
Torvizcón;2010;Demandantes;Mujeres;De 45 a 64 años;3,49999999;
Torvizcón;2010;Demandantes;Mujeres;TOTAL;18,58333333;
Torvizcón;2010;Demandantes;Ambos sexos;De 16 a 29 años;23,66666666;
Torvizcón;2010;Demandantes;Ambos sexos;De 30 a 44 años;13,24999999;
Torvizcón;2010;Demandantes;Ambos sexos;De 45 a 64 años;13,33333333;
Torvizcón;2010;Demandantes;Ambos sexos;TOTAL;50,24999998;
Torvizcón;2011;Demandantes;Hombres;De 16 a 29 años;9,74999999;
Torvizcón;2011;Demandantes;Hombres;De 30 a 44 años;10,33333334;
Torvizcón;2011;Demandantes;Hombres;De 45 a 64 años;9,66666666;
Torvizcón;2011;Demandantes;Hombres;TOTAL;29,74999999;
Torvizcón;2011;Demandantes;Mujeres;De 16 a 29 años;9,33333333;
Torvizcón;2011;Demandantes;Mujeres;De 30 a 44 años;5,75000001;
Torvizcón;2011;Demandantes;Mujeres;De 45 a 64 años;5,08333334;
Torvizcón;2011;Demandantes;Mujeres;TOTAL;20,16666668;
Torvizcón;2011;Demandantes;Ambos sexos;De 16 a 29 años;19,08333332;
Torvizcón;2011;Demandantes;Ambos sexos;De 30 a 44 años;16,08333335;
Torvizcón;2011;Demandantes;Ambos sexos;De 45 a 64 años;14,75;
Torvizcón;2011;Demandantes;Ambos sexos;TOTAL;49,91666667;
Torvizcón;2012;Demandantes;Hombres;De 16 a 29 años;12,5;
Torvizcón;2012;Demandantes;Hombres;De 30 a 44 años;14,08333335;
Torvizcón;2012;Demandantes;Hombres;De 45 a 64 años;17,16666666;
Torvizcón;2012;Demandantes;Hombres;TOTAL;43,75000001;
Torvizcón;2012;Demandantes;Mujeres;De 16 a 29 años;7,91666667;
Torvizcón;2012;Demandantes;Mujeres;De 30 a 44 años;9,75;
Torvizcón;2012;Demandantes;Mujeres;De 45 a 64 años;2,99999999;
Torvizcón;2012;Demandantes;Mujeres;TOTAL;20,66666666;
Torvizcón;2012;Demandantes;Ambos sexos;De 16 a 29 años;20,41666667;
Torvizcón;2012;Demandantes;Ambos sexos;De 30 a 44 años;23,83333335;
Torvizcón;2012;Demandantes;Ambos sexos;De 45 a 64 años;20,16666665;
Torvizcón;2012;Demandantes;Ambos sexos;TOTAL;64,41666667;
Trevélez;2010;Demandantes;Hombres;De 16 a 29 años;2,16666667;
Trevélez;2010;Demandantes;Hombres;De 30 a 44 años;8;
Trevélez;2010;Demandantes;Hombres;De 45 a 64 años;18,83333334;
Trevélez;2010;Demandantes;Hombres;TOTAL;29,00000001;
Trevélez;2010;Demandantes;Mujeres;De 16 a 29 años;8,08333334;
Trevélez;2010;Demandantes;Mujeres;De 30 a 44 años;14,83333333;
Trevélez;2010;Demandantes;Mujeres;De 45 a 64 años;5,75;
Trevélez;2010;Demandantes;Mujeres;TOTAL;28,66666667;
Trevélez;2010;Demandantes;Ambos sexos;De 16 a 29 años;10,25000001;
Trevélez;2010;Demandantes;Ambos sexos;De 30 a 44 años;22,83333333;
Trevélez;2010;Demandantes;Ambos sexos;De 45 a 64 años;24,58333334;
Trevélez;2010;Demandantes;Ambos sexos;TOTAL;57,66666668;
Trevélez;2011;Demandantes;Hombres;De 16 a 29 años;2,08333333;
Trevélez;2011;Demandantes;Hombres;De 30 a 44 años;6,91666666;
Trevélez;2011;Demandantes;Hombres;De 45 a 64 años;19,25;
Trevélez;2011;Demandantes;Hombres;TOTAL;28,24999999;
Trevélez;2011;Demandantes;Mujeres;De 16 a 29 años;7,41666667;
Trevélez;2011;Demandantes;Mujeres;De 30 a 44 años;10,58333333;
Trevélez;2011;Demandantes;Mujeres;De 45 a 64 años;8,08333334;
Trevélez;2011;Demandantes;Mujeres;TOTAL;26,08333334;
Trevélez;2011;Demandantes;Ambos sexos;De 16 a 29 años;9,5;
Trevélez;2011;Demandantes;Ambos sexos;De 30 a 44 años;17,49999999;
Trevélez;2011;Demandantes;Ambos sexos;De 45 a 64 años;27,33333334;
Trevélez;2011;Demandantes;Ambos sexos;TOTAL;54,33333333;
Trevélez;2012;Demandantes;Hombres;De 16 a 29 años;5,83333334;
Trevélez;2012;Demandantes;Hombres;De 30 a 44 años;9,16666666;
Trevélez;2012;Demandantes;Hombres;De 45 a 64 años;19,91666668;
Trevélez;2012;Demandantes;Hombres;TOTAL;34,91666668;
Trevélez;2012;Demandantes;Mujeres;De 16 a 29 años;6,75000001;
Trevélez;2012;Demandantes;Mujeres;De 30 a 44 años;15;
Trevélez;2012;Demandantes;Mujeres;De 45 a 64 años;12,16666667;
Trevélez;2012;Demandantes;Mujeres;TOTAL;33,91666668;
Trevélez;2012;Demandantes;Ambos sexos;De 16 a 29 años;12,58333335;
Trevélez;2012;Demandantes;Ambos sexos;De 30 a 44 años;24,16666666;
Trevélez;2012;Demandantes;Ambos sexos;De 45 a 64 años;32,08333335;
Trevélez;2012;Demandantes;Ambos sexos;TOTAL;68,83333336;
Turón;2010;Demandantes;Hombres;De 16 a 29 años;2,41666667;
Turón;2010;Demandantes;Hombres;De 30 a 44 años;5,33333333;
Turón;2010;Demandantes;Hombres;De 45 a 64 años;7,33333333;
Turón;2010;Demandantes;Hombres;TOTAL;15,08333333;
Turón;2010;Demandantes;Mujeres;De 16 a 29 años;0,08333333;
Turón;2010;Demandantes;Mujeres;De 30 a 44 años;3,58333334;
Turón;2010;Demandantes;Mujeres;De 45 a 64 años;1;
Turón;2010;Demandantes;Mujeres;TOTAL;4,66666667;
Turón;2010;Demandantes;Ambos sexos;De 16 a 29 años;2,5;
Turón;2010;Demandantes;Ambos sexos;De 30 a 44 años;8,91666667;
Turón;2010;Demandantes;Ambos sexos;De 45 a 64 años;8,33333333;
Turón;2010;Demandantes;Ambos sexos;TOTAL;19,75;
Turón;2011;Demandantes;Hombres;De 16 a 29 años;4,24999999;
Turón;2011;Demandantes;Hombres;De 30 a 44 años;3,25;
Turón;2011;Demandantes;Hombres;De 45 a 64 años;5,25;
Turón;2011;Demandantes;Hombres;TOTAL;12,74999999;
Turón;2011;Demandantes;Mujeres;De 16 a 29 años;0,5;
Turón;2011;Demandantes;Mujeres;De 30 a 44 años;2,41666666;
Turón;2011;Demandantes;Mujeres;De 45 a 64 años;1;
Turón;2011;Demandantes;Mujeres;TOTAL;3,91666666;
Turón;2011;Demandantes;Ambos sexos;De 16 a 29 años;4,74999999;
Turón;2011;Demandantes;Ambos sexos;De 30 a 44 años;5,66666666;
Turón;2011;Demandantes;Ambos sexos;De 45 a 64 años;6,25;
Turón;2011;Demandantes;Ambos sexos;TOTAL;16,66666665;
Turón;2012;Demandantes;Hombres;De 16 a 29 años;2,83333333;
Turón;2012;Demandantes;Hombres;De 30 a 44 años;1,58333333;
Turón;2012;Demandantes;Hombres;De 45 a 64 años;4,49999999;
Turón;2012;Demandantes;Hombres;TOTAL;8,91666665;
Turón;2012;Demandantes;Mujeres;De 16 a 29 años;0,83333332;
Turón;2012;Demandantes;Mujeres;De 30 a 44 años;1,66666666;
Turón;2012;Demandantes;Mujeres;De 45 a 64 años;1,08333333;
Turón;2012;Demandantes;Mujeres;TOTAL;3,58333331;
Turón;2012;Demandantes;Ambos sexos;De 16 a 29 años;3,66666665;
Turón;2012;Demandantes;Ambos sexos;De 30 a 44 años;3,24999999;
Turón;2012;Demandantes;Ambos sexos;De 45 a 64 años;5,58333332;
Turón;2012;Demandantes;Ambos sexos;TOTAL;12,49999996;
Ugíjar;2010;Demandantes;Hombres;De 16 a 29 años;29,5;
Ugíjar;2010;Demandantes;Hombres;De 30 a 44 años;49,16666665;
Ugíjar;2010;Demandantes;Hombres;De 45 a 64 años;40,33333333;
Ugíjar;2010;Demandantes;Hombres;TOTAL;118,99999998;
Ugíjar;2010;Demandantes;Mujeres;De 16 a 29 años;27,41666665;
Ugíjar;2010;Demandantes;Mujeres;De 30 a 44 años;46,66666668;
Ugíjar;2010;Demandantes;Mujeres;De 45 a 64 años;24,49999999;
Ugíjar;2010;Demandantes;Mujeres;TOTAL;98,58333332;
Ugíjar;2010;Demandantes;Ambos sexos;De 16 a 29 años;56,91666665;
Ugíjar;2010;Demandantes;Ambos sexos;De 30 a 44 años;95,83333333;
Ugíjar;2010;Demandantes;Ambos sexos;De 45 a 64 años;64,83333332;
Ugíjar;2010;Demandantes;Ambos sexos;TOTAL;217,5833333;
Ugíjar;2011;Demandantes;Hombres;De 16 a 29 años;25,91666668;
Ugíjar;2011;Demandantes;Hombres;De 30 a 44 años;53,74999998;
Ugíjar;2011;Demandantes;Hombres;De 45 a 64 años;51,91666667;
Ugíjar;2011;Demandantes;Hombres;TOTAL;131,58333333;
Ugíjar;2011;Demandantes;Mujeres;De 16 a 29 años;30,25;
Ugíjar;2011;Demandantes;Mujeres;De 30 a 44 años;41,83333332;
Ugíjar;2011;Demandantes;Mujeres;De 45 a 64 años;28,50000001;
Ugíjar;2011;Demandantes;Mujeres;TOTAL;100,58333333;
Ugíjar;2011;Demandantes;Ambos sexos;De 16 a 29 años;56,16666668;
Ugíjar;2011;Demandantes;Ambos sexos;De 30 a 44 años;95,5833333;
Ugíjar;2011;Demandantes;Ambos sexos;De 45 a 64 años;80,41666668;
Ugíjar;2011;Demandantes;Ambos sexos;TOTAL;232,16666666;
Ugíjar;2012;Demandantes;Hombres;De 16 a 29 años;34,08333333;
Ugíjar;2012;Demandantes;Hombres;De 30 a 44 años;57,41666663;
Ugíjar;2012;Demandantes;Hombres;De 45 a 64 años;61,16666667;
Ugíjar;2012;Demandantes;Hombres;TOTAL;152,66666663;
Ugíjar;2012;Demandantes;Mujeres;De 16 a 29 años;34,5;
Ugíjar;2012;Demandantes;Mujeres;De 30 a 44 años;52,25;
Ugíjar;2012;Demandantes;Mujeres;De 45 a 64 años;27,16666666;
Ugíjar;2012;Demandantes;Mujeres;TOTAL;113,91666666;
Ugíjar;2012;Demandantes;Ambos sexos;De 16 a 29 años;68,58333333;
Ugíjar;2012;Demandantes;Ambos sexos;De 30 a 44 años;109,66666663;
Ugíjar;2012;Demandantes;Ambos sexos;De 45 a 64 años;88,33333333;
Ugíjar;2012;Demandantes;Ambos sexos;TOTAL;266,58333329;
Valle del Zalabí;2010;Demandantes;Hombres;De 16 a 29 años;26,24999998;
Valle del Zalabí;2010;Demandantes;Hombres;De 30 a 44 años;39,99999999;
Valle del Zalabí;2010;Demandantes;Hombres;De 45 a 64 años;18,83333334;
Valle del Zalabí;2010;Demandantes;Hombres;TOTAL;85,08333331;
Valle del Zalabí;2010;Demandantes;Mujeres;De 16 a 29 años;21,33333332;
Valle del Zalabí;2010;Demandantes;Mujeres;De 30 a 44 años;33,41666666;
Valle del Zalabí;2010;Demandantes;Mujeres;De 45 a 64 años;12,91666666;
Valle del Zalabí;2010;Demandantes;Mujeres;TOTAL;67,66666664;
Valle del Zalabí;2010;Demandantes;Ambos sexos;De 16 a 29 años;47,5833333;
Valle del Zalabí;2010;Demandantes;Ambos sexos;De 30 a 44 años;73,41666665;
Valle del Zalabí;2010;Demandantes;Ambos sexos;De 45 a 64 años;31,75;
Valle del Zalabí;2010;Demandantes;Ambos sexos;TOTAL;152,74999995;
Valle del Zalabí;2011;Demandantes;Hombres;De 16 a 29 años;26,41666665;
Valle del Zalabí;2011;Demandantes;Hombres;De 30 a 44 años;42,58333331;
Valle del Zalabí;2011;Demandantes;Hombres;De 45 a 64 años;24,58333332;
Valle del Zalabí;2011;Demandantes;Hombres;TOTAL;93,58333328;
Valle del Zalabí;2011;Demandantes;Mujeres;De 16 a 29 años;15,74999999;
Valle del Zalabí;2011;Demandantes;Mujeres;De 30 a 44 años;30,33333333;
Valle del Zalabí;2011;Demandantes;Mujeres;De 45 a 64 años;10,08333334;
Valle del Zalabí;2011;Demandantes;Mujeres;TOTAL;56,16666666;
Valle del Zalabí;2011;Demandantes;Ambos sexos;De 16 a 29 años;42,16666664;
Valle del Zalabí;2011;Demandantes;Ambos sexos;De 30 a 44 años;72,91666664;
Valle del Zalabí;2011;Demandantes;Ambos sexos;De 45 a 64 años;34,66666666;
Valle del Zalabí;2011;Demandantes;Ambos sexos;TOTAL;149,74999994;
Valle del Zalabí;2012;Demandantes;Hombres;De 16 a 29 años;27,83333333;
Valle del Zalabí;2012;Demandantes;Hombres;De 30 a 44 años;47,74999999;
Valle del Zalabí;2012;Demandantes;Hombres;De 45 a 64 años;31,49999999;
Valle del Zalabí;2012;Demandantes;Hombres;TOTAL;107,08333331;
Valle del Zalabí;2012;Demandantes;Mujeres;De 16 a 29 años;14,83333334;
Valle del Zalabí;2012;Demandantes;Mujeres;De 30 a 44 años;31,58333333;
Valle del Zalabí;2012;Demandantes;Mujeres;De 45 a 64 años;12,16666667;
Valle del Zalabí;2012;Demandantes;Mujeres;TOTAL;58,58333334;
Valle del Zalabí;2012;Demandantes;Ambos sexos;De 16 a 29 años;42,66666667;
Valle del Zalabí;2012;Demandantes;Ambos sexos;De 30 a 44 años;79,33333332;
Valle del Zalabí;2012;Demandantes;Ambos sexos;De 45 a 64 años;43,66666666;
Valle del Zalabí;2012;Demandantes;Ambos sexos;TOTAL;165,66666665;
Válor;2010;Demandantes;Hombres;De 16 a 29 años;5,91666666;
Válor;2010;Demandantes;Hombres;De 30 a 44 años;10,83333334;
Válor;2010;Demandantes;Hombres;De 45 a 64 años;9,5;
Válor;2010;Demandantes;Hombres;TOTAL;26,25;
Válor;2010;Demandantes;Mujeres;De 16 a 29 años;2,41666667;
Válor;2010;Demandantes;Mujeres;De 30 a 44 años;6,58333333;
Válor;2010;Demandantes;Mujeres;De 45 a 64 años;9,58333333;
Válor;2010;Demandantes;Mujeres;TOTAL;18,58333333;
Válor;2010;Demandantes;Ambos sexos;De 16 a 29 años;8,33333333;
Válor;2010;Demandantes;Ambos sexos;De 30 a 44 años;17,41666667;
Válor;2010;Demandantes;Ambos sexos;De 45 a 64 años;19,08333333;
Válor;2010;Demandantes;Ambos sexos;TOTAL;44,83333333;
Válor;2011;Demandantes;Hombres;De 16 a 29 años;7,16666666;
Válor;2011;Demandantes;Hombres;De 30 a 44 años;11,25;
Válor;2011;Demandantes;Hombres;De 45 a 64 años;11,66666667;
Válor;2011;Demandantes;Hombres;TOTAL;30,08333333;
Válor;2011;Demandantes;Mujeres;De 16 a 29 años;4,08333332;
Válor;2011;Demandantes;Mujeres;De 30 a 44 años;5,74999999;
Válor;2011;Demandantes;Mujeres;De 45 a 64 años;10,66666667;
Válor;2011;Demandantes;Mujeres;TOTAL;20,49999998;
Válor;2011;Demandantes;Ambos sexos;De 16 a 29 años;11,24999998;
Válor;2011;Demandantes;Ambos sexos;De 30 a 44 años;16,99999999;
Válor;2011;Demandantes;Ambos sexos;De 45 a 64 años;22,33333334;
Válor;2011;Demandantes;Ambos sexos;TOTAL;50,58333331;
Válor;2012;Demandantes;Hombres;De 16 a 29 años;8,83333333;
Válor;2012;Demandantes;Hombres;De 30 a 44 años;13,41666667;
Válor;2012;Demandantes;Hombres;De 45 a 64 años;24,83333333;
Válor;2012;Demandantes;Hombres;TOTAL;47,08333333;
Válor;2012;Demandantes;Mujeres;De 16 a 29 años;9,25;
Válor;2012;Demandantes;Mujeres;De 30 a 44 años;6,08333333;
Válor;2012;Demandantes;Mujeres;De 45 a 64 años;15;
Válor;2012;Demandantes;Mujeres;TOTAL;30,33333333;
Válor;2012;Demandantes;Ambos sexos;De 16 a 29 años;18,08333333;
Válor;2012;Demandantes;Ambos sexos;De 30 a 44 años;19,5;
Válor;2012;Demandantes;Ambos sexos;De 45 a 64 años;39,83333333;
Válor;2012;Demandantes;Ambos sexos;TOTAL;77,41666666;
Vegas del Genil;2010;Demandantes;Hombres;De 16 a 29 años;111,83333334;
Vegas del Genil;2010;Demandantes;Hombres;De 30 a 44 años;275,41666666;
Vegas del Genil;2010;Demandantes;Hombres;De 45 a 64 años;97,16666666;
Vegas del Genil;2010;Demandantes;Hombres;TOTAL;484,41666666;
Vegas del Genil;2010;Demandantes;Mujeres;De 16 a 29 años;124,41666667;
Vegas del Genil;2010;Demandantes;Mujeres;De 30 a 44 años;271,74999998;
Vegas del Genil;2010;Demandantes;Mujeres;De 45 a 64 años;77,16666669;
Vegas del Genil;2010;Demandantes;Mujeres;TOTAL;473,33333334;
Vegas del Genil;2010;Demandantes;Ambos sexos;De 16 a 29 años;236,25000001;
Vegas del Genil;2010;Demandantes;Ambos sexos;De 30 a 44 años;547,16666664;
Vegas del Genil;2010;Demandantes;Ambos sexos;De 45 a 64 años;174,33333335;
Vegas del Genil;2010;Demandantes;Ambos sexos;TOTAL;957,75;
Vegas del Genil;2011;Demandantes;Hombres;De 16 a 29 años;115,33333332;
Vegas del Genil;2011;Demandantes;Hombres;De 30 a 44 años;284,58333334;
Vegas del Genil;2011;Demandantes;Hombres;De 45 a 64 años;106,16666666;
Vegas del Genil;2011;Demandantes;Hombres;TOTAL;506,08333332;
Vegas del Genil;2011;Demandantes;Mujeres;De 16 a 29 años;128,08333332;
Vegas del Genil;2011;Demandantes;Mujeres;De 30 a 44 años;321,33333332;
Vegas del Genil;2011;Demandantes;Mujeres;De 45 a 64 años;97,58333333;
Vegas del Genil;2011;Demandantes;Mujeres;TOTAL;546,99999997;
Vegas del Genil;2011;Demandantes;Ambos sexos;De 16 a 29 años;243,41666664;
Vegas del Genil;2011;Demandantes;Ambos sexos;De 30 a 44 años;605,91666666;
Vegas del Genil;2011;Demandantes;Ambos sexos;De 45 a 64 años;203,74999999;
Vegas del Genil;2011;Demandantes;Ambos sexos;TOTAL;1053,08333329;
Vegas del Genil;2012;Demandantes;Hombres;De 16 a 29 años;126,83333333;
Vegas del Genil;2012;Demandantes;Hombres;De 30 a 44 años;331,83333332;
Vegas del Genil;2012;Demandantes;Hombres;De 45 a 64 años;138,08333333;
Vegas del Genil;2012;Demandantes;Hombres;TOTAL;596,74999998;
Vegas del Genil;2012;Demandantes;Mujeres;De 16 a 29 años;148,75;
Vegas del Genil;2012;Demandantes;Mujeres;De 30 a 44 años;374,33333333;
Vegas del Genil;2012;Demandantes;Mujeres;De 45 a 64 años;120,41666666;
Vegas del Genil;2012;Demandantes;Mujeres;TOTAL;643,49999999;
Vegas del Genil;2012;Demandantes;Ambos sexos;De 16 a 29 años;275,58333333;
Vegas del Genil;2012;Demandantes;Ambos sexos;De 30 a 44 años;706,16666665;
Vegas del Genil;2012;Demandantes;Ambos sexos;De 45 a 64 años;258,49999999;
Vegas del Genil;2012;Demandantes;Ambos sexos;TOTAL;1240,24999997;
Vélez de Benaudalla;2010;Demandantes;Hombres;De 16 a 29 años;35,66666668;
Vélez de Benaudalla;2010;Demandantes;Hombres;De 30 a 44 años;60,83333333;
Vélez de Benaudalla;2010;Demandantes;Hombres;De 45 a 64 años;74;
Vélez de Benaudalla;2010;Demandantes;Hombres;TOTAL;170,50000001;
Vélez de Benaudalla;2010;Demandantes;Mujeres;De 16 a 29 años;22,5;
Vélez de Benaudalla;2010;Demandantes;Mujeres;De 30 a 44 años;38,66666667;
Vélez de Benaudalla;2010;Demandantes;Mujeres;De 45 a 64 años;24,58333333;
Vélez de Benaudalla;2010;Demandantes;Mujeres;TOTAL;85,75;
Vélez de Benaudalla;2010;Demandantes;Ambos sexos;De 16 a 29 años;58,16666668;
Vélez de Benaudalla;2010;Demandantes;Ambos sexos;De 30 a 44 años;99,5;
Vélez de Benaudalla;2010;Demandantes;Ambos sexos;De 45 a 64 años;98,58333333;
Vélez de Benaudalla;2010;Demandantes;Ambos sexos;TOTAL;256,25000001;
Vélez de Benaudalla;2011;Demandantes;Hombres;De 16 a 29 años;36,33333333;
Vélez de Benaudalla;2011;Demandantes;Hombres;De 30 a 44 años;69,74999999;
Vélez de Benaudalla;2011;Demandantes;Hombres;De 45 a 64 años;95,25;
Vélez de Benaudalla;2011;Demandantes;Hombres;TOTAL;201,33333332;
Vélez de Benaudalla;2011;Demandantes;Mujeres;De 16 a 29 años;25,24999999;
Vélez de Benaudalla;2011;Demandantes;Mujeres;De 30 a 44 años;50,41666664;
Vélez de Benaudalla;2011;Demandantes;Mujeres;De 45 a 64 años;31,49999999;
Vélez de Benaudalla;2011;Demandantes;Mujeres;TOTAL;107,16666662;
Vélez de Benaudalla;2011;Demandantes;Ambos sexos;De 16 a 29 años;61,58333332;
Vélez de Benaudalla;2011;Demandantes;Ambos sexos;De 30 a 44 años;120,16666663;
Vélez de Benaudalla;2011;Demandantes;Ambos sexos;De 45 a 64 años;126,74999999;
Vélez de Benaudalla;2011;Demandantes;Ambos sexos;TOTAL;308,49999994;
Vélez de Benaudalla;2012;Demandantes;Hombres;De 16 a 29 años;38,58333333;
Vélez de Benaudalla;2012;Demandantes;Hombres;De 30 a 44 años;81,91666666;
Vélez de Benaudalla;2012;Demandantes;Hombres;De 45 a 64 años;104,33333333;
Vélez de Benaudalla;2012;Demandantes;Hombres;TOTAL;224,83333332;
Vélez de Benaudalla;2012;Demandantes;Mujeres;De 16 a 29 años;32,91666666;
Vélez de Benaudalla;2012;Demandantes;Mujeres;De 30 a 44 años;59,83333333;
Vélez de Benaudalla;2012;Demandantes;Mujeres;De 45 a 64 años;41,16666668;
Vélez de Benaudalla;2012;Demandantes;Mujeres;TOTAL;133,91666667;
Vélez de Benaudalla;2012;Demandantes;Ambos sexos;De 16 a 29 años;71,49999999;
Vélez de Benaudalla;2012;Demandantes;Ambos sexos;De 30 a 44 años;141,74999999;
Vélez de Benaudalla;2012;Demandantes;Ambos sexos;De 45 a 64 años;145,50000001;
Vélez de Benaudalla;2012;Demandantes;Ambos sexos;TOTAL;358,74999999;
Ventas de Huelma;2010;Demandantes;Hombres;De 16 a 29 años;7,25;
Ventas de Huelma;2010;Demandantes;Hombres;De 30 a 44 años;10,33333334;
Ventas de Huelma;2010;Demandantes;Hombres;De 45 a 64 años;9,58333333;
Ventas de Huelma;2010;Demandantes;Hombres;TOTAL;27,16666667;
Ventas de Huelma;2010;Demandantes;Mujeres;De 16 a 29 años;8,08333334;
Ventas de Huelma;2010;Demandantes;Mujeres;De 30 a 44 años;12,00000002;
Ventas de Huelma;2010;Demandantes;Mujeres;De 45 a 64 años;6,41666667;
Ventas de Huelma;2010;Demandantes;Mujeres;TOTAL;26,50000003;
Ventas de Huelma;2010;Demandantes;Ambos sexos;De 16 a 29 años;15,33333334;
Ventas de Huelma;2010;Demandantes;Ambos sexos;De 30 a 44 años;22,33333336;
Ventas de Huelma;2010;Demandantes;Ambos sexos;De 45 a 64 años;16;
Ventas de Huelma;2010;Demandantes;Ambos sexos;TOTAL;53,6666667;
Ventas de Huelma;2011;Demandantes;Hombres;De 16 a 29 años;4,99999999;
Ventas de Huelma;2011;Demandantes;Hombres;De 30 a 44 años;15,25000001;
Ventas de Huelma;2011;Demandantes;Hombres;De 45 a 64 años;10,16666667;
Ventas de Huelma;2011;Demandantes;Hombres;TOTAL;30,41666667;
Ventas de Huelma;2011;Demandantes;Mujeres;De 16 a 29 años;7,75;
Ventas de Huelma;2011;Demandantes;Mujeres;De 30 a 44 años;9,25;
Ventas de Huelma;2011;Demandantes;Mujeres;De 45 a 64 años;5,66666667;
Ventas de Huelma;2011;Demandantes;Mujeres;TOTAL;22,66666667;
Ventas de Huelma;2011;Demandantes;Ambos sexos;De 16 a 29 años;12,74999999;
Ventas de Huelma;2011;Demandantes;Ambos sexos;De 30 a 44 años;24,50000001;
Ventas de Huelma;2011;Demandantes;Ambos sexos;De 45 a 64 años;15,83333334;
Ventas de Huelma;2011;Demandantes;Ambos sexos;TOTAL;53,08333334;
Ventas de Huelma;2012;Demandantes;Hombres;De 16 a 29 años;6,41666668;
Ventas de Huelma;2012;Demandantes;Hombres;De 30 a 44 años;11,16666666;
Ventas de Huelma;2012;Demandantes;Hombres;De 45 a 64 años;13,66666666;
Ventas de Huelma;2012;Demandantes;Hombres;TOTAL;31,25;
Ventas de Huelma;2012;Demandantes;Mujeres;De 16 a 29 años;15,41666666;
Ventas de Huelma;2012;Demandantes;Mujeres;De 30 a 44 años;14,50000001;
Ventas de Huelma;2012;Demandantes;Mujeres;De 45 a 64 años;11,5;
Ventas de Huelma;2012;Demandantes;Mujeres;TOTAL;41,41666667;
Ventas de Huelma;2012;Demandantes;Ambos sexos;De 16 a 29 años;21,83333334;
Ventas de Huelma;2012;Demandantes;Ambos sexos;De 30 a 44 años;25,66666667;
Ventas de Huelma;2012;Demandantes;Ambos sexos;De 45 a 64 años;25,16666666;
Ventas de Huelma;2012;Demandantes;Ambos sexos;TOTAL;72,66666667;
Villa de Otura;2010;Demandantes;Hombres;De 16 a 29 años;68,50000001;
Villa de Otura;2010;Demandantes;Hombres;De 30 a 44 años;104,33333333;
Villa de Otura;2010;Demandantes;Hombres;De 45 a 64 años;93,58333335;
Villa de Otura;2010;Demandantes;Hombres;TOTAL;266,41666669;
Villa de Otura;2010;Demandantes;Mujeres;De 16 a 29 años;66,08333333;
Villa de Otura;2010;Demandantes;Mujeres;De 30 a 44 años;126,50000002;
Villa de Otura;2010;Demandantes;Mujeres;De 45 a 64 años;83,66666668;
Villa de Otura;2010;Demandantes;Mujeres;TOTAL;276,25000003;
Villa de Otura;2010;Demandantes;Ambos sexos;De 16 a 29 años;134,58333334;
Villa de Otura;2010;Demandantes;Ambos sexos;De 30 a 44 años;230,83333335;
Villa de Otura;2010;Demandantes;Ambos sexos;De 45 a 64 años;177,25000003;
Villa de Otura;2010;Demandantes;Ambos sexos;TOTAL;542,66666672;
Villa de Otura;2011;Demandantes;Hombres;De 16 a 29 años;77,83333333;
Villa de Otura;2011;Demandantes;Hombres;De 30 a 44 años;103,66666665;
Villa de Otura;2011;Demandantes;Hombres;De 45 a 64 años;105,41666666;
Villa de Otura;2011;Demandantes;Hombres;TOTAL;286,91666664;
Villa de Otura;2011;Demandantes;Mujeres;De 16 a 29 años;60,66666668;
Villa de Otura;2011;Demandantes;Mujeres;De 30 a 44 años;125,49999999;
Villa de Otura;2011;Demandantes;Mujeres;De 45 a 64 años;101,99999999;
Villa de Otura;2011;Demandantes;Mujeres;TOTAL;288,16666666;
Villa de Otura;2011;Demandantes;Ambos sexos;De 16 a 29 años;138,50000001;
Villa de Otura;2011;Demandantes;Ambos sexos;De 30 a 44 años;229,16666664;
Villa de Otura;2011;Demandantes;Ambos sexos;De 45 a 64 años;207,41666665;
Villa de Otura;2011;Demandantes;Ambos sexos;TOTAL;575,0833333;
Villa de Otura;2012;Demandantes;Hombres;De 16 a 29 años;85;
Villa de Otura;2012;Demandantes;Hombres;De 30 a 44 años;116,83333334;
Villa de Otura;2012;Demandantes;Hombres;De 45 a 64 años;130,99999998;
Villa de Otura;2012;Demandantes;Hombres;TOTAL;332,83333332;
Villa de Otura;2012;Demandantes;Mujeres;De 16 a 29 años;70,16666667;
Villa de Otura;2012;Demandantes;Mujeres;De 30 a 44 años;150,08333334;
Villa de Otura;2012;Demandantes;Mujeres;De 45 a 64 años;134,99999999;
Villa de Otura;2012;Demandantes;Mujeres;TOTAL;355,25;
Villa de Otura;2012;Demandantes;Ambos sexos;De 16 a 29 años;155,16666667;
Villa de Otura;2012;Demandantes;Ambos sexos;De 30 a 44 años;266,91666668;
Villa de Otura;2012;Demandantes;Ambos sexos;De 45 a 64 años;265,99999997;
Villa de Otura;2012;Demandantes;Ambos sexos;TOTAL;688,08333332;
Villamena;2010;Demandantes;Hombres;De 16 a 29 años;7,83333332;
Villamena;2010;Demandantes;Hombres;De 30 a 44 años;26,25000001;
Villamena;2010;Demandantes;Hombres;De 45 a 64 años;18,91666665;
Villamena;2010;Demandantes;Hombres;TOTAL;52,99999998;
Villamena;2010;Demandantes;Mujeres;De 16 a 29 años;5,91666667;
Villamena;2010;Demandantes;Mujeres;De 30 a 44 años;20,33333333;
Villamena;2010;Demandantes;Mujeres;De 45 a 64 años;4,41666667;
Villamena;2010;Demandantes;Mujeres;TOTAL;30,66666667;
Villamena;2010;Demandantes;Ambos sexos;De 16 a 29 años;13,74999999;
Villamena;2010;Demandantes;Ambos sexos;De 30 a 44 años;46,58333334;
Villamena;2010;Demandantes;Ambos sexos;De 45 a 64 años;23,33333332;
Villamena;2010;Demandantes;Ambos sexos;TOTAL;83,66666665;
Villamena;2011;Demandantes;Hombres;De 16 a 29 años;7,91666667;
Villamena;2011;Demandantes;Hombres;De 30 a 44 años;26,16666667;
Villamena;2011;Demandantes;Hombres;De 45 a 64 años;20,16666667;
Villamena;2011;Demandantes;Hombres;TOTAL;54,25000001;
Villamena;2011;Demandantes;Mujeres;De 16 a 29 años;7,41666665;
Villamena;2011;Demandantes;Mujeres;De 30 a 44 años;20,83333332;
Villamena;2011;Demandantes;Mujeres;De 45 a 64 años;5,33333334;
Villamena;2011;Demandantes;Mujeres;TOTAL;33,58333331;
Villamena;2011;Demandantes;Ambos sexos;De 16 a 29 años;15,33333332;
Villamena;2011;Demandantes;Ambos sexos;De 30 a 44 años;46,99999999;
Villamena;2011;Demandantes;Ambos sexos;De 45 a 64 años;25,50000001;
Villamena;2011;Demandantes;Ambos sexos;TOTAL;87,83333332;
Villamena;2012;Demandantes;Hombres;De 16 a 29 años;10,41666667;
Villamena;2012;Demandantes;Hombres;De 30 a 44 años;28,83333333;
Villamena;2012;Demandantes;Hombres;De 45 a 64 años;23,16666667;
Villamena;2012;Demandantes;Hombres;TOTAL;62,41666667;
Villamena;2012;Demandantes;Mujeres;De 16 a 29 años;10,41666666;
Villamena;2012;Demandantes;Mujeres;De 30 a 44 años;22,16666667;
Villamena;2012;Demandantes;Mujeres;De 45 a 64 años;6,08333334;
Villamena;2012;Demandantes;Mujeres;TOTAL;38,66666667;
Villamena;2012;Demandantes;Ambos sexos;De 16 a 29 años;20,83333333;
Villamena;2012;Demandantes;Ambos sexos;De 30 a 44 años;51;
Villamena;2012;Demandantes;Ambos sexos;De 45 a 64 años;29,25000001;
Villamena;2012;Demandantes;Ambos sexos;TOTAL;101,08333334;
Villanueva de las Torres;2010;Demandantes;Hombres;De 16 a 29 años;7,83333333;
Villanueva de las Torres;2010;Demandantes;Hombres;De 30 a 44 años;11,83333334;
Villanueva de las Torres;2010;Demandantes;Hombres;De 45 a 64 años;12;
Villanueva de las Torres;2010;Demandantes;Hombres;TOTAL;31,66666667;
Villanueva de las Torres;2010;Demandantes;Mujeres;De 16 a 29 años;4,5;
Villanueva de las Torres;2010;Demandantes;Mujeres;De 30 a 44 años;6,08333333;
Villanueva de las Torres;2010;Demandantes;Mujeres;De 45 a 64 años;5,16666667;
Villanueva de las Torres;2010;Demandantes;Mujeres;TOTAL;15,75;
Villanueva de las Torres;2010;Demandantes;Ambos sexos;De 16 a 29 años;12,33333333;
Villanueva de las Torres;2010;Demandantes;Ambos sexos;De 30 a 44 años;17,91666667;
Villanueva de las Torres;2010;Demandantes;Ambos sexos;De 45 a 64 años;17,16666667;
Villanueva de las Torres;2010;Demandantes;Ambos sexos;TOTAL;47,41666667;
Villanueva de las Torres;2011;Demandantes;Hombres;De 16 a 29 años;6,83333333;
Villanueva de las Torres;2011;Demandantes;Hombres;De 30 a 44 años;11,74999999;
Villanueva de las Torres;2011;Demandantes;Hombres;De 45 a 64 años;13,91666668;
Villanueva de las Torres;2011;Demandantes;Hombres;TOTAL;32,5;
Villanueva de las Torres;2011;Demandantes;Mujeres;De 16 a 29 años;4,25000001;
Villanueva de las Torres;2011;Demandantes;Mujeres;De 30 a 44 años;2,83333333;
Villanueva de las Torres;2011;Demandantes;Mujeres;De 45 a 64 años;6,25000001;
Villanueva de las Torres;2011;Demandantes;Mujeres;TOTAL;13,33333335;
Villanueva de las Torres;2011;Demandantes;Ambos sexos;De 16 a 29 años;11,08333334;
Villanueva de las Torres;2011;Demandantes;Ambos sexos;De 30 a 44 años;14,58333332;
Villanueva de las Torres;2011;Demandantes;Ambos sexos;De 45 a 64 años;20,16666669;
Villanueva de las Torres;2011;Demandantes;Ambos sexos;TOTAL;45,83333335;
Villanueva de las Torres;2012;Demandantes;Hombres;De 16 a 29 años;6,75;
Villanueva de las Torres;2012;Demandantes;Hombres;De 30 a 44 años;10,08333332;
Villanueva de las Torres;2012;Demandantes;Hombres;De 45 a 64 años;19,41666666;
Villanueva de las Torres;2012;Demandantes;Hombres;TOTAL;36,24999998;
Villanueva de las Torres;2012;Demandantes;Mujeres;De 16 a 29 años;5,66666667;
Villanueva de las Torres;2012;Demandantes;Mujeres;De 30 a 44 años;6,25;
Villanueva de las Torres;2012;Demandantes;Mujeres;De 45 a 64 años;6,75000001;
Villanueva de las Torres;2012;Demandantes;Mujeres;TOTAL;18,66666668;
Villanueva de las Torres;2012;Demandantes;Ambos sexos;De 16 a 29 años;12,41666667;
Villanueva de las Torres;2012;Demandantes;Ambos sexos;De 30 a 44 años;16,33333332;
Villanueva de las Torres;2012;Demandantes;Ambos sexos;De 45 a 64 años;26,16666667;
Villanueva de las Torres;2012;Demandantes;Ambos sexos;TOTAL;54,91666666;
Villanueva Mesía;2010;Demandantes;Hombres;De 16 a 29 años;26,66666666;
Villanueva Mesía;2010;Demandantes;Hombres;De 30 a 44 años;39,83333333;
Villanueva Mesía;2010;Demandantes;Hombres;De 45 a 64 años;27,75;
Villanueva Mesía;2010;Demandantes;Hombres;TOTAL;94,24999999;
Villanueva Mesía;2010;Demandantes;Mujeres;De 16 a 29 años;14,99999999;
Villanueva Mesía;2010;Demandantes;Mujeres;De 30 a 44 años;22,25000001;
Villanueva Mesía;2010;Demandantes;Mujeres;De 45 a 64 años;8;
Villanueva Mesía;2010;Demandantes;Mujeres;TOTAL;45,25;
Villanueva Mesía;2010;Demandantes;Ambos sexos;De 16 a 29 años;41,66666665;
Villanueva Mesía;2010;Demandantes;Ambos sexos;De 30 a 44 años;62,08333334;
Villanueva Mesía;2010;Demandantes;Ambos sexos;De 45 a 64 años;35,75;
Villanueva Mesía;2010;Demandantes;Ambos sexos;TOTAL;139,49999999;
Villanueva Mesía;2011;Demandantes;Hombres;De 16 a 29 años;23,75000001;
Villanueva Mesía;2011;Demandantes;Hombres;De 30 a 44 años;30,91666667;
Villanueva Mesía;2011;Demandantes;Hombres;De 45 a 64 años;30;
Villanueva Mesía;2011;Demandantes;Hombres;TOTAL;84,66666668;
Villanueva Mesía;2011;Demandantes;Mujeres;De 16 a 29 años;20,41666665;
Villanueva Mesía;2011;Demandantes;Mujeres;De 30 a 44 años;19,33333334;
Villanueva Mesía;2011;Demandantes;Mujeres;De 45 a 64 años;8,91666668;
Villanueva Mesía;2011;Demandantes;Mujeres;TOTAL;48,66666667;
Villanueva Mesía;2011;Demandantes;Ambos sexos;De 16 a 29 años;44,16666666;
Villanueva Mesía;2011;Demandantes;Ambos sexos;De 30 a 44 años;50,25000001;
Villanueva Mesía;2011;Demandantes;Ambos sexos;De 45 a 64 años;38,91666668;
Villanueva Mesía;2011;Demandantes;Ambos sexos;TOTAL;133,33333335;
Villanueva Mesía;2012;Demandantes;Hombres;De 16 a 29 años;22,33333333;
Villanueva Mesía;2012;Demandantes;Hombres;De 30 a 44 años;34,41666667;
Villanueva Mesía;2012;Demandantes;Hombres;De 45 a 64 años;33,08333333;
Villanueva Mesía;2012;Demandantes;Hombres;TOTAL;89,83333333;
Villanueva Mesía;2012;Demandantes;Mujeres;De 16 a 29 años;27,08333332;
Villanueva Mesía;2012;Demandantes;Mujeres;De 30 a 44 años;20,33333335;
Villanueva Mesía;2012;Demandantes;Mujeres;De 45 a 64 años;9,16666667;
Villanueva Mesía;2012;Demandantes;Mujeres;TOTAL;56,58333334;
Villanueva Mesía;2012;Demandantes;Ambos sexos;De 16 a 29 años;49,41666665;
Villanueva Mesía;2012;Demandantes;Ambos sexos;De 30 a 44 años;54,75000002;
Villanueva Mesía;2012;Demandantes;Ambos sexos;De 45 a 64 años;42,25;
Villanueva Mesía;2012;Demandantes;Ambos sexos;TOTAL;146,41666667;
Víznar;2010;Demandantes;Hombres;De 16 a 29 años;12,16666667;
Víznar;2010;Demandantes;Hombres;De 30 a 44 años;11,49999999;
Víznar;2010;Demandantes;Hombres;De 45 a 64 años;7,5;
Víznar;2010;Demandantes;Hombres;TOTAL;31,16666666;
Víznar;2010;Demandantes;Mujeres;De 16 a 29 años;5,41666666;
Víznar;2010;Demandantes;Mujeres;De 30 a 44 años;11,16666666;
Víznar;2010;Demandantes;Mujeres;De 45 a 64 años;4,83333333;
Víznar;2010;Demandantes;Mujeres;TOTAL;21,41666665;
Víznar;2010;Demandantes;Ambos sexos;De 16 a 29 años;17,58333333;
Víznar;2010;Demandantes;Ambos sexos;De 30 a 44 años;22,66666665;
Víznar;2010;Demandantes;Ambos sexos;De 45 a 64 años;12,33333333;
Víznar;2010;Demandantes;Ambos sexos;TOTAL;52,58333331;
Víznar;2011;Demandantes;Hombres;De 16 a 29 años;8,41666665;
Víznar;2011;Demandantes;Hombres;De 30 a 44 años;15,00000002;
Víznar;2011;Demandantes;Hombres;De 45 a 64 años;8,5;
Víznar;2011;Demandantes;Hombres;TOTAL;31,91666667;
Víznar;2011;Demandantes;Mujeres;De 16 a 29 años;6,83333333;
Víznar;2011;Demandantes;Mujeres;De 30 a 44 años;16,99999998;
Víznar;2011;Demandantes;Mujeres;De 45 a 64 años;5,25;
Víznar;2011;Demandantes;Mujeres;TOTAL;29,08333331;
Víznar;2011;Demandantes;Ambos sexos;De 16 a 29 años;15,24999998;
Víznar;2011;Demandantes;Ambos sexos;De 30 a 44 años;32;
Víznar;2011;Demandantes;Ambos sexos;De 45 a 64 años;13,75;
Víznar;2011;Demandantes;Ambos sexos;TOTAL;60,99999998;
Víznar;2012;Demandantes;Hombres;De 16 a 29 años;8,16666667;
Víznar;2012;Demandantes;Hombres;De 30 a 44 años;21,5;
Víznar;2012;Demandantes;Hombres;De 45 a 64 años;9,49999999;
Víznar;2012;Demandantes;Hombres;TOTAL;39,16666666;
Víznar;2012;Demandantes;Mujeres;De 16 a 29 años;10,41666667;
Víznar;2012;Demandantes;Mujeres;De 30 a 44 años;16,66666667;
Víznar;2012;Demandantes;Mujeres;De 45 a 64 años;4,91666666;
Víznar;2012;Demandantes;Mujeres;TOTAL;32;
Víznar;2012;Demandantes;Ambos sexos;De 16 a 29 años;18,58333334;
Víznar;2012;Demandantes;Ambos sexos;De 30 a 44 años;38,16666667;
Víznar;2012;Demandantes;Ambos sexos;De 45 a 64 años;14,41666665;
Víznar;2012;Demandantes;Ambos sexos;TOTAL;71,16666666;
Zafarraya;2010;Demandantes;Hombres;De 16 a 29 años;26,16666665;
Zafarraya;2010;Demandantes;Hombres;De 30 a 44 años;51,58333332;
Zafarraya;2010;Demandantes;Hombres;De 45 a 64 años;23;
Zafarraya;2010;Demandantes;Hombres;TOTAL;100,74999997;
Zafarraya;2010;Demandantes;Mujeres;De 16 a 29 años;22,66666668;
Zafarraya;2010;Demandantes;Mujeres;De 30 a 44 años;24,58333333;
Zafarraya;2010;Demandantes;Mujeres;De 45 a 64 años;7,33333334;
Zafarraya;2010;Demandantes;Mujeres;TOTAL;54,58333335;
Zafarraya;2010;Demandantes;Ambos sexos;De 16 a 29 años;48,83333333;
Zafarraya;2010;Demandantes;Ambos sexos;De 30 a 44 años;76,16666665;
Zafarraya;2010;Demandantes;Ambos sexos;De 45 a 64 años;30,33333334;
Zafarraya;2010;Demandantes;Ambos sexos;TOTAL;155,33333332;
Zafarraya;2011;Demandantes;Hombres;De 16 a 29 años;21,16666666;
Zafarraya;2011;Demandantes;Hombres;De 30 a 44 años;62,99999999;
Zafarraya;2011;Demandantes;Hombres;De 45 a 64 años;31,99999999;
Zafarraya;2011;Demandantes;Hombres;TOTAL;116,16666664;
Zafarraya;2011;Demandantes;Mujeres;De 16 a 29 años;16,83333333;
Zafarraya;2011;Demandantes;Mujeres;De 30 a 44 años;22;
Zafarraya;2011;Demandantes;Mujeres;De 45 a 64 años;9,41666667;
Zafarraya;2011;Demandantes;Mujeres;TOTAL;48,25;
Zafarraya;2011;Demandantes;Ambos sexos;De 16 a 29 años;37,99999999;
Zafarraya;2011;Demandantes;Ambos sexos;De 30 a 44 años;84,99999999;
Zafarraya;2011;Demandantes;Ambos sexos;De 45 a 64 años;41,41666666;
Zafarraya;2011;Demandantes;Ambos sexos;TOTAL;164,41666664;
Zafarraya;2012;Demandantes;Hombres;De 16 a 29 años;19,83333336;
Zafarraya;2012;Demandantes;Hombres;De 30 a 44 años;64,00000001;
Zafarraya;2012;Demandantes;Hombres;De 45 a 64 años;35,83333333;
Zafarraya;2012;Demandantes;Hombres;TOTAL;119,6666667;
Zafarraya;2012;Demandantes;Mujeres;De 16 a 29 años;22,16666666;
Zafarraya;2012;Demandantes;Mujeres;De 30 a 44 años;25,16666667;
Zafarraya;2012;Demandantes;Mujeres;De 45 a 64 años;11,16666668;
Zafarraya;2012;Demandantes;Mujeres;TOTAL;58,50000001;
Zafarraya;2012;Demandantes;Ambos sexos;De 16 a 29 años;42,00000002;
Zafarraya;2012;Demandantes;Ambos sexos;De 30 a 44 años;89,16666668;
Zafarraya;2012;Demandantes;Ambos sexos;De 45 a 64 años;47,00000001;
Zafarraya;2012;Demandantes;Ambos sexos;TOTAL;178,16666671;
Zagra;2010;Demandantes;Hombres;De 16 a 29 años;9,66666667;
Zagra;2010;Demandantes;Hombres;De 30 a 44 años;15,24999999;
Zagra;2010;Demandantes;Hombres;De 45 a 64 años;5,83333334;
Zagra;2010;Demandantes;Hombres;TOTAL;30,75;
Zagra;2010;Demandantes;Mujeres;De 16 a 29 años;6,25;
Zagra;2010;Demandantes;Mujeres;De 30 a 44 años;14,08333334;
Zagra;2010;Demandantes;Mujeres;De 45 a 64 años;10,83333334;
Zagra;2010;Demandantes;Mujeres;TOTAL;31,16666668;
Zagra;2010;Demandantes;Ambos sexos;De 16 a 29 años;15,91666667;
Zagra;2010;Demandantes;Ambos sexos;De 30 a 44 años;29,33333333;
Zagra;2010;Demandantes;Ambos sexos;De 45 a 64 años;16,66666668;
Zagra;2010;Demandantes;Ambos sexos;TOTAL;61,91666668;
Zagra;2011;Demandantes;Hombres;De 16 a 29 años;7,41666668;
Zagra;2011;Demandantes;Hombres;De 30 a 44 años;11,75;
Zagra;2011;Demandantes;Hombres;De 45 a 64 años;6,08333333;
Zagra;2011;Demandantes;Hombres;TOTAL;25,25000001;
Zagra;2011;Demandantes;Mujeres;De 16 a 29 años;7,33333334;
Zagra;2011;Demandantes;Mujeres;De 30 a 44 años;11,08333333;
Zagra;2011;Demandantes;Mujeres;De 45 a 64 años;8,58333334;
Zagra;2011;Demandantes;Mujeres;TOTAL;27,00000001;
Zagra;2011;Demandantes;Ambos sexos;De 16 a 29 años;14,75000002;
Zagra;2011;Demandantes;Ambos sexos;De 30 a 44 años;22,83333333;
Zagra;2011;Demandantes;Ambos sexos;De 45 a 64 años;14,66666667;
Zagra;2011;Demandantes;Ambos sexos;TOTAL;52,25000002;
Zagra;2012;Demandantes;Hombres;De 16 a 29 años;5,49999999;
Zagra;2012;Demandantes;Hombres;De 30 a 44 años;7,08333334;
Zagra;2012;Demandantes;Hombres;De 45 a 64 años;10,75;
Zagra;2012;Demandantes;Hombres;TOTAL;23,33333333;
Zagra;2012;Demandantes;Mujeres;De 16 a 29 años;6,58333333;
Zagra;2012;Demandantes;Mujeres;De 30 a 44 años;10,83333333;
Zagra;2012;Demandantes;Mujeres;De 45 a 64 años;7,5;
Zagra;2012;Demandantes;Mujeres;TOTAL;24,91666666;
Zagra;2012;Demandantes;Ambos sexos;De 16 a 29 años;12,08333332;
Zagra;2012;Demandantes;Ambos sexos;De 30 a 44 años;17,91666667;
Zagra;2012;Demandantes;Ambos sexos;De 45 a 64 años;18,25;
Zagra;2012;Demandantes;Ambos sexos;TOTAL;48,24999999;
Zújar;2010;Demandantes;Hombres;De 16 a 29 años;24,41666667;
Zújar;2010;Demandantes;Hombres;De 30 a 44 años;51,25;
Zújar;2010;Demandantes;Hombres;De 45 a 64 años;53,75;
Zújar;2010;Demandantes;Hombres;TOTAL;129,41666667;
Zújar;2010;Demandantes;Mujeres;De 16 a 29 años;19,83333333;
Zújar;2010;Demandantes;Mujeres;De 30 a 44 años;27,33333333;
Zújar;2010;Demandantes;Mujeres;De 45 a 64 años;22,00000001;
Zújar;2010;Demandantes;Mujeres;TOTAL;69,16666667;
Zújar;2010;Demandantes;Ambos sexos;De 16 a 29 años;44,25;
Zújar;2010;Demandantes;Ambos sexos;De 30 a 44 años;78,58333333;
Zújar;2010;Demandantes;Ambos sexos;De 45 a 64 años;75,75000001;
Zújar;2010;Demandantes;Ambos sexos;TOTAL;198,58333334;
Zújar;2011;Demandantes;Hombres;De 16 a 29 años;28,91666666;
Zújar;2011;Demandantes;Hombres;De 30 a 44 años;48,41666667;
Zújar;2011;Demandantes;Hombres;De 45 a 64 años;65,66666665;
Zújar;2011;Demandantes;Hombres;TOTAL;142,99999998;
Zújar;2011;Demandantes;Mujeres;De 16 a 29 años;21,49999999;
Zújar;2011;Demandantes;Mujeres;De 30 a 44 años;27,25000001;
Zújar;2011;Demandantes;Mujeres;De 45 a 64 años;21,08333332;
Zújar;2011;Demandantes;Mujeres;TOTAL;69,83333332;
Zújar;2011;Demandantes;Ambos sexos;De 16 a 29 años;50,41666665;
Zújar;2011;Demandantes;Ambos sexos;De 30 a 44 años;75,66666668;
Zújar;2011;Demandantes;Ambos sexos;De 45 a 64 años;86,74999997;
Zújar;2011;Demandantes;Ambos sexos;TOTAL;212,8333333;
Zújar;2012;Demandantes;Hombres;De 16 a 29 años;31,08333332;
Zújar;2012;Demandantes;Hombres;De 30 a 44 años;63,49999998;
Zújar;2012;Demandantes;Hombres;De 45 a 64 años;73,33333334;
Zújar;2012;Demandantes;Hombres;TOTAL;167,91666664;
Zújar;2012;Demandantes;Mujeres;De 16 a 29 años;33,16666664;
Zújar;2012;Demandantes;Mujeres;De 30 a 44 años;32,33333334;
Zújar;2012;Demandantes;Mujeres;De 45 a 64 años;27,83333333;
Zújar;2012;Demandantes;Mujeres;TOTAL;93,33333331;
Zújar;2012;Demandantes;Ambos sexos;De 16 a 29 años;64,24999996;
Zújar;2012;Demandantes;Ambos sexos;De 30 a 44 años;95,83333332;
Zújar;2012;Demandantes;Ambos sexos;De 45 a 64 años;101,16666667;
Zújar;2012;Demandantes;Ambos sexos;TOTAL;261,24999995;
Huelva;2010;Demandantes;Hombres;De 16 a 29 años;7154,16666647;
Huelva;2010;Demandantes;Hombres;De 30 a 44 años;11326,91666658;
Huelva;2010;Demandantes;Hombres;De 45 a 64 años;8990,66666661;
Huelva;2010;Demandantes;Hombres;TOTAL;27471,74999966;
Huelva;2010;Demandantes;Mujeres;De 16 a 29 años;5905,24999993;
Huelva;2010;Demandantes;Mujeres;De 30 a 44 años;10579,66666662;
Huelva;2010;Demandantes;Mujeres;De 45 a 64 años;7601,50000002;
Huelva;2010;Demandantes;Mujeres;TOTAL;24086,41666657;
Huelva;2010;Demandantes;Ambos sexos;De 16 a 29 años;13059,4166664;
Huelva;2010;Demandantes;Ambos sexos;De 30 a 44 años;21906,5833332;
Huelva;2010;Demandantes;Ambos sexos;De 45 a 64 años;16592,16666663;
Huelva;2010;Demandantes;Ambos sexos;TOTAL;51558,16666623;
Huelva;2011;Demandantes;Hombres;De 16 a 29 años;7182,83333323;
Huelva;2011;Demandantes;Hombres;De 30 a 44 años;11600,74999985;
Huelva;2011;Demandantes;Hombres;De 45 a 64 años;10376,91666656;
Huelva;2011;Demandantes;Hombres;TOTAL;29160,49999964;
Huelva;2011;Demandantes;Mujeres;De 16 a 29 años;6627,16666665;
Huelva;2011;Demandantes;Mujeres;De 30 a 44 años;11492,41666635;
Huelva;2011;Demandantes;Mujeres;De 45 a 64 años;8648,58333324;
Huelva;2011;Demandantes;Mujeres;TOTAL;26768,16666624;
Huelva;2011;Demandantes;Ambos sexos;De 16 a 29 años;13809,99999988;
Huelva;2011;Demandantes;Ambos sexos;De 30 a 44 años;23093,1666662;
Huelva;2011;Demandantes;Ambos sexos;De 45 a 64 años;19025,4999998;
Huelva;2011;Demandantes;Ambos sexos;TOTAL;55928,66666588;
Huelva;2012;Demandantes;Hombres;De 16 a 29 años;7449,33333343;
Huelva;2012;Demandantes;Hombres;De 30 a 44 años;12241,33333346;
Huelva;2012;Demandantes;Hombres;De 45 a 64 años;11771,16666677;
Huelva;2012;Demandantes;Hombres;TOTAL;31461,83333366;
Huelva;2012;Demandantes;Mujeres;De 16 a 29 años;7461,16666665;
Huelva;2012;Demandantes;Mujeres;De 30 a 44 años;12677,91666662;
Huelva;2012;Demandantes;Mujeres;De 45 a 64 años;10104,00000003;
Huelva;2012;Demandantes;Mujeres;TOTAL;30243,0833333;
Huelva;2012;Demandantes;Ambos sexos;De 16 a 29 años;14910,50000008;
Huelva;2012;Demandantes;Ambos sexos;De 30 a 44 años;24919,25000008;
Huelva;2012;Demandantes;Ambos sexos;De 45 a 64 años;21875,1666668;
Huelva;2012;Demandantes;Ambos sexos;TOTAL;61704,91666696;
Alájar;2010;Demandantes;Hombres;De 16 a 29 años;13,75;
Alájar;2010;Demandantes;Hombres;De 30 a 44 años;15,99999999;
Alájar;2010;Demandantes;Hombres;De 45 a 64 años;27,83333333;
Alájar;2010;Demandantes;Hombres;TOTAL;57,58333332;
Alájar;2010;Demandantes;Mujeres;De 16 a 29 años;13,58333332;
Alájar;2010;Demandantes;Mujeres;De 30 a 44 años;25,16666665;
Alájar;2010;Demandantes;Mujeres;De 45 a 64 años;17,91666667;
Alájar;2010;Demandantes;Mujeres;TOTAL;56,66666664;
Alájar;2010;Demandantes;Ambos sexos;De 16 a 29 años;27,33333332;
Alájar;2010;Demandantes;Ambos sexos;De 30 a 44 años;41,16666664;
Alájar;2010;Demandantes;Ambos sexos;De 45 a 64 años;45,75;
Alájar;2010;Demandantes;Ambos sexos;TOTAL;114,24999996;
Alájar;2011;Demandantes;Hombres;De 16 a 29 años;15,16666665;
Alájar;2011;Demandantes;Hombres;De 30 a 44 años;18,41666666;
Alájar;2011;Demandantes;Hombres;De 45 a 64 años;32,08333333;
Alájar;2011;Demandantes;Hombres;TOTAL;65,66666664;
Alájar;2011;Demandantes;Mujeres;De 16 a 29 años;15,49999999;
Alájar;2011;Demandantes;Mujeres;De 30 a 44 años;29,25;
Alájar;2011;Demandantes;Mujeres;De 45 a 64 años;19,25;
Alájar;2011;Demandantes;Mujeres;TOTAL;63,99999999;
Alájar;2011;Demandantes;Ambos sexos;De 16 a 29 años;30,66666664;
Alájar;2011;Demandantes;Ambos sexos;De 30 a 44 años;47,66666666;
Alájar;2011;Demandantes;Ambos sexos;De 45 a 64 años;51,33333333;
Alájar;2011;Demandantes;Ambos sexos;TOTAL;129,66666663;
Alájar;2012;Demandantes;Hombres;De 16 a 29 años;17,41666666;
Alájar;2012;Demandantes;Hombres;De 30 a 44 años;20,00000001;
Alájar;2012;Demandantes;Hombres;De 45 a 64 años;35,66666667;
Alájar;2012;Demandantes;Hombres;TOTAL;73,08333334;
Alájar;2012;Demandantes;Mujeres;De 16 a 29 años;14,16666668;
Alájar;2012;Demandantes;Mujeres;De 30 a 44 años;28,74999999;
Alájar;2012;Demandantes;Mujeres;De 45 a 64 años;24,66666666;
Alájar;2012;Demandantes;Mujeres;TOTAL;67,58333333;
Alájar;2012;Demandantes;Ambos sexos;De 16 a 29 años;31,58333334;
Alájar;2012;Demandantes;Ambos sexos;De 30 a 44 años;48,75;
Alájar;2012;Demandantes;Ambos sexos;De 45 a 64 años;60,33333333;
Alájar;2012;Demandantes;Ambos sexos;TOTAL;140,66666667;
Aljaraque;2010;Demandantes;Hombres;De 16 a 29 años;210,41666667;
Aljaraque;2010;Demandantes;Hombres;De 30 a 44 años;330,49999998;
Aljaraque;2010;Demandantes;Hombres;De 45 a 64 años;233,83333335;
Aljaraque;2010;Demandantes;Hombres;TOTAL;774,75;
Aljaraque;2010;Demandantes;Mujeres;De 16 a 29 años;169,41666671;
Aljaraque;2010;Demandantes;Mujeres;De 30 a 44 años;450,33333332;
Aljaraque;2010;Demandantes;Mujeres;De 45 a 64 años;271,83333334;
Aljaraque;2010;Demandantes;Mujeres;TOTAL;891,58333337;
Aljaraque;2010;Demandantes;Ambos sexos;De 16 a 29 años;379,83333338;
Aljaraque;2010;Demandantes;Ambos sexos;De 30 a 44 años;780,8333333;
Aljaraque;2010;Demandantes;Ambos sexos;De 45 a 64 años;505,66666669;
Aljaraque;2010;Demandantes;Ambos sexos;TOTAL;1666,33333337;
Aljaraque;2011;Demandantes;Hombres;De 16 a 29 años;205,08333335;
Aljaraque;2011;Demandantes;Hombres;De 30 a 44 años;358,25;
Aljaraque;2011;Demandantes;Hombres;De 45 a 64 años;301,25000001;
Aljaraque;2011;Demandantes;Hombres;TOTAL;864,58333336;
Aljaraque;2011;Demandantes;Mujeres;De 16 a 29 años;198,58333334;
Aljaraque;2011;Demandantes;Mujeres;De 30 a 44 años;500,83333331;
Aljaraque;2011;Demandantes;Mujeres;De 45 a 64 años;320,41666667;
Aljaraque;2011;Demandantes;Mujeres;TOTAL;1019,83333332;
Aljaraque;2011;Demandantes;Ambos sexos;De 16 a 29 años;403,66666669;
Aljaraque;2011;Demandantes;Ambos sexos;De 30 a 44 años;859,08333331;
Aljaraque;2011;Demandantes;Ambos sexos;De 45 a 64 años;621,66666668;
Aljaraque;2011;Demandantes;Ambos sexos;TOTAL;1884,41666668;
Aljaraque;2012;Demandantes;Hombres;De 16 a 29 años;220,41666666;
Aljaraque;2012;Demandantes;Hombres;De 30 a 44 años;421,00000001;
Aljaraque;2012;Demandantes;Hombres;De 45 a 64 años;345,58333331;
Aljaraque;2012;Demandantes;Hombres;TOTAL;986,99999998;
Aljaraque;2012;Demandantes;Mujeres;De 16 a 29 años;218,16666668;
Aljaraque;2012;Demandantes;Mujeres;De 30 a 44 años;545,58333334;
Aljaraque;2012;Demandantes;Mujeres;De 45 a 64 años;386,16666667;
Aljaraque;2012;Demandantes;Mujeres;TOTAL;1149,91666669;
Aljaraque;2012;Demandantes;Ambos sexos;De 16 a 29 años;438,58333334;
Aljaraque;2012;Demandantes;Ambos sexos;De 30 a 44 años;966,58333335;
Aljaraque;2012;Demandantes;Ambos sexos;De 45 a 64 años;731,74999998;
Aljaraque;2012;Demandantes;Ambos sexos;TOTAL;2136,91666667;
Almonaster la Real;2010;Demandantes;Hombres;De 16 a 29 años;27,83333333;
Almonaster la Real;2010;Demandantes;Hombres;De 30 a 44 años;32,41666667;
Almonaster la Real;2010;Demandantes;Hombres;De 45 a 64 años;28,33333333;
Almonaster la Real;2010;Demandantes;Hombres;TOTAL;88,58333333;
Almonaster la Real;2010;Demandantes;Mujeres;De 16 a 29 años;23,5;
Almonaster la Real;2010;Demandantes;Mujeres;De 30 a 44 años;37,66666668;
Almonaster la Real;2010;Demandantes;Mujeres;De 45 a 64 años;32,41666668;
Almonaster la Real;2010;Demandantes;Mujeres;TOTAL;93,58333336;
Almonaster la Real;2010;Demandantes;Ambos sexos;De 16 a 29 años;51,33333333;
Almonaster la Real;2010;Demandantes;Ambos sexos;De 30 a 44 años;70,08333335;
Almonaster la Real;2010;Demandantes;Ambos sexos;De 45 a 64 años;60,75000001;
Almonaster la Real;2010;Demandantes;Ambos sexos;TOTAL;182,16666669;
Almonaster la Real;2011;Demandantes;Hombres;De 16 a 29 años;35,74999999;
Almonaster la Real;2011;Demandantes;Hombres;De 30 a 44 años;33,5;
Almonaster la Real;2011;Demandantes;Hombres;De 45 a 64 años;34,33333333;
Almonaster la Real;2011;Demandantes;Hombres;TOTAL;103,58333332;
Almonaster la Real;2011;Demandantes;Mujeres;De 16 a 29 años;28,91666666;
Almonaster la Real;2011;Demandantes;Mujeres;De 30 a 44 años;35,50000001;
Almonaster la Real;2011;Demandantes;Mujeres;De 45 a 64 años;37,08333332;
Almonaster la Real;2011;Demandantes;Mujeres;TOTAL;101,49999999;
Almonaster la Real;2011;Demandantes;Ambos sexos;De 16 a 29 años;64,66666665;
Almonaster la Real;2011;Demandantes;Ambos sexos;De 30 a 44 años;69,00000001;
Almonaster la Real;2011;Demandantes;Ambos sexos;De 45 a 64 años;71,41666665;
Almonaster la Real;2011;Demandantes;Ambos sexos;TOTAL;205,08333331;
Almonaster la Real;2012;Demandantes;Hombres;De 16 a 29 años;41,08333335;
Almonaster la Real;2012;Demandantes;Hombres;De 30 a 44 años;40,83333332;
Almonaster la Real;2012;Demandantes;Hombres;De 45 a 64 años;47,33333334;
Almonaster la Real;2012;Demandantes;Hombres;TOTAL;129,25000001;
Almonaster la Real;2012;Demandantes;Mujeres;De 16 a 29 años;35,16666666;
Almonaster la Real;2012;Demandantes;Mujeres;De 30 a 44 años;37,91666667;
Almonaster la Real;2012;Demandantes;Mujeres;De 45 a 64 años;41,41666667;
Almonaster la Real;2012;Demandantes;Mujeres;TOTAL;114,5;
Almonaster la Real;2012;Demandantes;Ambos sexos;De 16 a 29 años;76,25000001;
Almonaster la Real;2012;Demandantes;Ambos sexos;De 30 a 44 años;78,74999999;
Almonaster la Real;2012;Demandantes;Ambos sexos;De 45 a 64 años;88,75000001;
Almonaster la Real;2012;Demandantes;Ambos sexos;TOTAL;243,75000001;
Almonte;2010;Demandantes;Hombres;De 16 a 29 años;278,58333333;
Almonte;2010;Demandantes;Hombres;De 30 a 44 años;528,58333331;
Almonte;2010;Demandantes;Hombres;De 45 a 64 años;355,75000002;
Almonte;2010;Demandantes;Hombres;TOTAL;1162,91666666;
Almonte;2010;Demandantes;Mujeres;De 16 a 29 años;196,41666665;
Almonte;2010;Demandantes;Mujeres;De 30 a 44 años;384,99999998;
Almonte;2010;Demandantes;Mujeres;De 45 a 64 años;159,41666668;
Almonte;2010;Demandantes;Mujeres;TOTAL;740,83333331;
Almonte;2010;Demandantes;Ambos sexos;De 16 a 29 años;474,99999998;
Almonte;2010;Demandantes;Ambos sexos;De 30 a 44 años;913,58333329;
Almonte;2010;Demandantes;Ambos sexos;De 45 a 64 años;515,1666667;
Almonte;2010;Demandantes;Ambos sexos;TOTAL;1903,74999997;
Almonte;2011;Demandantes;Hombres;De 16 a 29 años;245,74999999;
Almonte;2011;Demandantes;Hombres;De 30 a 44 años;462,08333333;
Almonte;2011;Demandantes;Hombres;De 45 a 64 años;378;
Almonte;2011;Demandantes;Hombres;TOTAL;1085,83333332;
Almonte;2011;Demandantes;Mujeres;De 16 a 29 años;213,58333334;
Almonte;2011;Demandantes;Mujeres;De 30 a 44 años;422;
Almonte;2011;Demandantes;Mujeres;De 45 a 64 años;173,83333332;
Almonte;2011;Demandantes;Mujeres;TOTAL;809,41666666;
Almonte;2011;Demandantes;Ambos sexos;De 16 a 29 años;459,33333333;
Almonte;2011;Demandantes;Ambos sexos;De 30 a 44 años;884,08333333;
Almonte;2011;Demandantes;Ambos sexos;De 45 a 64 años;551,83333332;
Almonte;2011;Demandantes;Ambos sexos;TOTAL;1895,24999998;
Almonte;2012;Demandantes;Hombres;De 16 a 29 años;248,33333332;
Almonte;2012;Demandantes;Hombres;De 30 a 44 años;434,66666666;
Almonte;2012;Demandantes;Hombres;De 45 a 64 años;403,16666669;
Almonte;2012;Demandantes;Hombres;TOTAL;1086,16666667;
Almonte;2012;Demandantes;Mujeres;De 16 a 29 años;213,41666667;
Almonte;2012;Demandantes;Mujeres;De 30 a 44 años;395,58333334;
Almonte;2012;Demandantes;Mujeres;De 45 a 64 años;217,08333336;
Almonte;2012;Demandantes;Mujeres;TOTAL;826,08333337;
Almonte;2012;Demandantes;Ambos sexos;De 16 a 29 años;461,74999999;
Almonte;2012;Demandantes;Ambos sexos;De 30 a 44 años;830,25;
Almonte;2012;Demandantes;Ambos sexos;De 45 a 64 años;620,25000005;
Almonte;2012;Demandantes;Ambos sexos;TOTAL;1912,25000004;
Alosno;2010;Demandantes;Hombres;De 16 a 29 años;66,00000003;
Alosno;2010;Demandantes;Hombres;De 30 a 44 años;93,58333333;
Alosno;2010;Demandantes;Hombres;De 45 a 64 años;97,75000001;
Alosno;2010;Demandantes;Hombres;TOTAL;257,33333337;
Alosno;2010;Demandantes;Mujeres;De 16 a 29 años;41,25;
Alosno;2010;Demandantes;Mujeres;De 30 a 44 años;59,66666666;
Alosno;2010;Demandantes;Mujeres;De 45 a 64 años;52,91666667;
Alosno;2010;Demandantes;Mujeres;TOTAL;153,83333333;
Alosno;2010;Demandantes;Ambos sexos;De 16 a 29 años;107,25000003;
Alosno;2010;Demandantes;Ambos sexos;De 30 a 44 años;153,24999999;
Alosno;2010;Demandantes;Ambos sexos;De 45 a 64 años;150,66666668;
Alosno;2010;Demandantes;Ambos sexos;TOTAL;411,1666667;
Alosno;2011;Demandantes;Hombres;De 16 a 29 años;82;
Alosno;2011;Demandantes;Hombres;De 30 a 44 años;104,25;
Alosno;2011;Demandantes;Hombres;De 45 a 64 años;107,91666668;
Alosno;2011;Demandantes;Hombres;TOTAL;294,16666668;
Alosno;2011;Demandantes;Mujeres;De 16 a 29 años;49,33333335;
Alosno;2011;Demandantes;Mujeres;De 30 a 44 años;65,33333334;
Alosno;2011;Demandantes;Mujeres;De 45 a 64 años;66,83333333;
Alosno;2011;Demandantes;Mujeres;TOTAL;181,50000002;
Alosno;2011;Demandantes;Ambos sexos;De 16 a 29 años;131,33333335;
Alosno;2011;Demandantes;Ambos sexos;De 30 a 44 años;169,58333334;
Alosno;2011;Demandantes;Ambos sexos;De 45 a 64 años;174,75000001;
Alosno;2011;Demandantes;Ambos sexos;TOTAL;475,6666667;
Alosno;2012;Demandantes;Hombres;De 16 a 29 años;85,41666666;
Alosno;2012;Demandantes;Hombres;De 30 a 44 años;111,58333333;
Alosno;2012;Demandantes;Hombres;De 45 a 64 años;145,33333337;
Alosno;2012;Demandantes;Hombres;TOTAL;342,33333336;
Alosno;2012;Demandantes;Mujeres;De 16 a 29 años;65,41666668;
Alosno;2012;Demandantes;Mujeres;De 30 a 44 años;82,25;
Alosno;2012;Demandantes;Mujeres;De 45 a 64 años;87,66666667;
Alosno;2012;Demandantes;Mujeres;TOTAL;235,33333335;
Alosno;2012;Demandantes;Ambos sexos;De 16 a 29 años;150,83333334;
Alosno;2012;Demandantes;Ambos sexos;De 30 a 44 años;193,83333333;
Alosno;2012;Demandantes;Ambos sexos;De 45 a 64 años;233,00000004;
Alosno;2012;Demandantes;Ambos sexos;TOTAL;577,66666671;
Aracena;2010;Demandantes;Hombres;De 16 a 29 años;117,58333332;
Aracena;2010;Demandantes;Hombres;De 30 a 44 años;137,00000002;
Aracena;2010;Demandantes;Hombres;De 45 a 64 años;104,75;
Aracena;2010;Demandantes;Hombres;TOTAL;359,33333334;
Aracena;2010;Demandantes;Mujeres;De 16 a 29 años;105,50000002;
Aracena;2010;Demandantes;Mujeres;De 30 a 44 años;179,83333333;
Aracena;2010;Demandantes;Mujeres;De 45 a 64 años;138,5;
Aracena;2010;Demandantes;Mujeres;TOTAL;423,83333335;
Aracena;2010;Demandantes;Ambos sexos;De 16 a 29 años;223,08333334;
Aracena;2010;Demandantes;Ambos sexos;De 30 a 44 años;316,83333335;
Aracena;2010;Demandantes;Ambos sexos;De 45 a 64 años;243,25;
Aracena;2010;Demandantes;Ambos sexos;TOTAL;783,16666669;
Aracena;2011;Demandantes;Hombres;De 16 a 29 años;133,99999999;
Aracena;2011;Demandantes;Hombres;De 30 a 44 años;167,50000001;
Aracena;2011;Demandantes;Hombres;De 45 a 64 años;120,25;
Aracena;2011;Demandantes;Hombres;TOTAL;421,75;
Aracena;2011;Demandantes;Mujeres;De 16 a 29 años;116,66666669;
Aracena;2011;Demandantes;Mujeres;De 30 a 44 años;191,33333332;
Aracena;2011;Demandantes;Mujeres;De 45 a 64 años;149,83333334;
Aracena;2011;Demandantes;Mujeres;TOTAL;457,83333335;
Aracena;2011;Demandantes;Ambos sexos;De 16 a 29 años;250,66666668;
Aracena;2011;Demandantes;Ambos sexos;De 30 a 44 años;358,83333333;
Aracena;2011;Demandantes;Ambos sexos;De 45 a 64 años;270,08333334;
Aracena;2011;Demandantes;Ambos sexos;TOTAL;879,58333335;
Aracena;2012;Demandantes;Hombres;De 16 a 29 años;138,41666667;
Aracena;2012;Demandantes;Hombres;De 30 a 44 años;215,33333333;
Aracena;2012;Demandantes;Hombres;De 45 a 64 años;169,16666666;
Aracena;2012;Demandantes;Hombres;TOTAL;522,91666666;
Aracena;2012;Demandantes;Mujeres;De 16 a 29 años;130,99999998;
Aracena;2012;Demandantes;Mujeres;De 30 a 44 años;236,08333332;
Aracena;2012;Demandantes;Mujeres;De 45 a 64 años;175,16666667;
Aracena;2012;Demandantes;Mujeres;TOTAL;542,24999997;
Aracena;2012;Demandantes;Ambos sexos;De 16 a 29 años;269,41666665;
Aracena;2012;Demandantes;Ambos sexos;De 30 a 44 años;451,41666665;
Aracena;2012;Demandantes;Ambos sexos;De 45 a 64 años;344,33333333;
Aracena;2012;Demandantes;Ambos sexos;TOTAL;1065,16666663;
Aroche;2010;Demandantes;Hombres;De 16 a 29 años;35,75;
Aroche;2010;Demandantes;Hombres;De 30 a 44 años;43,41666668;
Aroche;2010;Demandantes;Hombres;De 45 a 64 años;30,75;
Aroche;2010;Demandantes;Hombres;TOTAL;109,91666668;
Aroche;2010;Demandantes;Mujeres;De 16 a 29 años;23,00000002;
Aroche;2010;Demandantes;Mujeres;De 30 a 44 años;28,74999999;
Aroche;2010;Demandantes;Mujeres;De 45 a 64 años;14,49999998;
Aroche;2010;Demandantes;Mujeres;TOTAL;66,24999999;
Aroche;2010;Demandantes;Ambos sexos;De 16 a 29 años;58,75000002;
Aroche;2010;Demandantes;Ambos sexos;De 30 a 44 años;72,16666667;
Aroche;2010;Demandantes;Ambos sexos;De 45 a 64 años;45,24999998;
Aroche;2010;Demandantes;Ambos sexos;TOTAL;176,16666667;
Aroche;2011;Demandantes;Hombres;De 16 a 29 años;43,16666667;
Aroche;2011;Demandantes;Hombres;De 30 a 44 años;41,25;
Aroche;2011;Demandantes;Hombres;De 45 a 64 años;39,75000001;
Aroche;2011;Demandantes;Hombres;TOTAL;124,16666668;
Aroche;2011;Demandantes;Mujeres;De 16 a 29 años;34,08333333;
Aroche;2011;Demandantes;Mujeres;De 30 a 44 años;34,99999999;
Aroche;2011;Demandantes;Mujeres;De 45 a 64 años;16,66666666;
Aroche;2011;Demandantes;Mujeres;TOTAL;85,74999998;
Aroche;2011;Demandantes;Ambos sexos;De 16 a 29 años;77,25;
Aroche;2011;Demandantes;Ambos sexos;De 30 a 44 años;76,24999999;
Aroche;2011;Demandantes;Ambos sexos;De 45 a 64 años;56,41666667;
Aroche;2011;Demandantes;Ambos sexos;TOTAL;209,91666666;
Aroche;2012;Demandantes;Hombres;De 16 a 29 años;54,75;
Aroche;2012;Demandantes;Hombres;De 30 a 44 años;48,41666667;
Aroche;2012;Demandantes;Hombres;De 45 a 64 años;46,33333333;
Aroche;2012;Demandantes;Hombres;TOTAL;149,5;
Aroche;2012;Demandantes;Mujeres;De 16 a 29 años;46,58333332;
Aroche;2012;Demandantes;Mujeres;De 30 a 44 años;38,41666667;
Aroche;2012;Demandantes;Mujeres;De 45 a 64 años;21,99999999;
Aroche;2012;Demandantes;Mujeres;TOTAL;106,99999998;
Aroche;2012;Demandantes;Ambos sexos;De 16 a 29 años;101,33333332;
Aroche;2012;Demandantes;Ambos sexos;De 30 a 44 años;86,83333334;
Aroche;2012;Demandantes;Ambos sexos;De 45 a 64 años;68,33333332;
Aroche;2012;Demandantes;Ambos sexos;TOTAL;256,49999998;
Arroyomolinos de León;2010;Demandantes;Hombres;De 16 a 29 años;15,33333332;
Arroyomolinos de León;2010;Demandantes;Hombres;De 30 a 44 años;13,41666669;
Arroyomolinos de León;2010;Demandantes;Hombres;De 45 a 64 años;9,41666668;
Arroyomolinos de León;2010;Demandantes;Hombres;TOTAL;38,16666669;
Arroyomolinos de León;2010;Demandantes;Mujeres;De 16 a 29 años;14,08333334;
Arroyomolinos de León;2010;Demandantes;Mujeres;De 30 a 44 años;25,08333334;
Arroyomolinos de León;2010;Demandantes;Mujeres;De 45 a 64 años;51,58333334;
Arroyomolinos de León;2010;Demandantes;Mujeres;TOTAL;90,75000002;
Arroyomolinos de León;2010;Demandantes;Ambos sexos;De 16 a 29 años;29,41666666;
Arroyomolinos de León;2010;Demandantes;Ambos sexos;De 30 a 44 años;38,50000003;
Arroyomolinos de León;2010;Demandantes;Ambos sexos;De 45 a 64 años;61,00000002;
Arroyomolinos de León;2010;Demandantes;Ambos sexos;TOTAL;128,91666671;
Arroyomolinos de León;2011;Demandantes;Hombres;De 16 a 29 años;21,83333334;
Arroyomolinos de León;2011;Demandantes;Hombres;De 30 a 44 años;16,33333334;
Arroyomolinos de León;2011;Demandantes;Hombres;De 45 a 64 años;7,83333333;
Arroyomolinos de León;2011;Demandantes;Hombres;TOTAL;46,00000001;
Arroyomolinos de León;2011;Demandantes;Mujeres;De 16 a 29 años;18,58333334;
Arroyomolinos de León;2011;Demandantes;Mujeres;De 30 a 44 años;26,66666667;
Arroyomolinos de León;2011;Demandantes;Mujeres;De 45 a 64 años;55,66666665;
Arroyomolinos de León;2011;Demandantes;Mujeres;TOTAL;100,91666666;
Arroyomolinos de León;2011;Demandantes;Ambos sexos;De 16 a 29 años;40,41666668;
Arroyomolinos de León;2011;Demandantes;Ambos sexos;De 30 a 44 años;43,00000001;
Arroyomolinos de León;2011;Demandantes;Ambos sexos;De 45 a 64 años;63,49999998;
Arroyomolinos de León;2011;Demandantes;Ambos sexos;TOTAL;146,91666667;
Arroyomolinos de León;2012;Demandantes;Hombres;De 16 a 29 años;18,25000001;
Arroyomolinos de León;2012;Demandantes;Hombres;De 30 a 44 años;22;
Arroyomolinos de León;2012;Demandantes;Hombres;De 45 a 64 años;12,50000001;
Arroyomolinos de León;2012;Demandantes;Hombres;TOTAL;52,75000002;
Arroyomolinos de León;2012;Demandantes;Mujeres;De 16 a 29 años;22,83333334;
Arroyomolinos de León;2012;Demandantes;Mujeres;De 30 a 44 años;26,91666665;
Arroyomolinos de León;2012;Demandantes;Mujeres;De 45 a 64 años;55;
Arroyomolinos de León;2012;Demandantes;Mujeres;TOTAL;104,74999999;
Arroyomolinos de León;2012;Demandantes;Ambos sexos;De 16 a 29 años;41,08333335;
Arroyomolinos de León;2012;Demandantes;Ambos sexos;De 30 a 44 años;48,91666665;
Arroyomolinos de León;2012;Demandantes;Ambos sexos;De 45 a 64 años;67,50000001;
Arroyomolinos de León;2012;Demandantes;Ambos sexos;TOTAL;157,50000001;
Ayamonte;2010;Demandantes;Hombres;De 16 a 29 años;293,16666666;
Ayamonte;2010;Demandantes;Hombres;De 30 a 44 años;545,75000001;
Ayamonte;2010;Demandantes;Hombres;De 45 a 64 años;391,66666668;
Ayamonte;2010;Demandantes;Hombres;TOTAL;1230,58333335;
Ayamonte;2010;Demandantes;Mujeres;De 16 a 29 años;252,91666668;
Ayamonte;2010;Demandantes;Mujeres;De 30 a 44 años;461,49999998;
Ayamonte;2010;Demandantes;Mujeres;De 45 a 64 años;250,41666668;
Ayamonte;2010;Demandantes;Mujeres;TOTAL;964,83333334;
Ayamonte;2010;Demandantes;Ambos sexos;De 16 a 29 años;546,08333334;
Ayamonte;2010;Demandantes;Ambos sexos;De 30 a 44 años;1007,24999999;
Ayamonte;2010;Demandantes;Ambos sexos;De 45 a 64 años;642,08333336;
Ayamonte;2010;Demandantes;Ambos sexos;TOTAL;2195,41666669;
Ayamonte;2011;Demandantes;Hombres;De 16 a 29 años;305,00000001;
Ayamonte;2011;Demandantes;Hombres;De 30 a 44 años;524,08333334;
Ayamonte;2011;Demandantes;Hombres;De 45 a 64 años;442,99999997;
Ayamonte;2011;Demandantes;Hombres;TOTAL;1272,08333332;
Ayamonte;2011;Demandantes;Mujeres;De 16 a 29 años;286,58333335;
Ayamonte;2011;Demandantes;Mujeres;De 30 a 44 años;502,5;
Ayamonte;2011;Demandantes;Mujeres;De 45 a 64 años;303,08333332;
Ayamonte;2011;Demandantes;Mujeres;TOTAL;1092,16666667;
Ayamonte;2011;Demandantes;Ambos sexos;De 16 a 29 años;591,58333336;
Ayamonte;2011;Demandantes;Ambos sexos;De 30 a 44 años;1026,58333334;
Ayamonte;2011;Demandantes;Ambos sexos;De 45 a 64 años;746,08333329;
Ayamonte;2011;Demandantes;Ambos sexos;TOTAL;2364,24999999;
Ayamonte;2012;Demandantes;Hombres;De 16 a 29 años;293,83333332;
Ayamonte;2012;Demandantes;Hombres;De 30 a 44 años;548,66666666;
Ayamonte;2012;Demandantes;Hombres;De 45 a 64 años;503,41666666;
Ayamonte;2012;Demandantes;Hombres;TOTAL;1345,91666664;
Ayamonte;2012;Demandantes;Mujeres;De 16 a 29 años;296,16666666;
Ayamonte;2012;Demandantes;Mujeres;De 30 a 44 años;554,91666666;
Ayamonte;2012;Demandantes;Mujeres;De 45 a 64 años;374,08333334;
Ayamonte;2012;Demandantes;Mujeres;TOTAL;1225,16666666;
Ayamonte;2012;Demandantes;Ambos sexos;De 16 a 29 años;589,99999998;
Ayamonte;2012;Demandantes;Ambos sexos;De 30 a 44 años;1103,58333332;
Ayamonte;2012;Demandantes;Ambos sexos;De 45 a 64 años;877,5;
Ayamonte;2012;Demandantes;Ambos sexos;TOTAL;2571,0833333;
Beas;2010;Demandantes;Hombres;De 16 a 29 años;58,83333335;
Beas;2010;Demandantes;Hombres;De 30 a 44 años;103,91666666;
Beas;2010;Demandantes;Hombres;De 45 a 64 años;68,91666665;
Beas;2010;Demandantes;Hombres;TOTAL;231,66666666;
Beas;2010;Demandantes;Mujeres;De 16 a 29 años;40,66666668;
Beas;2010;Demandantes;Mujeres;De 30 a 44 años;55,5;
Beas;2010;Demandantes;Mujeres;De 45 a 64 años;26,99999999;
Beas;2010;Demandantes;Mujeres;TOTAL;123,16666667;
Beas;2010;Demandantes;Ambos sexos;De 16 a 29 años;99,50000003;
Beas;2010;Demandantes;Ambos sexos;De 30 a 44 años;159,41666666;
Beas;2010;Demandantes;Ambos sexos;De 45 a 64 años;95,91666664;
Beas;2010;Demandantes;Ambos sexos;TOTAL;354,83333333;
Beas;2011;Demandantes;Hombres;De 16 a 29 años;65,16666665;
Beas;2011;Demandantes;Hombres;De 30 a 44 años;103,99999998;
Beas;2011;Demandantes;Hombres;De 45 a 64 años;81,83333335;
Beas;2011;Demandantes;Hombres;TOTAL;250,99999998;
Beas;2011;Demandantes;Mujeres;De 16 a 29 años;41,66666667;
Beas;2011;Demandantes;Mujeres;De 30 a 44 años;62,08333333;
Beas;2011;Demandantes;Mujeres;De 45 a 64 años;30,58333334;
Beas;2011;Demandantes;Mujeres;TOTAL;134,33333334;
Beas;2011;Demandantes;Ambos sexos;De 16 a 29 años;106,83333332;
Beas;2011;Demandantes;Ambos sexos;De 30 a 44 años;166,08333331;
Beas;2011;Demandantes;Ambos sexos;De 45 a 64 años;112,41666669;
Beas;2011;Demandantes;Ambos sexos;TOTAL;385,33333332;
Beas;2012;Demandantes;Hombres;De 16 a 29 años;58,58333334;
Beas;2012;Demandantes;Hombres;De 30 a 44 años;102,41666666;
Beas;2012;Demandantes;Hombres;De 45 a 64 años;84,58333333;
Beas;2012;Demandantes;Hombres;TOTAL;245,58333333;
Beas;2012;Demandantes;Mujeres;De 16 a 29 años;49,33333337;
Beas;2012;Demandantes;Mujeres;De 30 a 44 años;72,91666667;
Beas;2012;Demandantes;Mujeres;De 45 a 64 años;36,66666667;
Beas;2012;Demandantes;Mujeres;TOTAL;158,91666671;
Beas;2012;Demandantes;Ambos sexos;De 16 a 29 años;107,91666671;
Beas;2012;Demandantes;Ambos sexos;De 30 a 44 años;175,33333333;
Beas;2012;Demandantes;Ambos sexos;De 45 a 64 años;121,25;
Beas;2012;Demandantes;Ambos sexos;TOTAL;404,50000004;
Berrocal;2010;Demandantes;Hombres;De 16 a 29 años;3,16666667;
Berrocal;2010;Demandantes;Hombres;De 30 a 44 años;3,75;
Berrocal;2010;Demandantes;Hombres;De 45 a 64 años;5,66666666;
Berrocal;2010;Demandantes;Hombres;TOTAL;12,58333333;
Berrocal;2010;Demandantes;Mujeres;De 16 a 29 años;0,66666665;
Berrocal;2010;Demandantes;Mujeres;De 30 a 44 años;1,83333333;
Berrocal;2010;Demandantes;Mujeres;De 45 a 64 años;2,75;
Berrocal;2010;Demandantes;Mujeres;TOTAL;5,24999998;
Berrocal;2010;Demandantes;Ambos sexos;De 16 a 29 años;3,83333332;
Berrocal;2010;Demandantes;Ambos sexos;De 30 a 44 años;5,58333333;
Berrocal;2010;Demandantes;Ambos sexos;De 45 a 64 años;8,41666666;
Berrocal;2010;Demandantes;Ambos sexos;TOTAL;17,83333331;
Berrocal;2011;Demandantes;Hombres;De 16 a 29 años;2,74999999;
Berrocal;2011;Demandantes;Hombres;De 30 a 44 años;3,99999999;
Berrocal;2011;Demandantes;Hombres;De 45 a 64 años;7,58333334;
Berrocal;2011;Demandantes;Hombres;TOTAL;14,33333332;
Berrocal;2011;Demandantes;Mujeres;De 16 a 29 años;2,58333334;
Berrocal;2011;Demandantes;Mujeres;De 30 a 44 años;3,33333334;
Berrocal;2011;Demandantes;Mujeres;De 45 a 64 años;3,16666666;
Berrocal;2011;Demandantes;Mujeres;TOTAL;9,08333334;
Berrocal;2011;Demandantes;Ambos sexos;De 16 a 29 años;5,33333333;
Berrocal;2011;Demandantes;Ambos sexos;De 30 a 44 años;7,33333333;
Berrocal;2011;Demandantes;Ambos sexos;De 45 a 64 años;10,75;
Berrocal;2011;Demandantes;Ambos sexos;TOTAL;23,41666666;
Berrocal;2012;Demandantes;Hombres;De 16 a 29 años;3,08333334;
Berrocal;2012;Demandantes;Hombres;De 30 a 44 años;8,66666668;
Berrocal;2012;Demandantes;Hombres;De 45 a 64 años;8;
Berrocal;2012;Demandantes;Hombres;TOTAL;19,75000002;
Berrocal;2012;Demandantes;Mujeres;De 16 a 29 años;4,08333334;
Berrocal;2012;Demandantes;Mujeres;De 30 a 44 años;6,08333333;
Berrocal;2012;Demandantes;Mujeres;De 45 a 64 años;4,58333333;
Berrocal;2012;Demandantes;Mujeres;TOTAL;14,75;
Berrocal;2012;Demandantes;Ambos sexos;De 16 a 29 años;7,16666668;
Berrocal;2012;Demandantes;Ambos sexos;De 30 a 44 años;14,75000001;
Berrocal;2012;Demandantes;Ambos sexos;De 45 a 64 años;12,58333333;
Berrocal;2012;Demandantes;Ambos sexos;TOTAL;34,50000002;
Bollullos Par del Condado;2010;Demandantes;Hombres;De 16 a 29 años;147,16666667;
Bollullos Par del Condado;2010;Demandantes;Hombres;De 30 a 44 años;275,4166667;
Bollullos Par del Condado;2010;Demandantes;Hombres;De 45 a 64 años;226,58333332;
Bollullos Par del Condado;2010;Demandantes;Hombres;TOTAL;649,16666669;
Bollullos Par del Condado;2010;Demandantes;Mujeres;De 16 a 29 años;106,41666668;
Bollullos Par del Condado;2010;Demandantes;Mujeres;De 30 a 44 años;172,24999999;
Bollullos Par del Condado;2010;Demandantes;Mujeres;De 45 a 64 años;72,41666667;
Bollullos Par del Condado;2010;Demandantes;Mujeres;TOTAL;351,08333334;
Bollullos Par del Condado;2010;Demandantes;Ambos sexos;De 16 a 29 años;253,58333335;
Bollullos Par del Condado;2010;Demandantes;Ambos sexos;De 30 a 44 años;447,66666669;
Bollullos Par del Condado;2010;Demandantes;Ambos sexos;De 45 a 64 años;298,99999999;
Bollullos Par del Condado;2010;Demandantes;Ambos sexos;TOTAL;1000,25000003;
Bollullos Par del Condado;2011;Demandantes;Hombres;De 16 a 29 años;135,74999998;
Bollullos Par del Condado;2011;Demandantes;Hombres;De 30 a 44 años;278,58333332;
Bollullos Par del Condado;2011;Demandantes;Hombres;De 45 a 64 años;232,58333336;
Bollullos Par del Condado;2011;Demandantes;Hombres;TOTAL;646,91666666;
Bollullos Par del Condado;2011;Demandantes;Mujeres;De 16 a 29 años;114,33333333;
Bollullos Par del Condado;2011;Demandantes;Mujeres;De 30 a 44 años;187,66666665;
Bollullos Par del Condado;2011;Demandantes;Mujeres;De 45 a 64 años;88,58333334;
Bollullos Par del Condado;2011;Demandantes;Mujeres;TOTAL;390,58333332;
Bollullos Par del Condado;2011;Demandantes;Ambos sexos;De 16 a 29 años;250,08333331;
Bollullos Par del Condado;2011;Demandantes;Ambos sexos;De 30 a 44 años;466,24999997;
Bollullos Par del Condado;2011;Demandantes;Ambos sexos;De 45 a 64 años;321,1666667;
Bollullos Par del Condado;2011;Demandantes;Ambos sexos;TOTAL;1037,49999998;
Bollullos Par del Condado;2012;Demandantes;Hombres;De 16 a 29 años;141,74999998;
Bollullos Par del Condado;2012;Demandantes;Hombres;De 30 a 44 años;252,41666667;
Bollullos Par del Condado;2012;Demandantes;Hombres;De 45 a 64 años;278,25;
Bollullos Par del Condado;2012;Demandantes;Hombres;TOTAL;672,41666665;
Bollullos Par del Condado;2012;Demandantes;Mujeres;De 16 a 29 años;134,49999998;
Bollullos Par del Condado;2012;Demandantes;Mujeres;De 30 a 44 años;189,16666667;
Bollullos Par del Condado;2012;Demandantes;Mujeres;De 45 a 64 años;106,66666668;
Bollullos Par del Condado;2012;Demandantes;Mujeres;TOTAL;430,33333333;
Bollullos Par del Condado;2012;Demandantes;Ambos sexos;De 16 a 29 años;276,24999996;
Bollullos Par del Condado;2012;Demandantes;Ambos sexos;De 30 a 44 años;441,58333334;
Bollullos Par del Condado;2012;Demandantes;Ambos sexos;De 45 a 64 años;384,91666668;
Bollullos Par del Condado;2012;Demandantes;Ambos sexos;TOTAL;1102,74999998;
Bonares;2010;Demandantes;Hombres;De 16 a 29 años;59,16666665;
Bonares;2010;Demandantes;Hombres;De 30 a 44 años;100,91666666;
Bonares;2010;Demandantes;Hombres;De 45 a 64 años;81,66666666;
Bonares;2010;Demandantes;Hombres;TOTAL;241,74999997;
Bonares;2010;Demandantes;Mujeres;De 16 a 29 años;26,74999998;
Bonares;2010;Demandantes;Mujeres;De 30 a 44 años;45,74999999;
Bonares;2010;Demandantes;Mujeres;De 45 a 64 años;19,25000001;
Bonares;2010;Demandantes;Mujeres;TOTAL;91,74999998;
Bonares;2010;Demandantes;Ambos sexos;De 16 a 29 años;85,91666663;
Bonares;2010;Demandantes;Ambos sexos;De 30 a 44 años;146,66666665;
Bonares;2010;Demandantes;Ambos sexos;De 45 a 64 años;100,91666667;
Bonares;2010;Demandantes;Ambos sexos;TOTAL;333,49999995;
Bonares;2011;Demandantes;Hombres;De 16 a 29 años;54,33333335;
Bonares;2011;Demandantes;Hombres;De 30 a 44 años;92,16666666;
Bonares;2011;Demandantes;Hombres;De 45 a 64 años;96,08333335;
Bonares;2011;Demandantes;Hombres;TOTAL;242,58333336;
Bonares;2011;Demandantes;Mujeres;De 16 a 29 años;29,25000001;
Bonares;2011;Demandantes;Mujeres;De 30 a 44 años;56,3333333;
Bonares;2011;Demandantes;Mujeres;De 45 a 64 años;25,41666666;
Bonares;2011;Demandantes;Mujeres;TOTAL;110,99999997;
Bonares;2011;Demandantes;Ambos sexos;De 16 a 29 años;83,58333336;
Bonares;2011;Demandantes;Ambos sexos;De 30 a 44 años;148,49999996;
Bonares;2011;Demandantes;Ambos sexos;De 45 a 64 años;121,50000001;
Bonares;2011;Demandantes;Ambos sexos;TOTAL;353,58333333;
Bonares;2012;Demandantes;Hombres;De 16 a 29 años;49,83333335;
Bonares;2012;Demandantes;Hombres;De 30 a 44 años;88,16666669;
Bonares;2012;Demandantes;Hombres;De 45 a 64 años;108,66666667;
Bonares;2012;Demandantes;Hombres;TOTAL;246,66666671;
Bonares;2012;Demandantes;Mujeres;De 16 a 29 años;35,91666666;
Bonares;2012;Demandantes;Mujeres;De 30 a 44 años;59,58333333;
Bonares;2012;Demandantes;Mujeres;De 45 a 64 años;29,99999999;
Bonares;2012;Demandantes;Mujeres;TOTAL;125,49999998;
Bonares;2012;Demandantes;Ambos sexos;De 16 a 29 años;85,75000001;
Bonares;2012;Demandantes;Ambos sexos;De 30 a 44 años;147,75000002;
Bonares;2012;Demandantes;Ambos sexos;De 45 a 64 años;138,66666666;
Bonares;2012;Demandantes;Ambos sexos;TOTAL;372,16666669;
Cabezas Rubias;2010;Demandantes;Hombres;De 16 a 29 años;8,75000001;
Cabezas Rubias;2010;Demandantes;Hombres;De 30 a 44 años;8,91666667;
Cabezas Rubias;2010;Demandantes;Hombres;De 45 a 64 años;11,66666666;
Cabezas Rubias;2010;Demandantes;Hombres;TOTAL;29,33333334;
Cabezas Rubias;2010;Demandantes;Mujeres;De 16 a 29 años;9,16666666;
Cabezas Rubias;2010;Demandantes;Mujeres;De 30 a 44 años;6,33333333;
Cabezas Rubias;2010;Demandantes;Mujeres;De 45 a 64 años;5,5;
Cabezas Rubias;2010;Demandantes;Mujeres;TOTAL;20,99999999;
Cabezas Rubias;2010;Demandantes;Ambos sexos;De 16 a 29 años;17,91666667;
Cabezas Rubias;2010;Demandantes;Ambos sexos;De 30 a 44 años;15,25;
Cabezas Rubias;2010;Demandantes;Ambos sexos;De 45 a 64 años;17,16666666;
Cabezas Rubias;2010;Demandantes;Ambos sexos;TOTAL;50,33333333;
Cabezas Rubias;2011;Demandantes;Hombres;De 16 a 29 años;7,91666668;
Cabezas Rubias;2011;Demandantes;Hombres;De 30 a 44 años;8,66666666;
Cabezas Rubias;2011;Demandantes;Hombres;De 45 a 64 años;12,41666667;
Cabezas Rubias;2011;Demandantes;Hombres;TOTAL;29,00000001;
Cabezas Rubias;2011;Demandantes;Mujeres;De 16 a 29 años;10,41666667;
Cabezas Rubias;2011;Demandantes;Mujeres;De 30 a 44 años;6;
Cabezas Rubias;2011;Demandantes;Mujeres;De 45 a 64 años;7,50000001;
Cabezas Rubias;2011;Demandantes;Mujeres;TOTAL;23,91666668;
Cabezas Rubias;2011;Demandantes;Ambos sexos;De 16 a 29 años;18,33333335;
Cabezas Rubias;2011;Demandantes;Ambos sexos;De 30 a 44 años;14,66666666;
Cabezas Rubias;2011;Demandantes;Ambos sexos;De 45 a 64 años;19,91666668;
Cabezas Rubias;2011;Demandantes;Ambos sexos;TOTAL;52,91666669;
Cabezas Rubias;2012;Demandantes;Hombres;De 16 a 29 años;9,99999999;
Cabezas Rubias;2012;Demandantes;Hombres;De 30 a 44 años;9,5;
Cabezas Rubias;2012;Demandantes;Hombres;De 45 a 64 años;15,41666666;
Cabezas Rubias;2012;Demandantes;Hombres;TOTAL;34,91666665;
Cabezas Rubias;2012;Demandantes;Mujeres;De 16 a 29 años;16,91666667;
Cabezas Rubias;2012;Demandantes;Mujeres;De 30 a 44 años;8,74999999;
Cabezas Rubias;2012;Demandantes;Mujeres;De 45 a 64 años;8,24999999;
Cabezas Rubias;2012;Demandantes;Mujeres;TOTAL;33,91666665;
Cabezas Rubias;2012;Demandantes;Ambos sexos;De 16 a 29 años;26,91666666;
Cabezas Rubias;2012;Demandantes;Ambos sexos;De 30 a 44 años;18,24999999;
Cabezas Rubias;2012;Demandantes;Ambos sexos;De 45 a 64 años;23,66666665;
Cabezas Rubias;2012;Demandantes;Ambos sexos;TOTAL;68,8333333;
Cala;2010;Demandantes;Hombres;De 16 a 29 años;20,91666665;
Cala;2010;Demandantes;Hombres;De 30 a 44 años;19,74999999;
Cala;2010;Demandantes;Hombres;De 45 a 64 años;24,91666667;
Cala;2010;Demandantes;Hombres;TOTAL;65,58333331;
Cala;2010;Demandantes;Mujeres;De 16 a 29 años;27,58333332;
Cala;2010;Demandantes;Mujeres;De 30 a 44 años;48,41666667;
Cala;2010;Demandantes;Mujeres;De 45 a 64 años;38,24999997;
Cala;2010;Demandantes;Mujeres;TOTAL;114,24999996;
Cala;2010;Demandantes;Ambos sexos;De 16 a 29 años;48,49999997;
Cala;2010;Demandantes;Ambos sexos;De 30 a 44 años;68,16666666;
Cala;2010;Demandantes;Ambos sexos;De 45 a 64 años;63,16666664;
Cala;2010;Demandantes;Ambos sexos;TOTAL;179,83333327;
Cala;2011;Demandantes;Hombres;De 16 a 29 años;29,41666666;
Cala;2011;Demandantes;Hombres;De 30 a 44 años;25,08333333;
Cala;2011;Demandantes;Hombres;De 45 a 64 años;32,74999998;
Cala;2011;Demandantes;Hombres;TOTAL;87,24999997;
Cala;2011;Demandantes;Mujeres;De 16 a 29 años;32,41666667;
Cala;2011;Demandantes;Mujeres;De 30 a 44 años;49,91666666;
Cala;2011;Demandantes;Mujeres;De 45 a 64 años;42,75;
Cala;2011;Demandantes;Mujeres;TOTAL;125,08333333;
Cala;2011;Demandantes;Ambos sexos;De 16 a 29 años;61,83333333;
Cala;2011;Demandantes;Ambos sexos;De 30 a 44 años;74,99999999;
Cala;2011;Demandantes;Ambos sexos;De 45 a 64 años;75,49999998;
Cala;2011;Demandantes;Ambos sexos;TOTAL;212,3333333;
Cala;2012;Demandantes;Hombres;De 16 a 29 años;35,25;
Cala;2012;Demandantes;Hombres;De 30 a 44 años;31,91666666;
Cala;2012;Demandantes;Hombres;De 45 a 64 años;35,25000001;
Cala;2012;Demandantes;Hombres;TOTAL;102,41666667;
Cala;2012;Demandantes;Mujeres;De 16 a 29 años;33,66666667;
Cala;2012;Demandantes;Mujeres;De 30 a 44 años;47,91666667;
Cala;2012;Demandantes;Mujeres;De 45 a 64 años;46,08333334;
Cala;2012;Demandantes;Mujeres;TOTAL;127,66666668;
Cala;2012;Demandantes;Ambos sexos;De 16 a 29 años;68,91666667;
Cala;2012;Demandantes;Ambos sexos;De 30 a 44 años;79,83333333;
Cala;2012;Demandantes;Ambos sexos;De 45 a 64 años;81,33333335;
Cala;2012;Demandantes;Ambos sexos;TOTAL;230,08333335;
Calañas;2010;Demandantes;Hombres;De 16 a 29 años;62,83333334;
Calañas;2010;Demandantes;Hombres;De 30 a 44 años;73,75000001;
Calañas;2010;Demandantes;Hombres;De 45 a 64 años;98,91666668;
Calañas;2010;Demandantes;Hombres;TOTAL;235,50000003;
Calañas;2010;Demandantes;Mujeres;De 16 a 29 años;57,08333331;
Calañas;2010;Demandantes;Mujeres;De 30 a 44 años;67,50000002;
Calañas;2010;Demandantes;Mujeres;De 45 a 64 años;96;
Calañas;2010;Demandantes;Mujeres;TOTAL;220,58333333;
Calañas;2010;Demandantes;Ambos sexos;De 16 a 29 años;119,91666665;
Calañas;2010;Demandantes;Ambos sexos;De 30 a 44 años;141,25000003;
Calañas;2010;Demandantes;Ambos sexos;De 45 a 64 años;194,91666668;
Calañas;2010;Demandantes;Ambos sexos;TOTAL;456,08333336;
Calañas;2011;Demandantes;Hombres;De 16 a 29 años;87,49999998;
Calañas;2011;Demandantes;Hombres;De 30 a 44 años;87,41666665;
Calañas;2011;Demandantes;Hombres;De 45 a 64 años;111,66666665;
Calañas;2011;Demandantes;Hombres;TOTAL;286,58333328;
Calañas;2011;Demandantes;Mujeres;De 16 a 29 años;67,25;
Calañas;2011;Demandantes;Mujeres;De 30 a 44 años;73,75;
Calañas;2011;Demandantes;Mujeres;De 45 a 64 años;101,08333333;
Calañas;2011;Demandantes;Mujeres;TOTAL;242,08333333;
Calañas;2011;Demandantes;Ambos sexos;De 16 a 29 años;154,74999998;
Calañas;2011;Demandantes;Ambos sexos;De 30 a 44 años;161,16666665;
Calañas;2011;Demandantes;Ambos sexos;De 45 a 64 años;212,74999998;
Calañas;2011;Demandantes;Ambos sexos;TOTAL;528,66666661;
Calañas;2012;Demandantes;Hombres;De 16 a 29 años;105,83333334;
Calañas;2012;Demandantes;Hombres;De 30 a 44 años;97,08333334;
Calañas;2012;Demandantes;Hombres;De 45 a 64 años;135,58333334;
Calañas;2012;Demandantes;Hombres;TOTAL;338,50000002;
Calañas;2012;Demandantes;Mujeres;De 16 a 29 años;89,99999999;
Calañas;2012;Demandantes;Mujeres;De 30 a 44 años;99,75000001;
Calañas;2012;Demandantes;Mujeres;De 45 a 64 años;127,66666666;
Calañas;2012;Demandantes;Mujeres;TOTAL;317,41666666;
Calañas;2012;Demandantes;Ambos sexos;De 16 a 29 años;195,83333333;
Calañas;2012;Demandantes;Ambos sexos;De 30 a 44 años;196,83333335;
Calañas;2012;Demandantes;Ambos sexos;De 45 a 64 años;263,25;
Calañas;2012;Demandantes;Ambos sexos;TOTAL;655,91666668;
Campofrío;2010;Demandantes;Hombres;De 16 a 29 años;10,16666666;
Campofrío;2010;Demandantes;Hombres;De 30 a 44 años;17,91666667;
Campofrío;2010;Demandantes;Hombres;De 45 a 64 años;23,66666666;
Campofrío;2010;Demandantes;Hombres;TOTAL;51,74999999;
Campofrío;2010;Demandantes;Mujeres;De 16 a 29 años;13,00000001;
Campofrío;2010;Demandantes;Mujeres;De 30 a 44 años;20;
Campofrío;2010;Demandantes;Mujeres;De 45 a 64 años;22,33333333;
Campofrío;2010;Demandantes;Mujeres;TOTAL;55,33333334;
Campofrío;2010;Demandantes;Ambos sexos;De 16 a 29 años;23,16666667;
Campofrío;2010;Demandantes;Ambos sexos;De 30 a 44 años;37,91666667;
Campofrío;2010;Demandantes;Ambos sexos;De 45 a 64 años;45,99999999;
Campofrío;2010;Demandantes;Ambos sexos;TOTAL;107,08333333;
Campofrío;2011;Demandantes;Hombres;De 16 a 29 años;10,83333333;
Campofrío;2011;Demandantes;Hombres;De 30 a 44 años;23,5;
Campofrío;2011;Demandantes;Hombres;De 45 a 64 años;26,16666665;
Campofrío;2011;Demandantes;Hombres;TOTAL;60,49999998;
Campofrío;2011;Demandantes;Mujeres;De 16 a 29 años;14,75000001;
Campofrío;2011;Demandantes;Mujeres;De 30 a 44 años;25,16666666;
Campofrío;2011;Demandantes;Mujeres;De 45 a 64 años;22,25000001;
Campofrío;2011;Demandantes;Mujeres;TOTAL;62,16666668;
Campofrío;2011;Demandantes;Ambos sexos;De 16 a 29 años;25,58333334;
Campofrío;2011;Demandantes;Ambos sexos;De 30 a 44 años;48,66666666;
Campofrío;2011;Demandantes;Ambos sexos;De 45 a 64 años;48,41666666;
Campofrío;2011;Demandantes;Ambos sexos;TOTAL;122,66666666;
Campofrío;2012;Demandantes;Hombres;De 16 a 29 años;11,33333333;
Campofrío;2012;Demandantes;Hombres;De 30 a 44 años;24,58333332;
Campofrío;2012;Demandantes;Hombres;De 45 a 64 años;29,66666667;
Campofrío;2012;Demandantes;Hombres;TOTAL;65,58333332;
Campofrío;2012;Demandantes;Mujeres;De 16 a 29 años;20,08333333;
Campofrío;2012;Demandantes;Mujeres;De 30 a 44 años;33,16666666;
Campofrío;2012;Demandantes;Mujeres;De 45 a 64 años;27,91666667;
Campofrío;2012;Demandantes;Mujeres;TOTAL;81,16666666;
Campofrío;2012;Demandantes;Ambos sexos;De 16 a 29 años;31,41666666;
Campofrío;2012;Demandantes;Ambos sexos;De 30 a 44 años;57,74999998;
Campofrío;2012;Demandantes;Ambos sexos;De 45 a 64 años;57,58333334;
Campofrío;2012;Demandantes;Ambos sexos;TOTAL;146,74999998;
Cañaveral de León;2010;Demandantes;Hombres;De 16 a 29 años;7,33333333;
Cañaveral de León;2010;Demandantes;Hombres;De 30 a 44 años;7,66666666;
Cañaveral de León;2010;Demandantes;Hombres;De 45 a 64 años;6,91666667;
Cañaveral de León;2010;Demandantes;Hombres;TOTAL;21,91666666;
Cañaveral de León;2010;Demandantes;Mujeres;De 16 a 29 años;4,74999999;
Cañaveral de León;2010;Demandantes;Mujeres;De 30 a 44 años;4,66666667;
Cañaveral de León;2010;Demandantes;Mujeres;De 45 a 64 años;5,25;
Cañaveral de León;2010;Demandantes;Mujeres;TOTAL;14,66666666;
Cañaveral de León;2010;Demandantes;Ambos sexos;De 16 a 29 años;12,08333332;
Cañaveral de León;2010;Demandantes;Ambos sexos;De 30 a 44 años;12,33333333;
Cañaveral de León;2010;Demandantes;Ambos sexos;De 45 a 64 años;12,16666667;
Cañaveral de León;2010;Demandantes;Ambos sexos;TOTAL;36,58333332;
Cañaveral de León;2011;Demandantes;Hombres;De 16 a 29 años;8,16666667;
Cañaveral de León;2011;Demandantes;Hombres;De 30 a 44 años;9,33333333;
Cañaveral de León;2011;Demandantes;Hombres;De 45 a 64 años;10,66666666;
Cañaveral de León;2011;Demandantes;Hombres;TOTAL;28,16666666;
Cañaveral de León;2011;Demandantes;Mujeres;De 16 a 29 años;4,50000001;
Cañaveral de León;2011;Demandantes;Mujeres;De 30 a 44 años;3,83333334;
Cañaveral de León;2011;Demandantes;Mujeres;De 45 a 64 años;6;
Cañaveral de León;2011;Demandantes;Mujeres;TOTAL;14,33333335;
Cañaveral de León;2011;Demandantes;Ambos sexos;De 16 a 29 años;12,66666668;
Cañaveral de León;2011;Demandantes;Ambos sexos;De 30 a 44 años;13,16666667;
Cañaveral de León;2011;Demandantes;Ambos sexos;De 45 a 64 años;16,66666666;
Cañaveral de León;2011;Demandantes;Ambos sexos;TOTAL;42,50000001;
Cañaveral de León;2012;Demandantes;Hombres;De 16 a 29 años;8,83333334;
Cañaveral de León;2012;Demandantes;Hombres;De 30 a 44 años;12,16666666;
Cañaveral de León;2012;Demandantes;Hombres;De 45 a 64 años;13,08333333;
Cañaveral de León;2012;Demandantes;Hombres;TOTAL;34,08333333;
Cañaveral de León;2012;Demandantes;Mujeres;De 16 a 29 años;5,83333333;
Cañaveral de León;2012;Demandantes;Mujeres;De 30 a 44 años;7,08333333;
Cañaveral de León;2012;Demandantes;Mujeres;De 45 a 64 años;7,41666667;
Cañaveral de León;2012;Demandantes;Mujeres;TOTAL;20,33333333;
Cañaveral de León;2012;Demandantes;Ambos sexos;De 16 a 29 años;14,66666667;
Cañaveral de León;2012;Demandantes;Ambos sexos;De 30 a 44 años;19,24999999;
Cañaveral de León;2012;Demandantes;Ambos sexos;De 45 a 64 años;20,5;
Cañaveral de León;2012;Demandantes;Ambos sexos;TOTAL;54,41666666;
Cartaya;2010;Demandantes;Hombres;De 16 a 29 años;275,41666665;
Cartaya;2010;Demandantes;Hombres;De 30 a 44 años;452,5833333;
Cartaya;2010;Demandantes;Hombres;De 45 a 64 años;289,83333332;
Cartaya;2010;Demandantes;Hombres;TOTAL;1017,83333327;
Cartaya;2010;Demandantes;Mujeres;De 16 a 29 años;179,24999999;
Cartaya;2010;Demandantes;Mujeres;De 30 a 44 años;321,33333333;
Cartaya;2010;Demandantes;Mujeres;De 45 a 64 años;156,08333334;
Cartaya;2010;Demandantes;Mujeres;TOTAL;656,66666666;
Cartaya;2010;Demandantes;Ambos sexos;De 16 a 29 años;454,66666664;
Cartaya;2010;Demandantes;Ambos sexos;De 30 a 44 años;773,91666663;
Cartaya;2010;Demandantes;Ambos sexos;De 45 a 64 años;445,91666666;
Cartaya;2010;Demandantes;Ambos sexos;TOTAL;1674,49999993;
Cartaya;2011;Demandantes;Hombres;De 16 a 29 años;233,33333336;
Cartaya;2011;Demandantes;Hombres;De 30 a 44 años;411,25000001;
Cartaya;2011;Demandantes;Hombres;De 45 a 64 años;331,08333332;
Cartaya;2011;Demandantes;Hombres;TOTAL;975,66666669;
Cartaya;2011;Demandantes;Mujeres;De 16 a 29 años;205;
Cartaya;2011;Demandantes;Mujeres;De 30 a 44 años;325,74999998;
Cartaya;2011;Demandantes;Mujeres;De 45 a 64 años;186,66666667;
Cartaya;2011;Demandantes;Mujeres;TOTAL;717,41666665;
Cartaya;2011;Demandantes;Ambos sexos;De 16 a 29 años;438,33333336;
Cartaya;2011;Demandantes;Ambos sexos;De 30 a 44 años;736,99999999;
Cartaya;2011;Demandantes;Ambos sexos;De 45 a 64 años;517,74999999;
Cartaya;2011;Demandantes;Ambos sexos;TOTAL;1693,08333334;
Cartaya;2012;Demandantes;Hombres;De 16 a 29 años;217,58333334;
Cartaya;2012;Demandantes;Hombres;De 30 a 44 años;375,50000001;
Cartaya;2012;Demandantes;Hombres;De 45 a 64 años;377,91666663;
Cartaya;2012;Demandantes;Hombres;TOTAL;970,99999998;
Cartaya;2012;Demandantes;Mujeres;De 16 a 29 años;241,75000002;
Cartaya;2012;Demandantes;Mujeres;De 30 a 44 años;366,24999998;
Cartaya;2012;Demandantes;Mujeres;De 45 a 64 años;214,41666665;
Cartaya;2012;Demandantes;Mujeres;TOTAL;822,41666665;
Cartaya;2012;Demandantes;Ambos sexos;De 16 a 29 años;459,33333336;
Cartaya;2012;Demandantes;Ambos sexos;De 30 a 44 años;741,74999999;
Cartaya;2012;Demandantes;Ambos sexos;De 45 a 64 años;592,33333328;
Cartaya;2012;Demandantes;Ambos sexos;TOTAL;1793,41666663;
Castaño del Robledo;2010;Demandantes;Hombres;De 16 a 29 años;1,66666667;
Castaño del Robledo;2010;Demandantes;Hombres;De 30 a 44 años;2,33333333;
Castaño del Robledo;2010;Demandantes;Hombres;De 45 a 64 años;7,83333333;
Castaño del Robledo;2010;Demandantes;Hombres;TOTAL;11,83333333;
Castaño del Robledo;2010;Demandantes;Mujeres;De 16 a 29 años;1,91666666;
Castaño del Robledo;2010;Demandantes;Mujeres;De 30 a 44 años;3,58333333;
Castaño del Robledo;2010;Demandantes;Mujeres;De 45 a 64 años;2,25;
Castaño del Robledo;2010;Demandantes;Mujeres;TOTAL;7,74999999;
Castaño del Robledo;2010;Demandantes;Ambos sexos;De 16 a 29 años;3,58333333;
Castaño del Robledo;2010;Demandantes;Ambos sexos;De 30 a 44 años;5,91666666;
Castaño del Robledo;2010;Demandantes;Ambos sexos;De 45 a 64 años;10,08333333;
Castaño del Robledo;2010;Demandantes;Ambos sexos;TOTAL;19,58333332;
Castaño del Robledo;2011;Demandantes;Hombres;De 16 a 29 años;4;
Castaño del Robledo;2011;Demandantes;Hombres;De 30 a 44 años;3,25000001;
Castaño del Robledo;2011;Demandantes;Hombres;De 45 a 64 años;8,16666666;
Castaño del Robledo;2011;Demandantes;Hombres;TOTAL;15,41666667;
Castaño del Robledo;2011;Demandantes;Mujeres;De 16 a 29 años;3,33333334;
Castaño del Robledo;2011;Demandantes;Mujeres;De 30 a 44 años;3,41666666;
Castaño del Robledo;2011;Demandantes;Mujeres;De 45 a 64 años;2,58333334;
Castaño del Robledo;2011;Demandantes;Mujeres;TOTAL;9,33333334;
Castaño del Robledo;2011;Demandantes;Ambos sexos;De 16 a 29 años;7,33333334;
Castaño del Robledo;2011;Demandantes;Ambos sexos;De 30 a 44 años;6,66666667;
Castaño del Robledo;2011;Demandantes;Ambos sexos;De 45 a 64 años;10,75;
Castaño del Robledo;2011;Demandantes;Ambos sexos;TOTAL;24,75000001;
Castaño del Robledo;2012;Demandantes;Hombres;De 16 a 29 años;4,08333333;
Castaño del Robledo;2012;Demandantes;Hombres;De 30 a 44 años;3,25000001;
Castaño del Robledo;2012;Demandantes;Hombres;De 45 a 64 años;9,74999999;
Castaño del Robledo;2012;Demandantes;Hombres;TOTAL;17,08333333;
Castaño del Robledo;2012;Demandantes;Mujeres;De 16 a 29 años;3,00000001;
Castaño del Robledo;2012;Demandantes;Mujeres;De 30 a 44 años;4,66666667;
Castaño del Robledo;2012;Demandantes;Mujeres;De 45 a 64 años;4,08333333;
Castaño del Robledo;2012;Demandantes;Mujeres;TOTAL;11,75000001;
Castaño del Robledo;2012;Demandantes;Ambos sexos;De 16 a 29 años;7,08333334;
Castaño del Robledo;2012;Demandantes;Ambos sexos;De 30 a 44 años;7,91666668;
Castaño del Robledo;2012;Demandantes;Ambos sexos;De 45 a 64 años;13,83333332;
Castaño del Robledo;2012;Demandantes;Ambos sexos;TOTAL;28,83333334;
Chucena;2010;Demandantes;Hombres;De 16 a 29 años;27,99999999;
Chucena;2010;Demandantes;Hombres;De 30 a 44 años;28,66666668;
Chucena;2010;Demandantes;Hombres;De 45 a 64 años;24,33333335;
Chucena;2010;Demandantes;Hombres;TOTAL;81,00000002;
Chucena;2010;Demandantes;Mujeres;De 16 a 29 años;18,58333334;
Chucena;2010;Demandantes;Mujeres;De 30 a 44 años;29,16666666;
Chucena;2010;Demandantes;Mujeres;De 45 a 64 años;12,5;
Chucena;2010;Demandantes;Mujeres;TOTAL;60,25;
Chucena;2010;Demandantes;Ambos sexos;De 16 a 29 años;46,58333333;
Chucena;2010;Demandantes;Ambos sexos;De 30 a 44 años;57,83333334;
Chucena;2010;Demandantes;Ambos sexos;De 45 a 64 años;36,83333335;
Chucena;2010;Demandantes;Ambos sexos;TOTAL;141,25000002;
Chucena;2011;Demandantes;Hombres;De 16 a 29 años;21,24999999;
Chucena;2011;Demandantes;Hombres;De 30 a 44 años;26,83333334;
Chucena;2011;Demandantes;Hombres;De 45 a 64 años;26,24999998;
Chucena;2011;Demandantes;Hombres;TOTAL;74,33333331;
Chucena;2011;Demandantes;Mujeres;De 16 a 29 años;17,83333334;
Chucena;2011;Demandantes;Mujeres;De 30 a 44 años;26,50000001;
Chucena;2011;Demandantes;Mujeres;De 45 a 64 años;14,25000001;
Chucena;2011;Demandantes;Mujeres;TOTAL;58,58333336;
Chucena;2011;Demandantes;Ambos sexos;De 16 a 29 años;39,08333333;
Chucena;2011;Demandantes;Ambos sexos;De 30 a 44 años;53,33333335;
Chucena;2011;Demandantes;Ambos sexos;De 45 a 64 años;40,49999999;
Chucena;2011;Demandantes;Ambos sexos;TOTAL;132,91666667;
Chucena;2012;Demandantes;Hombres;De 16 a 29 años;24,66666667;
Chucena;2012;Demandantes;Hombres;De 30 a 44 años;22,33333333;
Chucena;2012;Demandantes;Hombres;De 45 a 64 años;28,08333332;
Chucena;2012;Demandantes;Hombres;TOTAL;75,08333332;
Chucena;2012;Demandantes;Mujeres;De 16 a 29 años;23,41666667;
Chucena;2012;Demandantes;Mujeres;De 30 a 44 años;26,08333334;
Chucena;2012;Demandantes;Mujeres;De 45 a 64 años;14,99999998;
Chucena;2012;Demandantes;Mujeres;TOTAL;64,49999999;
Chucena;2012;Demandantes;Ambos sexos;De 16 a 29 años;48,08333334;
Chucena;2012;Demandantes;Ambos sexos;De 30 a 44 años;48,41666667;
Chucena;2012;Demandantes;Ambos sexos;De 45 a 64 años;43,0833333;
Chucena;2012;Demandantes;Ambos sexos;TOTAL;139,58333331;
Corteconcepción;2010;Demandantes;Hombres;De 16 a 29 años;10,66666666;
Corteconcepción;2010;Demandantes;Hombres;De 30 a 44 años;9,75;
Corteconcepción;2010;Demandantes;Hombres;De 45 a 64 años;16,41666666;
Corteconcepción;2010;Demandantes;Hombres;TOTAL;36,83333332;
Corteconcepción;2010;Demandantes;Mujeres;De 16 a 29 años;5,08333334;
Corteconcepción;2010;Demandantes;Mujeres;De 30 a 44 años;9,25;
Corteconcepción;2010;Demandantes;Mujeres;De 45 a 64 años;7,25;
Corteconcepción;2010;Demandantes;Mujeres;TOTAL;21,58333334;
Corteconcepción;2010;Demandantes;Ambos sexos;De 16 a 29 años;15,75;
Corteconcepción;2010;Demandantes;Ambos sexos;De 30 a 44 años;19;
Corteconcepción;2010;Demandantes;Ambos sexos;De 45 a 64 años;23,66666666;
Corteconcepción;2010;Demandantes;Ambos sexos;TOTAL;58,41666666;
Corteconcepción;2011;Demandantes;Hombres;De 16 a 29 años;12,16666667;
Corteconcepción;2011;Demandantes;Hombres;De 30 a 44 años;11,74999999;
Corteconcepción;2011;Demandantes;Hombres;De 45 a 64 años;19,91666666;
Corteconcepción;2011;Demandantes;Hombres;TOTAL;43,83333332;
Corteconcepción;2011;Demandantes;Mujeres;De 16 a 29 años;6,66666668;
Corteconcepción;2011;Demandantes;Mujeres;De 30 a 44 años;10,58333334;
Corteconcepción;2011;Demandantes;Mujeres;De 45 a 64 años;8,75;
Corteconcepción;2011;Demandantes;Mujeres;TOTAL;26,00000002;
Corteconcepción;2011;Demandantes;Ambos sexos;De 16 a 29 años;18,83333335;
Corteconcepción;2011;Demandantes;Ambos sexos;De 30 a 44 años;22,33333333;
Corteconcepción;2011;Demandantes;Ambos sexos;De 45 a 64 años;28,66666666;
Corteconcepción;2011;Demandantes;Ambos sexos;TOTAL;69,83333334;
Corteconcepción;2012;Demandantes;Hombres;De 16 a 29 años;15,49999999;
Corteconcepción;2012;Demandantes;Hombres;De 30 a 44 años;16,00000001;
Corteconcepción;2012;Demandantes;Hombres;De 45 a 64 años;22,33333334;
Corteconcepción;2012;Demandantes;Hombres;TOTAL;53,83333334;
Corteconcepción;2012;Demandantes;Mujeres;De 16 a 29 años;10,99999998;
Corteconcepción;2012;Demandantes;Mujeres;De 30 a 44 años;10,83333333;
Corteconcepción;2012;Demandantes;Mujeres;De 45 a 64 años;13,91666666;
Corteconcepción;2012;Demandantes;Mujeres;TOTAL;35,74999997;
Corteconcepción;2012;Demandantes;Ambos sexos;De 16 a 29 años;26,49999997;
Corteconcepción;2012;Demandantes;Ambos sexos;De 30 a 44 años;26,83333334;
Corteconcepción;2012;Demandantes;Ambos sexos;De 45 a 64 años;36,25;
Corteconcepción;2012;Demandantes;Ambos sexos;TOTAL;89,58333331;
Cortegana;2010;Demandantes;Hombres;De 16 a 29 años;71,75000001;
Cortegana;2010;Demandantes;Hombres;De 30 a 44 años;86,83333334;
Cortegana;2010;Demandantes;Hombres;De 45 a 64 años;78,66666667;
Cortegana;2010;Demandantes;Hombres;TOTAL;237,25000002;
Cortegana;2010;Demandantes;Mujeres;De 16 a 29 años;67,16666666;
Cortegana;2010;Demandantes;Mujeres;De 30 a 44 años;91,83333334;
Cortegana;2010;Demandantes;Mujeres;De 45 a 64 años;87,08333332;
Cortegana;2010;Demandantes;Mujeres;TOTAL;246,08333332;
Cortegana;2010;Demandantes;Ambos sexos;De 16 a 29 años;138,91666667;
Cortegana;2010;Demandantes;Ambos sexos;De 30 a 44 años;178,66666668;
Cortegana;2010;Demandantes;Ambos sexos;De 45 a 64 años;165,74999999;
Cortegana;2010;Demandantes;Ambos sexos;TOTAL;483,33333334;
Cortegana;2011;Demandantes;Hombres;De 16 a 29 años;86,50000001;
Cortegana;2011;Demandantes;Hombres;De 30 a 44 años;86,91666665;
Cortegana;2011;Demandantes;Hombres;De 45 a 64 años;95,58333333;
Cortegana;2011;Demandantes;Hombres;TOTAL;268,99999999;
Cortegana;2011;Demandantes;Mujeres;De 16 a 29 años;73,83333332;
Cortegana;2011;Demandantes;Mujeres;De 30 a 44 años;102,24999999;
Cortegana;2011;Demandantes;Mujeres;De 45 a 64 años;96,33333333;
Cortegana;2011;Demandantes;Mujeres;TOTAL;272,41666664;
Cortegana;2011;Demandantes;Ambos sexos;De 16 a 29 años;160,33333333;
Cortegana;2011;Demandantes;Ambos sexos;De 30 a 44 años;189,16666664;
Cortegana;2011;Demandantes;Ambos sexos;De 45 a 64 años;191,91666666;
Cortegana;2011;Demandantes;Ambos sexos;TOTAL;541,41666663;
Cortegana;2012;Demandantes;Hombres;De 16 a 29 años;92,66666668;
Cortegana;2012;Demandantes;Hombres;De 30 a 44 años;103,66666665;
Cortegana;2012;Demandantes;Hombres;De 45 a 64 años;113,5;
Cortegana;2012;Demandantes;Hombres;TOTAL;309,83333333;
Cortegana;2012;Demandantes;Mujeres;De 16 a 29 años;88,16666667;
Cortegana;2012;Demandantes;Mujeres;De 30 a 44 años;111,99999998;
Cortegana;2012;Demandantes;Mujeres;De 45 a 64 años;105,75000001;
Cortegana;2012;Demandantes;Mujeres;TOTAL;305,91666666;
Cortegana;2012;Demandantes;Ambos sexos;De 16 a 29 años;180,83333335;
Cortegana;2012;Demandantes;Ambos sexos;De 30 a 44 años;215,66666663;
Cortegana;2012;Demandantes;Ambos sexos;De 45 a 64 años;219,25000001;
Cortegana;2012;Demandantes;Ambos sexos;TOTAL;615,74999999;
Cortelazor;2010;Demandantes;Hombres;De 16 a 29 años;4,5;
Cortelazor;2010;Demandantes;Hombres;De 30 a 44 años;4,41666665;
Cortelazor;2010;Demandantes;Hombres;De 45 a 64 años;3,41666665;
Cortelazor;2010;Demandantes;Hombres;TOTAL;12,3333333;
Cortelazor;2010;Demandantes;Mujeres;De 16 a 29 años;2,91666667;
Cortelazor;2010;Demandantes;Mujeres;De 30 a 44 años;10,91666666;
Cortelazor;2010;Demandantes;Mujeres;De 45 a 64 años;2,08333334;
Cortelazor;2010;Demandantes;Mujeres;TOTAL;15,91666667;
Cortelazor;2010;Demandantes;Ambos sexos;De 16 a 29 años;7,41666667;
Cortelazor;2010;Demandantes;Ambos sexos;De 30 a 44 años;15,33333331;
Cortelazor;2010;Demandantes;Ambos sexos;De 45 a 64 años;5,49999999;
Cortelazor;2010;Demandantes;Ambos sexos;TOTAL;28,24999997;
Cortelazor;2011;Demandantes;Hombres;De 16 a 29 años;5,08333333;
Cortelazor;2011;Demandantes;Hombres;De 30 a 44 años;8,5;
Cortelazor;2011;Demandantes;Hombres;De 45 a 64 años;4,08333333;
Cortelazor;2011;Demandantes;Hombres;TOTAL;17,66666666;
Cortelazor;2011;Demandantes;Mujeres;De 16 a 29 años;3,5;
Cortelazor;2011;Demandantes;Mujeres;De 30 a 44 años;9,66666666;
Cortelazor;2011;Demandantes;Mujeres;De 45 a 64 años;1,91666667;
Cortelazor;2011;Demandantes;Mujeres;TOTAL;15,08333333;
Cortelazor;2011;Demandantes;Ambos sexos;De 16 a 29 años;8,58333333;
Cortelazor;2011;Demandantes;Ambos sexos;De 30 a 44 años;18,16666666;
Cortelazor;2011;Demandantes;Ambos sexos;De 45 a 64 años;6;
Cortelazor;2011;Demandantes;Ambos sexos;TOTAL;32,74999999;
Cortelazor;2012;Demandantes;Hombres;De 16 a 29 años;5,50000001;
Cortelazor;2012;Demandantes;Hombres;De 30 a 44 años;9,50000001;
Cortelazor;2012;Demandantes;Hombres;De 45 a 64 años;6,49999999;
Cortelazor;2012;Demandantes;Hombres;TOTAL;21,50000001;
Cortelazor;2012;Demandantes;Mujeres;De 16 a 29 años;4,08333335;
Cortelazor;2012;Demandantes;Mujeres;De 30 a 44 años;13,08333333;
Cortelazor;2012;Demandantes;Mujeres;De 45 a 64 años;2,16666667;
Cortelazor;2012;Demandantes;Mujeres;TOTAL;19,33333335;
Cortelazor;2012;Demandantes;Ambos sexos;De 16 a 29 años;9,58333336;
Cortelazor;2012;Demandantes;Ambos sexos;De 30 a 44 años;22,58333334;
Cortelazor;2012;Demandantes;Ambos sexos;De 45 a 64 años;8,66666666;
Cortelazor;2012;Demandantes;Ambos sexos;TOTAL;40,83333336;
Cumbres de Enmedio;2010;Demandantes;Hombres;De 16 a 29 años;0,83333333;
Cumbres de Enmedio;2010;Demandantes;Hombres;De 30 a 44 años;0,91666666;
Cumbres de Enmedio;2010;Demandantes;Hombres;De 45 a 64 años;0,33333333;
Cumbres de Enmedio;2010;Demandantes;Hombres;TOTAL;2,08333332;
Cumbres de Enmedio;2010;Demandantes;Mujeres;De 16 a 29 años;0,33333333;
Cumbres de Enmedio;2010;Demandantes;Mujeres;De 30 a 44 años;0,66666667;
Cumbres de Enmedio;2010;Demandantes;Mujeres;De 45 a 64 años;-;
Cumbres de Enmedio;2010;Demandantes;Mujeres;TOTAL;1;
Cumbres de Enmedio;2010;Demandantes;Ambos sexos;De 16 a 29 años;1,16666666;
Cumbres de Enmedio;2010;Demandantes;Ambos sexos;De 30 a 44 años;1,58333333;
Cumbres de Enmedio;2010;Demandantes;Ambos sexos;De 45 a 64 años;0,33333333;
Cumbres de Enmedio;2010;Demandantes;Ambos sexos;TOTAL;3,08333332;
Cumbres de Enmedio;2011;Demandantes;Hombres;De 16 a 29 años;1,75;
Cumbres de Enmedio;2011;Demandantes;Hombres;De 30 a 44 años;1,75;
Cumbres de Enmedio;2011;Demandantes;Hombres;De 45 a 64 años;1;
Cumbres de Enmedio;2011;Demandantes;Hombres;TOTAL;4,5;
Cumbres de Enmedio;2011;Demandantes;Mujeres;De 16 a 29 años;0,41666667;
Cumbres de Enmedio;2011;Demandantes;Mujeres;De 30 a 44 años;1,75;
Cumbres de Enmedio;2011;Demandantes;Mujeres;De 45 a 64 años;0,58333333;
Cumbres de Enmedio;2011;Demandantes;Mujeres;TOTAL;2,75;
Cumbres de Enmedio;2011;Demandantes;Ambos sexos;De 16 a 29 años;2,16666667;
Cumbres de Enmedio;2011;Demandantes;Ambos sexos;De 30 a 44 años;3,5;
Cumbres de Enmedio;2011;Demandantes;Ambos sexos;De 45 a 64 años;1,58333333;
Cumbres de Enmedio;2011;Demandantes;Ambos sexos;TOTAL;7,25;
Cumbres de Enmedio;2012;Demandantes;Hombres;De 16 a 29 años;1,91666667;
Cumbres de Enmedio;2012;Demandantes;Hombres;De 30 a 44 años;3,25;
Cumbres de Enmedio;2012;Demandantes;Hombres;De 45 a 64 años;1,41666667;
Cumbres de Enmedio;2012;Demandantes;Hombres;TOTAL;6,58333334;
Cumbres de Enmedio;2012;Demandantes;Mujeres;De 16 a 29 años;0,58333334;
Cumbres de Enmedio;2012;Demandantes;Mujeres;De 30 a 44 años;1,08333333;
Cumbres de Enmedio;2012;Demandantes;Mujeres;De 45 a 64 años;0,83333333;
Cumbres de Enmedio;2012;Demandantes;Mujeres;TOTAL;2,5;
Cumbres de Enmedio;2012;Demandantes;Ambos sexos;De 16 a 29 años;2,50000001;
Cumbres de Enmedio;2012;Demandantes;Ambos sexos;De 30 a 44 años;4,33333333;
Cumbres de Enmedio;2012;Demandantes;Ambos sexos;De 45 a 64 años;2,25;
Cumbres de Enmedio;2012;Demandantes;Ambos sexos;TOTAL;9,08333334;
Cumbres de San Bartolomé;2010;Demandantes;Hombres;De 16 a 29 años;5,41666666;
Cumbres de San Bartolomé;2010;Demandantes;Hombres;De 30 a 44 años;2,25000001;
Cumbres de San Bartolomé;2010;Demandantes;Hombres;De 45 a 64 años;4,83333333;
Cumbres de San Bartolomé;2010;Demandantes;Hombres;TOTAL;12,5;
Cumbres de San Bartolomé;2010;Demandantes;Mujeres;De 16 a 29 años;3,5;
Cumbres de San Bartolomé;2010;Demandantes;Mujeres;De 30 a 44 años;1,66666667;
Cumbres de San Bartolomé;2010;Demandantes;Mujeres;De 45 a 64 años;10,58333333;
Cumbres de San Bartolomé;2010;Demandantes;Mujeres;TOTAL;15,75;
Cumbres de San Bartolomé;2010;Demandantes;Ambos sexos;De 16 a 29 años;8,91666666;
Cumbres de San Bartolomé;2010;Demandantes;Ambos sexos;De 30 a 44 años;3,91666668;
Cumbres de San Bartolomé;2010;Demandantes;Ambos sexos;De 45 a 64 años;15,41666666;
Cumbres de San Bartolomé;2010;Demandantes;Ambos sexos;TOTAL;28,25;
Cumbres de San Bartolomé;2011;Demandantes;Hombres;De 16 a 29 años;6,41666666;
Cumbres de San Bartolomé;2011;Demandantes;Hombres;De 30 a 44 años;2,66666667;
Cumbres de San Bartolomé;2011;Demandantes;Hombres;De 45 a 64 años;5,5;
Cumbres de San Bartolomé;2011;Demandantes;Hombres;TOTAL;14,58333333;
Cumbres de San Bartolomé;2011;Demandantes;Mujeres;De 16 a 29 años;2,83333333;
Cumbres de San Bartolomé;2011;Demandantes;Mujeres;De 30 a 44 años;3,5;
Cumbres de San Bartolomé;2011;Demandantes;Mujeres;De 45 a 64 años;11,16666667;
Cumbres de San Bartolomé;2011;Demandantes;Mujeres;TOTAL;17,5;
Cumbres de San Bartolomé;2011;Demandantes;Ambos sexos;De 16 a 29 años;9,24999999;
Cumbres de San Bartolomé;2011;Demandantes;Ambos sexos;De 30 a 44 años;6,16666667;
Cumbres de San Bartolomé;2011;Demandantes;Ambos sexos;De 45 a 64 años;16,66666667;
Cumbres de San Bartolomé;2011;Demandantes;Ambos sexos;TOTAL;32,08333333;
Cumbres de San Bartolomé;2012;Demandantes;Hombres;De 16 a 29 años;7,24999999;
Cumbres de San Bartolomé;2012;Demandantes;Hombres;De 30 a 44 años;3,16666667;
Cumbres de San Bartolomé;2012;Demandantes;Hombres;De 45 a 64 años;6,16666667;
Cumbres de San Bartolomé;2012;Demandantes;Hombres;TOTAL;16,58333333;
Cumbres de San Bartolomé;2012;Demandantes;Mujeres;De 16 a 29 años;7,58333333;
Cumbres de San Bartolomé;2012;Demandantes;Mujeres;De 30 a 44 años;3,16666667;
Cumbres de San Bartolomé;2012;Demandantes;Mujeres;De 45 a 64 años;13,16666667;
Cumbres de San Bartolomé;2012;Demandantes;Mujeres;TOTAL;23,91666667;
Cumbres de San Bartolomé;2012;Demandantes;Ambos sexos;De 16 a 29 años;14,83333332;
Cumbres de San Bartolomé;2012;Demandantes;Ambos sexos;De 30 a 44 años;6,33333334;
Cumbres de San Bartolomé;2012;Demandantes;Ambos sexos;De 45 a 64 años;19,33333334;
Cumbres de San Bartolomé;2012;Demandantes;Ambos sexos;TOTAL;40,5;
Cumbres Mayores;2010;Demandantes;Hombres;De 16 a 29 años;26,33333332;
Cumbres Mayores;2010;Demandantes;Hombres;De 30 a 44 años;34,83333333;
Cumbres Mayores;2010;Demandantes;Hombres;De 45 a 64 años;39,49999999;
Cumbres Mayores;2010;Demandantes;Hombres;TOTAL;100,66666664;
Cumbres Mayores;2010;Demandantes;Mujeres;De 16 a 29 años;17,41666667;
Cumbres Mayores;2010;Demandantes;Mujeres;De 30 a 44 años;36,16666667;
Cumbres Mayores;2010;Demandantes;Mujeres;De 45 a 64 años;58,66666667;
Cumbres Mayores;2010;Demandantes;Mujeres;TOTAL;112,25000001;
Cumbres Mayores;2010;Demandantes;Ambos sexos;De 16 a 29 años;43,74999999;
Cumbres Mayores;2010;Demandantes;Ambos sexos;De 30 a 44 años;71;
Cumbres Mayores;2010;Demandantes;Ambos sexos;De 45 a 64 años;98,16666666;
Cumbres Mayores;2010;Demandantes;Ambos sexos;TOTAL;212,91666665;
Cumbres Mayores;2011;Demandantes;Hombres;De 16 a 29 años;28,08333333;
Cumbres Mayores;2011;Demandantes;Hombres;De 30 a 44 años;35,83333333;
Cumbres Mayores;2011;Demandantes;Hombres;De 45 a 64 años;42,66666665;
Cumbres Mayores;2011;Demandantes;Hombres;TOTAL;106,58333331;
Cumbres Mayores;2011;Demandantes;Mujeres;De 16 a 29 años;21,33333333;
Cumbres Mayores;2011;Demandantes;Mujeres;De 30 a 44 años;38,41666665;
Cumbres Mayores;2011;Demandantes;Mujeres;De 45 a 64 años;58,41666666;
Cumbres Mayores;2011;Demandantes;Mujeres;TOTAL;118,16666664;
Cumbres Mayores;2011;Demandantes;Ambos sexos;De 16 a 29 años;49,41666666;
Cumbres Mayores;2011;Demandantes;Ambos sexos;De 30 a 44 años;74,24999998;
Cumbres Mayores;2011;Demandantes;Ambos sexos;De 45 a 64 años;101,08333331;
Cumbres Mayores;2011;Demandantes;Ambos sexos;TOTAL;224,74999995;
Cumbres Mayores;2012;Demandantes;Hombres;De 16 a 29 años;37,16666667;
Cumbres Mayores;2012;Demandantes;Hombres;De 30 a 44 años;35,33333335;
Cumbres Mayores;2012;Demandantes;Hombres;De 45 a 64 años;53,08333332;
Cumbres Mayores;2012;Demandantes;Hombres;TOTAL;125,58333334;
Cumbres Mayores;2012;Demandantes;Mujeres;De 16 a 29 años;32,08333335;
Cumbres Mayores;2012;Demandantes;Mujeres;De 30 a 44 años;41,41666668;
Cumbres Mayores;2012;Demandantes;Mujeres;De 45 a 64 años;58,74999999;
Cumbres Mayores;2012;Demandantes;Mujeres;TOTAL;132,25000002;
Cumbres Mayores;2012;Demandantes;Ambos sexos;De 16 a 29 años;69,25000002;
Cumbres Mayores;2012;Demandantes;Ambos sexos;De 30 a 44 años;76,75000003;
Cumbres Mayores;2012;Demandantes;Ambos sexos;De 45 a 64 años;111,83333331;
Cumbres Mayores;2012;Demandantes;Ambos sexos;TOTAL;257,83333336;
El Almendro;2010;Demandantes;Hombres;De 16 a 29 años;13,33333333;
El Almendro;2010;Demandantes;Hombres;De 30 a 44 años;18,91666667;
El Almendro;2010;Demandantes;Hombres;De 45 a 64 años;22,75000001;
El Almendro;2010;Demandantes;Hombres;TOTAL;55,00000001;
El Almendro;2010;Demandantes;Mujeres;De 16 a 29 años;10,83333334;
El Almendro;2010;Demandantes;Mujeres;De 30 a 44 años;12,58333334;
El Almendro;2010;Demandantes;Mujeres;De 45 a 64 años;10,74999999;
El Almendro;2010;Demandantes;Mujeres;TOTAL;34,16666667;
El Almendro;2010;Demandantes;Ambos sexos;De 16 a 29 años;24,16666667;
El Almendro;2010;Demandantes;Ambos sexos;De 30 a 44 años;31,50000001;
El Almendro;2010;Demandantes;Ambos sexos;De 45 a 64 años;33,5;
El Almendro;2010;Demandantes;Ambos sexos;TOTAL;89,16666668;
El Almendro;2011;Demandantes;Hombres;De 16 a 29 años;13,99999999;
El Almendro;2011;Demandantes;Hombres;De 30 a 44 años;16,66666666;
El Almendro;2011;Demandantes;Hombres;De 45 a 64 años;25,50000002;
El Almendro;2011;Demandantes;Hombres;TOTAL;56,16666667;
El Almendro;2011;Demandantes;Mujeres;De 16 a 29 años;12,16666666;
El Almendro;2011;Demandantes;Mujeres;De 30 a 44 años;16,99999999;
El Almendro;2011;Demandantes;Mujeres;De 45 a 64 años;6,33333332;
El Almendro;2011;Demandantes;Mujeres;TOTAL;35,49999997;
El Almendro;2011;Demandantes;Ambos sexos;De 16 a 29 años;26,16666665;
El Almendro;2011;Demandantes;Ambos sexos;De 30 a 44 años;33,66666665;
El Almendro;2011;Demandantes;Ambos sexos;De 45 a 64 años;31,83333334;
El Almendro;2011;Demandantes;Ambos sexos;TOTAL;91,66666664;
El Almendro;2012;Demandantes;Hombres;De 16 a 29 años;19;
El Almendro;2012;Demandantes;Hombres;De 30 a 44 años;21,41666666;
El Almendro;2012;Demandantes;Hombres;De 45 a 64 años;31,16666668;
El Almendro;2012;Demandantes;Hombres;TOTAL;71,58333334;
El Almendro;2012;Demandantes;Mujeres;De 16 a 29 años;18,16666666;
El Almendro;2012;Demandantes;Mujeres;De 30 a 44 años;25,66666669;
El Almendro;2012;Demandantes;Mujeres;De 45 a 64 años;9,75;
El Almendro;2012;Demandantes;Mujeres;TOTAL;53,58333335;
El Almendro;2012;Demandantes;Ambos sexos;De 16 a 29 años;37,16666666;
El Almendro;2012;Demandantes;Ambos sexos;De 30 a 44 años;47,08333335;
El Almendro;2012;Demandantes;Ambos sexos;De 45 a 64 años;40,91666668;
El Almendro;2012;Demandantes;Ambos sexos;TOTAL;125,16666669;
El Campillo;2010;Demandantes;Hombres;De 16 a 29 años;34,33333333;
El Campillo;2010;Demandantes;Hombres;De 30 a 44 años;52,74999998;
El Campillo;2010;Demandantes;Hombres;De 45 a 64 años;48,49999999;
El Campillo;2010;Demandantes;Hombres;TOTAL;135,5833333;
El Campillo;2010;Demandantes;Mujeres;De 16 a 29 años;33,75;
El Campillo;2010;Demandantes;Mujeres;De 30 a 44 años;48,24999999;
El Campillo;2010;Demandantes;Mujeres;De 45 a 64 años;57,25000001;
El Campillo;2010;Demandantes;Mujeres;TOTAL;139,25;
El Campillo;2010;Demandantes;Ambos sexos;De 16 a 29 años;68,08333333;
El Campillo;2010;Demandantes;Ambos sexos;De 30 a 44 años;100,99999997;
El Campillo;2010;Demandantes;Ambos sexos;De 45 a 64 años;105,75;
El Campillo;2010;Demandantes;Ambos sexos;TOTAL;274,8333333;
El Campillo;2011;Demandantes;Hombres;De 16 a 29 años;44,66666666;
El Campillo;2011;Demandantes;Hombres;De 30 a 44 años;65,66666664;
El Campillo;2011;Demandantes;Hombres;De 45 a 64 años;57,66666666;
El Campillo;2011;Demandantes;Hombres;TOTAL;167,99999996;
El Campillo;2011;Demandantes;Mujeres;De 16 a 29 años;39,66666666;
El Campillo;2011;Demandantes;Mujeres;De 30 a 44 años;54,24999998;
El Campillo;2011;Demandantes;Mujeres;De 45 a 64 años;62,00000001;
El Campillo;2011;Demandantes;Mujeres;TOTAL;155,91666665;
El Campillo;2011;Demandantes;Ambos sexos;De 16 a 29 años;84,33333332;
El Campillo;2011;Demandantes;Ambos sexos;De 30 a 44 años;119,91666662;
El Campillo;2011;Demandantes;Ambos sexos;De 45 a 64 años;119,66666667;
El Campillo;2011;Demandantes;Ambos sexos;TOTAL;323,91666661;
El Campillo;2012;Demandantes;Hombres;De 16 a 29 años;45,33333334;
El Campillo;2012;Demandantes;Hombres;De 30 a 44 años;67,16666669;
El Campillo;2012;Demandantes;Hombres;De 45 a 64 años;68,74999999;
El Campillo;2012;Demandantes;Hombres;TOTAL;181,25000002;
El Campillo;2012;Demandantes;Mujeres;De 16 a 29 años;48,25;
El Campillo;2012;Demandantes;Mujeres;De 30 a 44 años;69,24999999;
El Campillo;2012;Demandantes;Mujeres;De 45 a 64 años;66,25000001;
El Campillo;2012;Demandantes;Mujeres;TOTAL;183,75;
El Campillo;2012;Demandantes;Ambos sexos;De 16 a 29 años;93,58333334;
El Campillo;2012;Demandantes;Ambos sexos;De 30 a 44 años;136,41666668;
El Campillo;2012;Demandantes;Ambos sexos;De 45 a 64 años;135;
El Campillo;2012;Demandantes;Ambos sexos;TOTAL;365,00000002;
El Cerro de Andévalo;2010;Demandantes;Hombres;De 16 a 29 años;22,58333332;
El Cerro de Andévalo;2010;Demandantes;Hombres;De 30 a 44 años;33,25;
El Cerro de Andévalo;2010;Demandantes;Hombres;De 45 a 64 años;45,49999999;
El Cerro de Andévalo;2010;Demandantes;Hombres;TOTAL;101,33333331;
El Cerro de Andévalo;2010;Demandantes;Mujeres;De 16 a 29 años;26,91666666;
El Cerro de Andévalo;2010;Demandantes;Mujeres;De 30 a 44 años;28,16666666;
El Cerro de Andévalo;2010;Demandantes;Mujeres;De 45 a 64 años;69,66666666;
El Cerro de Andévalo;2010;Demandantes;Mujeres;TOTAL;124,74999998;
El Cerro de Andévalo;2010;Demandantes;Ambos sexos;De 16 a 29 años;49,49999998;
El Cerro de Andévalo;2010;Demandantes;Ambos sexos;De 30 a 44 años;61,41666666;
El Cerro de Andévalo;2010;Demandantes;Ambos sexos;De 45 a 64 años;115,16666665;
El Cerro de Andévalo;2010;Demandantes;Ambos sexos;TOTAL;226,08333329;
El Cerro de Andévalo;2011;Demandantes;Hombres;De 16 a 29 años;32,91666668;
El Cerro de Andévalo;2011;Demandantes;Hombres;De 30 a 44 años;38,16666667;
El Cerro de Andévalo;2011;Demandantes;Hombres;De 45 a 64 años;49,74999999;
El Cerro de Andévalo;2011;Demandantes;Hombres;TOTAL;120,83333334;
El Cerro de Andévalo;2011;Demandantes;Mujeres;De 16 a 29 años;35,08333332;
El Cerro de Andévalo;2011;Demandantes;Mujeres;De 30 a 44 años;34,49999999;
El Cerro de Andévalo;2011;Demandantes;Mujeres;De 45 a 64 años;62,16666667;
El Cerro de Andévalo;2011;Demandantes;Mujeres;TOTAL;131,74999998;
El Cerro de Andévalo;2011;Demandantes;Ambos sexos;De 16 a 29 años;68;
El Cerro de Andévalo;2011;Demandantes;Ambos sexos;De 30 a 44 años;72,66666666;
El Cerro de Andévalo;2011;Demandantes;Ambos sexos;De 45 a 64 años;111,91666666;
El Cerro de Andévalo;2011;Demandantes;Ambos sexos;TOTAL;252,58333332;
El Cerro de Andévalo;2012;Demandantes;Hombres;De 16 a 29 años;47,08333333;
El Cerro de Andévalo;2012;Demandantes;Hombres;De 30 a 44 años;40,66666665;
El Cerro de Andévalo;2012;Demandantes;Hombres;De 45 a 64 años;59,74999999;
El Cerro de Andévalo;2012;Demandantes;Hombres;TOTAL;147,49999997;
El Cerro de Andévalo;2012;Demandantes;Mujeres;De 16 a 29 años;39,66666668;
El Cerro de Andévalo;2012;Demandantes;Mujeres;De 30 a 44 años;40,58333333;
El Cerro de Andévalo;2012;Demandantes;Mujeres;De 45 a 64 años;59,99999999;
El Cerro de Andévalo;2012;Demandantes;Mujeres;TOTAL;140,25;
El Cerro de Andévalo;2012;Demandantes;Ambos sexos;De 16 a 29 años;86,75000001;
El Cerro de Andévalo;2012;Demandantes;Ambos sexos;De 30 a 44 años;81,24999998;
El Cerro de Andévalo;2012;Demandantes;Ambos sexos;De 45 a 64 años;119,74999998;
El Cerro de Andévalo;2012;Demandantes;Ambos sexos;TOTAL;287,74999997;
El Granado;2010;Demandantes;Hombres;De 16 a 29 años;7;
El Granado;2010;Demandantes;Hombres;De 30 a 44 años;8,33333332;
El Granado;2010;Demandantes;Hombres;De 45 a 64 años;11,41666667;
El Granado;2010;Demandantes;Hombres;TOTAL;26,74999999;
El Granado;2010;Demandantes;Mujeres;De 16 a 29 años;2,58333333;
El Granado;2010;Demandantes;Mujeres;De 30 a 44 años;6,83333333;
El Granado;2010;Demandantes;Mujeres;De 45 a 64 años;4,75;
El Granado;2010;Demandantes;Mujeres;TOTAL;14,16666666;
El Granado;2010;Demandantes;Ambos sexos;De 16 a 29 años;9,58333333;
El Granado;2010;Demandantes;Ambos sexos;De 30 a 44 años;15,16666665;
El Granado;2010;Demandantes;Ambos sexos;De 45 a 64 años;16,16666667;
El Granado;2010;Demandantes;Ambos sexos;TOTAL;40,91666665;
El Granado;2011;Demandantes;Hombres;De 16 a 29 años;8,58333333;
El Granado;2011;Demandantes;Hombres;De 30 a 44 años;12,08333333;
El Granado;2011;Demandantes;Hombres;De 45 a 64 años;16,33333333;
El Granado;2011;Demandantes;Hombres;TOTAL;36,99999999;
El Granado;2011;Demandantes;Mujeres;De 16 a 29 años;3,41666667;
El Granado;2011;Demandantes;Mujeres;De 30 a 44 años;7,91666667;
El Granado;2011;Demandantes;Mujeres;De 45 a 64 años;4,08333333;
El Granado;2011;Demandantes;Mujeres;TOTAL;15,41666667;
El Granado;2011;Demandantes;Ambos sexos;De 16 a 29 años;12;
El Granado;2011;Demandantes;Ambos sexos;De 30 a 44 años;20;
El Granado;2011;Demandantes;Ambos sexos;De 45 a 64 años;20,41666666;
El Granado;2011;Demandantes;Ambos sexos;TOTAL;52,41666666;
El Granado;2012;Demandantes;Hombres;De 16 a 29 años;10,24999999;
El Granado;2012;Demandantes;Hombres;De 30 a 44 años;16,16666666;
El Granado;2012;Demandantes;Hombres;De 45 a 64 años;20;
El Granado;2012;Demandantes;Hombres;TOTAL;46,41666665;
El Granado;2012;Demandantes;Mujeres;De 16 a 29 años;3,41666667;
El Granado;2012;Demandantes;Mujeres;De 30 a 44 años;10;
El Granado;2012;Demandantes;Mujeres;De 45 a 64 años;4,83333334;
El Granado;2012;Demandantes;Mujeres;TOTAL;18,25000001;
El Granado;2012;Demandantes;Ambos sexos;De 16 a 29 años;13,66666666;
El Granado;2012;Demandantes;Ambos sexos;De 30 a 44 años;26,16666666;
El Granado;2012;Demandantes;Ambos sexos;De 45 a 64 años;24,83333334;
El Granado;2012;Demandantes;Ambos sexos;TOTAL;64,66666666;
Encinasola;2010;Demandantes;Hombres;De 16 a 29 años;13,66666667;
Encinasola;2010;Demandantes;Hombres;De 30 a 44 años;23;
Encinasola;2010;Demandantes;Hombres;De 45 a 64 años;20,75;
Encinasola;2010;Demandantes;Hombres;TOTAL;57,41666667;
Encinasola;2010;Demandantes;Mujeres;De 16 a 29 años;17,25;
Encinasola;2010;Demandantes;Mujeres;De 30 a 44 años;17,33333332;
Encinasola;2010;Demandantes;Mujeres;De 45 a 64 años;14,33333334;
Encinasola;2010;Demandantes;Mujeres;TOTAL;48,91666666;
Encinasola;2010;Demandantes;Ambos sexos;De 16 a 29 años;30,91666667;
Encinasola;2010;Demandantes;Ambos sexos;De 30 a 44 años;40,33333332;
Encinasola;2010;Demandantes;Ambos sexos;De 45 a 64 años;35,08333334;
Encinasola;2010;Demandantes;Ambos sexos;TOTAL;106,33333333;
Encinasola;2011;Demandantes;Hombres;De 16 a 29 años;16,50000001;
Encinasola;2011;Demandantes;Hombres;De 30 a 44 años;20,75;
Encinasola;2011;Demandantes;Hombres;De 45 a 64 años;27,99999999;
Encinasola;2011;Demandantes;Hombres;TOTAL;65,25;
Encinasola;2011;Demandantes;Mujeres;De 16 a 29 años;16,08333334;
Encinasola;2011;Demandantes;Mujeres;De 30 a 44 años;21,75;
Encinasola;2011;Demandantes;Mujeres;De 45 a 64 años;13,25;
Encinasola;2011;Demandantes;Mujeres;TOTAL;51,08333334;
Encinasola;2011;Demandantes;Ambos sexos;De 16 a 29 años;32,58333335;
Encinasola;2011;Demandantes;Ambos sexos;De 30 a 44 años;42,5;
Encinasola;2011;Demandantes;Ambos sexos;De 45 a 64 años;41,24999999;
Encinasola;2011;Demandantes;Ambos sexos;TOTAL;116,33333334;
Encinasola;2012;Demandantes;Hombres;De 16 a 29 años;17,16666668;
Encinasola;2012;Demandantes;Hombres;De 30 a 44 años;23,49999999;
Encinasola;2012;Demandantes;Hombres;De 45 a 64 años;31,49999999;
Encinasola;2012;Demandantes;Hombres;TOTAL;72,16666666;
Encinasola;2012;Demandantes;Mujeres;De 16 a 29 años;18,49999999;
Encinasola;2012;Demandantes;Mujeres;De 30 a 44 años;25,99999999;
Encinasola;2012;Demandantes;Mujeres;De 45 a 64 años;15,91666666;
Encinasola;2012;Demandantes;Mujeres;TOTAL;60,41666664;
Encinasola;2012;Demandantes;Ambos sexos;De 16 a 29 años;35,66666667;
Encinasola;2012;Demandantes;Ambos sexos;De 30 a 44 años;49,49999998;
Encinasola;2012;Demandantes;Ambos sexos;De 45 a 64 años;47,41666665;
Encinasola;2012;Demandantes;Ambos sexos;TOTAL;132,5833333;
Escacena del Campo;2010;Demandantes;Hombres;De 16 a 29 años;30,33333333;
Escacena del Campo;2010;Demandantes;Hombres;De 30 a 44 años;50;
Escacena del Campo;2010;Demandantes;Hombres;De 45 a 64 años;26,16666667;
Escacena del Campo;2010;Demandantes;Hombres;TOTAL;106,5;
Escacena del Campo;2010;Demandantes;Mujeres;De 16 a 29 años;18,91666666;
Escacena del Campo;2010;Demandantes;Mujeres;De 30 a 44 años;22,75;
Escacena del Campo;2010;Demandantes;Mujeres;De 45 a 64 años;9,16666667;
Escacena del Campo;2010;Demandantes;Mujeres;TOTAL;50,83333333;
Escacena del Campo;2010;Demandantes;Ambos sexos;De 16 a 29 años;49,24999999;
Escacena del Campo;2010;Demandantes;Ambos sexos;De 30 a 44 años;72,75;
Escacena del Campo;2010;Demandantes;Ambos sexos;De 45 a 64 años;35,33333334;
Escacena del Campo;2010;Demandantes;Ambos sexos;TOTAL;157,33333333;
Escacena del Campo;2011;Demandantes;Hombres;De 16 a 29 años;33,58333335;
Escacena del Campo;2011;Demandantes;Hombres;De 30 a 44 años;48,5;
Escacena del Campo;2011;Demandantes;Hombres;De 45 a 64 años;34,08333333;
Escacena del Campo;2011;Demandantes;Hombres;TOTAL;116,16666668;
Escacena del Campo;2011;Demandantes;Mujeres;De 16 a 29 años;20,24999999;
Escacena del Campo;2011;Demandantes;Mujeres;De 30 a 44 años;23,08333332;
Escacena del Campo;2011;Demandantes;Mujeres;De 45 a 64 años;12,50000001;
Escacena del Campo;2011;Demandantes;Mujeres;TOTAL;55,83333332;
Escacena del Campo;2011;Demandantes;Ambos sexos;De 16 a 29 años;53,83333334;
Escacena del Campo;2011;Demandantes;Ambos sexos;De 30 a 44 años;71,58333332;
Escacena del Campo;2011;Demandantes;Ambos sexos;De 45 a 64 años;46,58333334;
Escacena del Campo;2011;Demandantes;Ambos sexos;TOTAL;172;
Escacena del Campo;2012;Demandantes;Hombres;De 16 a 29 años;33,91666667;
Escacena del Campo;2012;Demandantes;Hombres;De 30 a 44 años;42,83333333;
Escacena del Campo;2012;Demandantes;Hombres;De 45 a 64 años;31,33333333;
Escacena del Campo;2012;Demandantes;Hombres;TOTAL;108,08333333;
Escacena del Campo;2012;Demandantes;Mujeres;De 16 a 29 años;23,33333332;
Escacena del Campo;2012;Demandantes;Mujeres;De 30 a 44 años;29,66666666;
Escacena del Campo;2012;Demandantes;Mujeres;De 45 a 64 años;12,25000001;
Escacena del Campo;2012;Demandantes;Mujeres;TOTAL;65,24999999;
Escacena del Campo;2012;Demandantes;Ambos sexos;De 16 a 29 años;57,24999999;
Escacena del Campo;2012;Demandantes;Ambos sexos;De 30 a 44 años;72,49999999;
Escacena del Campo;2012;Demandantes;Ambos sexos;De 45 a 64 años;43,58333334;
Escacena del Campo;2012;Demandantes;Ambos sexos;TOTAL;173,33333332;
Fuenteheridos;2010;Demandantes;Hombres;De 16 a 29 años;9,25;
Fuenteheridos;2010;Demandantes;Hombres;De 30 a 44 años;21,5;
Fuenteheridos;2010;Demandantes;Hombres;De 45 a 64 años;15,75;
Fuenteheridos;2010;Demandantes;Hombres;TOTAL;46,5;
Fuenteheridos;2010;Demandantes;Mujeres;De 16 a 29 años;12,25000001;
Fuenteheridos;2010;Demandantes;Mujeres;De 30 a 44 años;22,16666668;
Fuenteheridos;2010;Demandantes;Mujeres;De 45 a 64 años;11,91666667;
Fuenteheridos;2010;Demandantes;Mujeres;TOTAL;46,33333336;
Fuenteheridos;2010;Demandantes;Ambos sexos;De 16 a 29 años;21,50000001;
Fuenteheridos;2010;Demandantes;Ambos sexos;De 30 a 44 años;43,66666668;
Fuenteheridos;2010;Demandantes;Ambos sexos;De 45 a 64 años;27,66666667;
Fuenteheridos;2010;Demandantes;Ambos sexos;TOTAL;92,83333336;
Fuenteheridos;2011;Demandantes;Hombres;De 16 a 29 años;13,24999999;
Fuenteheridos;2011;Demandantes;Hombres;De 30 a 44 años;21,58333333;
Fuenteheridos;2011;Demandantes;Hombres;De 45 a 64 años;20;
Fuenteheridos;2011;Demandantes;Hombres;TOTAL;54,83333332;
Fuenteheridos;2011;Demandantes;Mujeres;De 16 a 29 años;11,33333334;
Fuenteheridos;2011;Demandantes;Mujeres;De 30 a 44 años;22,99999999;
Fuenteheridos;2011;Demandantes;Mujeres;De 45 a 64 años;16,33333334;
Fuenteheridos;2011;Demandantes;Mujeres;TOTAL;50,66666667;
Fuenteheridos;2011;Demandantes;Ambos sexos;De 16 a 29 años;24,58333333;
Fuenteheridos;2011;Demandantes;Ambos sexos;De 30 a 44 años;44,58333332;
Fuenteheridos;2011;Demandantes;Ambos sexos;De 45 a 64 años;36,33333334;
Fuenteheridos;2011;Demandantes;Ambos sexos;TOTAL;105,49999999;
Fuenteheridos;2012;Demandantes;Hombres;De 16 a 29 años;18,50000001;
Fuenteheridos;2012;Demandantes;Hombres;De 30 a 44 años;18,50000001;
Fuenteheridos;2012;Demandantes;Hombres;De 45 a 64 años;27,58333333;
Fuenteheridos;2012;Demandantes;Hombres;TOTAL;64,58333335;
Fuenteheridos;2012;Demandantes;Mujeres;De 16 a 29 años;10,91666667;
Fuenteheridos;2012;Demandantes;Mujeres;De 30 a 44 años;23,91666666;
Fuenteheridos;2012;Demandantes;Mujeres;De 45 a 64 años;19,66666668;
Fuenteheridos;2012;Demandantes;Mujeres;TOTAL;54,50000001;
Fuenteheridos;2012;Demandantes;Ambos sexos;De 16 a 29 años;29,41666668;
Fuenteheridos;2012;Demandantes;Ambos sexos;De 30 a 44 años;42,41666667;
Fuenteheridos;2012;Demandantes;Ambos sexos;De 45 a 64 años;47,25000001;
Fuenteheridos;2012;Demandantes;Ambos sexos;TOTAL;119,08333336;
Galaroza;2010;Demandantes;Hombres;De 16 a 29 años;19,41666667;
Galaroza;2010;Demandantes;Hombres;De 30 a 44 años;32,83333334;
Galaroza;2010;Demandantes;Hombres;De 45 a 64 años;36,66666666;
Galaroza;2010;Demandantes;Hombres;TOTAL;88,91666667;
Galaroza;2010;Demandantes;Mujeres;De 16 a 29 años;26,16666664;
Galaroza;2010;Demandantes;Mujeres;De 30 a 44 años;34,49999999;
Galaroza;2010;Demandantes;Mujeres;De 45 a 64 años;26,5;
Galaroza;2010;Demandantes;Mujeres;TOTAL;87,16666663;
Galaroza;2010;Demandantes;Ambos sexos;De 16 a 29 años;45,58333331;
Galaroza;2010;Demandantes;Ambos sexos;De 30 a 44 años;67,33333333;
Galaroza;2010;Demandantes;Ambos sexos;De 45 a 64 años;63,16666666;
Galaroza;2010;Demandantes;Ambos sexos;TOTAL;176,0833333;
Galaroza;2011;Demandantes;Hombres;De 16 a 29 años;24,41666665;
Galaroza;2011;Demandantes;Hombres;De 30 a 44 años;32,66666668;
Galaroza;2011;Demandantes;Hombres;De 45 a 64 años;36,58333334;
Galaroza;2011;Demandantes;Hombres;TOTAL;93,66666667;
Galaroza;2011;Demandantes;Mujeres;De 16 a 29 años;34,16666667;
Galaroza;2011;Demandantes;Mujeres;De 30 a 44 años;40,41666667;
Galaroza;2011;Demandantes;Mujeres;De 45 a 64 años;29,75;
Galaroza;2011;Demandantes;Mujeres;TOTAL;104,33333334;
Galaroza;2011;Demandantes;Ambos sexos;De 16 a 29 años;58,58333332;
Galaroza;2011;Demandantes;Ambos sexos;De 30 a 44 años;73,08333335;
Galaroza;2011;Demandantes;Ambos sexos;De 45 a 64 años;66,33333334;
Galaroza;2011;Demandantes;Ambos sexos;TOTAL;198,00000001;
Galaroza;2012;Demandantes;Hombres;De 16 a 29 años;24,5;
Galaroza;2012;Demandantes;Hombres;De 30 a 44 años;40,58333334;
Galaroza;2012;Demandantes;Hombres;De 45 a 64 años;40,75;
Galaroza;2012;Demandantes;Hombres;TOTAL;105,83333334;
Galaroza;2012;Demandantes;Mujeres;De 16 a 29 años;34,33333333;
Galaroza;2012;Demandantes;Mujeres;De 30 a 44 años;42,75000001;
Galaroza;2012;Demandantes;Mujeres;De 45 a 64 años;39,58333335;
Galaroza;2012;Demandantes;Mujeres;TOTAL;116,66666669;
Galaroza;2012;Demandantes;Ambos sexos;De 16 a 29 años;58,83333333;
Galaroza;2012;Demandantes;Ambos sexos;De 30 a 44 años;83,33333335;
Galaroza;2012;Demandantes;Ambos sexos;De 45 a 64 años;80,33333335;
Galaroza;2012;Demandantes;Ambos sexos;TOTAL;222,50000003;
Gibraleón;2010;Demandantes;Hombres;De 16 a 29 años;218,91666667;
Gibraleón;2010;Demandantes;Hombres;De 30 a 44 años;343,66666669;
Gibraleón;2010;Demandantes;Hombres;De 45 a 64 años;275,00000002;
Gibraleón;2010;Demandantes;Hombres;TOTAL;837,58333338;
Gibraleón;2010;Demandantes;Mujeres;De 16 a 29 años;138,58333335;
Gibraleón;2010;Demandantes;Mujeres;De 30 a 44 años;245,16666667;
Gibraleón;2010;Demandantes;Mujeres;De 45 a 64 años;171,49999999;
Gibraleón;2010;Demandantes;Mujeres;TOTAL;555,25000001;
Gibraleón;2010;Demandantes;Ambos sexos;De 16 a 29 años;357,50000002;
Gibraleón;2010;Demandantes;Ambos sexos;De 30 a 44 años;588,83333336;
Gibraleón;2010;Demandantes;Ambos sexos;De 45 a 64 años;446,50000001;
Gibraleón;2010;Demandantes;Ambos sexos;TOTAL;1392,83333339;
Gibraleón;2011;Demandantes;Hombres;De 16 a 29 años;200,16666665;
Gibraleón;2011;Demandantes;Hombres;De 30 a 44 años;343,49999998;
Gibraleón;2011;Demandantes;Hombres;De 45 a 64 años;305,08333331;
Gibraleón;2011;Demandantes;Hombres;TOTAL;848,74999994;
Gibraleón;2011;Demandantes;Mujeres;De 16 a 29 años;153,41666668;
Gibraleón;2011;Demandantes;Mujeres;De 30 a 44 años;281,16666664;
Gibraleón;2011;Demandantes;Mujeres;De 45 a 64 años;205,49999998;
Gibraleón;2011;Demandantes;Mujeres;TOTAL;640,0833333;
Gibraleón;2011;Demandantes;Ambos sexos;De 16 a 29 años;353,58333333;
Gibraleón;2011;Demandantes;Ambos sexos;De 30 a 44 años;624,66666662;
Gibraleón;2011;Demandantes;Ambos sexos;De 45 a 64 años;510,58333329;
Gibraleón;2011;Demandantes;Ambos sexos;TOTAL;1488,83333324;
Gibraleón;2012;Demandantes;Hombres;De 16 a 29 años;183,16666666;
Gibraleón;2012;Demandantes;Hombres;De 30 a 44 años;345,66666669;
Gibraleón;2012;Demandantes;Hombres;De 45 a 64 años;339,24999999;
Gibraleón;2012;Demandantes;Hombres;TOTAL;868,08333334;
Gibraleón;2012;Demandantes;Mujeres;De 16 a 29 años;175,16666666;
Gibraleón;2012;Demandantes;Mujeres;De 30 a 44 años;302,33333333;
Gibraleón;2012;Demandantes;Mujeres;De 45 a 64 años;252,00000002;
Gibraleón;2012;Demandantes;Mujeres;TOTAL;729,50000001;
Gibraleón;2012;Demandantes;Ambos sexos;De 16 a 29 años;358,33333332;
Gibraleón;2012;Demandantes;Ambos sexos;De 30 a 44 años;648,00000002;
Gibraleón;2012;Demandantes;Ambos sexos;De 45 a 64 años;591,25000001;
Gibraleón;2012;Demandantes;Ambos sexos;TOTAL;1597,58333335;
Higuera de la Sierra;2010;Demandantes;Hombres;De 16 a 29 años;24,66666667;
Higuera de la Sierra;2010;Demandantes;Hombres;De 30 a 44 años;33,91666665;
Higuera de la Sierra;2010;Demandantes;Hombres;De 45 a 64 años;34,16666667;
Higuera de la Sierra;2010;Demandantes;Hombres;TOTAL;92,74999999;
Higuera de la Sierra;2010;Demandantes;Mujeres;De 16 a 29 años;28;
Higuera de la Sierra;2010;Demandantes;Mujeres;De 30 a 44 años;26,83333333;
Higuera de la Sierra;2010;Demandantes;Mujeres;De 45 a 64 años;30,41666667;
Higuera de la Sierra;2010;Demandantes;Mujeres;TOTAL;85,25;
Higuera de la Sierra;2010;Demandantes;Ambos sexos;De 16 a 29 años;52,66666667;
Higuera de la Sierra;2010;Demandantes;Ambos sexos;De 30 a 44 años;60,74999998;
Higuera de la Sierra;2010;Demandantes;Ambos sexos;De 45 a 64 años;64,58333334;
Higuera de la Sierra;2010;Demandantes;Ambos sexos;TOTAL;177,99999999;
Higuera de la Sierra;2011;Demandantes;Hombres;De 16 a 29 años;26,99999999;
Higuera de la Sierra;2011;Demandantes;Hombres;De 30 a 44 años;33,66666667;
Higuera de la Sierra;2011;Demandantes;Hombres;De 45 a 64 años;43,16666665;
Higuera de la Sierra;2011;Demandantes;Hombres;TOTAL;103,83333331;
Higuera de la Sierra;2011;Demandantes;Mujeres;De 16 a 29 años;33,33333334;
Higuera de la Sierra;2011;Demandantes;Mujeres;De 30 a 44 años;25,33333333;
Higuera de la Sierra;2011;Demandantes;Mujeres;De 45 a 64 años;28,16666667;
Higuera de la Sierra;2011;Demandantes;Mujeres;TOTAL;86,83333334;
Higuera de la Sierra;2011;Demandantes;Ambos sexos;De 16 a 29 años;60,33333333;
Higuera de la Sierra;2011;Demandantes;Ambos sexos;De 30 a 44 años;59;
Higuera de la Sierra;2011;Demandantes;Ambos sexos;De 45 a 64 años;71,33333332;
Higuera de la Sierra;2011;Demandantes;Ambos sexos;TOTAL;190,66666665;
Higuera de la Sierra;2012;Demandantes;Hombres;De 16 a 29 años;30;
Higuera de la Sierra;2012;Demandantes;Hombres;De 30 a 44 años;42,50000001;
Higuera de la Sierra;2012;Demandantes;Hombres;De 45 a 64 años;52,25;
Higuera de la Sierra;2012;Demandantes;Hombres;TOTAL;124,75000001;
Higuera de la Sierra;2012;Demandantes;Mujeres;De 16 a 29 años;35,91666668;
Higuera de la Sierra;2012;Demandantes;Mujeres;De 30 a 44 años;32,16666667;
Higuera de la Sierra;2012;Demandantes;Mujeres;De 45 a 64 años;32,41666666;
Higuera de la Sierra;2012;Demandantes;Mujeres;TOTAL;100,50000001;
Higuera de la Sierra;2012;Demandantes;Ambos sexos;De 16 a 29 años;65,91666668;
Higuera de la Sierra;2012;Demandantes;Ambos sexos;De 30 a 44 años;74,66666668;
Higuera de la Sierra;2012;Demandantes;Ambos sexos;De 45 a 64 años;84,66666666;
Higuera de la Sierra;2012;Demandantes;Ambos sexos;TOTAL;225,25000002;
Hinojales;2010;Demandantes;Hombres;De 16 a 29 años;1,91666666;
Hinojales;2010;Demandantes;Hombres;De 30 a 44 años;2,99999999;
Hinojales;2010;Demandantes;Hombres;De 45 a 64 años;5,33333333;
Hinojales;2010;Demandantes;Hombres;TOTAL;10,24999998;
Hinojales;2010;Demandantes;Mujeres;De 16 a 29 años;0,5;
Hinojales;2010;Demandantes;Mujeres;De 30 a 44 años;2,49999999;
Hinojales;2010;Demandantes;Mujeres;De 45 a 64 años;4,16666666;
Hinojales;2010;Demandantes;Mujeres;TOTAL;7,16666665;
Hinojales;2010;Demandantes;Ambos sexos;De 16 a 29 años;2,41666666;
Hinojales;2010;Demandantes;Ambos sexos;De 30 a 44 años;5,49999998;
Hinojales;2010;Demandantes;Ambos sexos;De 45 a 64 años;9,49999999;
Hinojales;2010;Demandantes;Ambos sexos;TOTAL;17,41666663;
Hinojales;2011;Demandantes;Hombres;De 16 a 29 años;2,41666667;
Hinojales;2011;Demandantes;Hombres;De 30 a 44 años;6,75;
Hinojales;2011;Demandantes;Hombres;De 45 a 64 años;3,91666667;
Hinojales;2011;Demandantes;Hombres;TOTAL;13,08333334;
Hinojales;2011;Demandantes;Mujeres;De 16 a 29 años;1,08333333;
Hinojales;2011;Demandantes;Mujeres;De 30 a 44 años;3,58333334;
Hinojales;2011;Demandantes;Mujeres;De 45 a 64 años;3,16666667;
Hinojales;2011;Demandantes;Mujeres;TOTAL;7,83333334;
Hinojales;2011;Demandantes;Ambos sexos;De 16 a 29 años;3,5;
Hinojales;2011;Demandantes;Ambos sexos;De 30 a 44 años;10,33333334;
Hinojales;2011;Demandantes;Ambos sexos;De 45 a 64 años;7,08333334;
Hinojales;2011;Demandantes;Ambos sexos;TOTAL;20,91666668;
Hinojales;2012;Demandantes;Hombres;De 16 a 29 años;7,16666667;
Hinojales;2012;Demandantes;Hombres;De 30 a 44 años;6,16666666;
Hinojales;2012;Demandantes;Hombres;De 45 a 64 años;5,58333334;
Hinojales;2012;Demandantes;Hombres;TOTAL;18,91666667;
Hinojales;2012;Demandantes;Mujeres;De 16 a 29 años;4,99999999;
Hinojales;2012;Demandantes;Mujeres;De 30 a 44 años;3,75000001;
Hinojales;2012;Demandantes;Mujeres;De 45 a 64 años;3,25;
Hinojales;2012;Demandantes;Mujeres;TOTAL;12;
Hinojales;2012;Demandantes;Ambos sexos;De 16 a 29 años;12,16666666;
Hinojales;2012;Demandantes;Ambos sexos;De 30 a 44 años;9,91666667;
Hinojales;2012;Demandantes;Ambos sexos;De 45 a 64 años;8,83333334;
Hinojales;2012;Demandantes;Ambos sexos;TOTAL;30,91666667;
Hinojos;2010;Demandantes;Hombres;De 16 a 29 años;42,25;
Hinojos;2010;Demandantes;Hombres;De 30 a 44 años;60,08333334;
Hinojos;2010;Demandantes;Hombres;De 45 a 64 años;52,83333334;
Hinojos;2010;Demandantes;Hombres;TOTAL;155,16666668;
Hinojos;2010;Demandantes;Mujeres;De 16 a 29 años;28,83333332;
Hinojos;2010;Demandantes;Mujeres;De 30 a 44 años;51,66666667;
Hinojos;2010;Demandantes;Mujeres;De 45 a 64 años;24,08333331;
Hinojos;2010;Demandantes;Mujeres;TOTAL;104,5833333;
Hinojos;2010;Demandantes;Ambos sexos;De 16 a 29 años;71,08333332;
Hinojos;2010;Demandantes;Ambos sexos;De 30 a 44 años;111,75000001;
Hinojos;2010;Demandantes;Ambos sexos;De 45 a 64 años;76,91666665;
Hinojos;2010;Demandantes;Ambos sexos;TOTAL;259,74999998;
Hinojos;2011;Demandantes;Hombres;De 16 a 29 años;46,41666667;
Hinojos;2011;Demandantes;Hombres;De 30 a 44 años;61,16666668;
Hinojos;2011;Demandantes;Hombres;De 45 a 64 años;56,83333334;
Hinojos;2011;Demandantes;Hombres;TOTAL;164,41666669;
Hinojos;2011;Demandantes;Mujeres;De 16 a 29 años;39,91666666;
Hinojos;2011;Demandantes;Mujeres;De 30 a 44 años;58,41666666;
Hinojos;2011;Demandantes;Mujeres;De 45 a 64 años;29,25;
Hinojos;2011;Demandantes;Mujeres;TOTAL;127,58333332;
Hinojos;2011;Demandantes;Ambos sexos;De 16 a 29 años;86,33333333;
Hinojos;2011;Demandantes;Ambos sexos;De 30 a 44 años;119,58333334;
Hinojos;2011;Demandantes;Ambos sexos;De 45 a 64 años;86,08333334;
Hinojos;2011;Demandantes;Ambos sexos;TOTAL;292,00000001;
Hinojos;2012;Demandantes;Hombres;De 16 a 29 años;43,41666665;
Hinojos;2012;Demandantes;Hombres;De 30 a 44 años;56,91666667;
Hinojos;2012;Demandantes;Hombres;De 45 a 64 años;60,91666668;
Hinojos;2012;Demandantes;Hombres;TOTAL;161,25;
Hinojos;2012;Demandantes;Mujeres;De 16 a 29 años;42,33333334;
Hinojos;2012;Demandantes;Mujeres;De 30 a 44 años;54,41666667;
Hinojos;2012;Demandantes;Mujeres;De 45 a 64 años;31,08333331;
Hinojos;2012;Demandantes;Mujeres;TOTAL;127,83333332;
Hinojos;2012;Demandantes;Ambos sexos;De 16 a 29 años;85,74999999;
Hinojos;2012;Demandantes;Ambos sexos;De 30 a 44 años;111,33333334;
Hinojos;2012;Demandantes;Ambos sexos;De 45 a 64 años;91,99999999;
Hinojos;2012;Demandantes;Ambos sexos;TOTAL;289,08333332;
Huelva (capital);2010;Demandantes;Hombres;De 16 a 29 años;2069,58333333;
Huelva (capital);2010;Demandantes;Hombres;De 30 a 44 años;3373,91666665;
Huelva (capital);2010;Demandantes;Hombres;De 45 a 64 años;2704,16666667;
Huelva (capital);2010;Demandantes;Hombres;TOTAL;8147,66666665;
Huelva (capital);2010;Demandantes;Mujeres;De 16 a 29 años;1973,83333334;
Huelva (capital);2010;Demandantes;Mujeres;De 30 a 44 años;3711,24999998;
Huelva (capital);2010;Demandantes;Mujeres;De 45 a 64 años;2960,25000001;
Huelva (capital);2010;Demandantes;Mujeres;TOTAL;8645,33333333;
Huelva (capital);2010;Demandantes;Ambos sexos;De 16 a 29 años;4043,41666667;
Huelva (capital);2010;Demandantes;Ambos sexos;De 30 a 44 años;7085,16666663;
Huelva (capital);2010;Demandantes;Ambos sexos;De 45 a 64 años;5664,41666668;
Huelva (capital);2010;Demandantes;Ambos sexos;TOTAL;16792,99999998;
Huelva (capital);2011;Demandantes;Hombres;De 16 a 29 años;2122,41666666;
Huelva (capital);2011;Demandantes;Hombres;De 30 a 44 años;3612,99999999;
Huelva (capital);2011;Demandantes;Hombres;De 45 a 64 años;3312,00000002;
Huelva (capital);2011;Demandantes;Hombres;TOTAL;9047,41666667;
Huelva (capital);2011;Demandantes;Mujeres;De 16 a 29 años;2176,58333331;
Huelva (capital);2011;Demandantes;Mujeres;De 30 a 44 años;4008,50000002;
Huelva (capital);2011;Demandantes;Mujeres;De 45 a 64 años;3339,58333335;
Huelva (capital);2011;Demandantes;Mujeres;TOTAL;9524,66666668;
Huelva (capital);2011;Demandantes;Ambos sexos;De 16 a 29 años;4298,99999997;
Huelva (capital);2011;Demandantes;Ambos sexos;De 30 a 44 años;7621,50000001;
Huelva (capital);2011;Demandantes;Ambos sexos;De 45 a 64 años;6651,58333337;
Huelva (capital);2011;Demandantes;Ambos sexos;TOTAL;18572,08333335;
Huelva (capital);2012;Demandantes;Hombres;De 16 a 29 años;2219,16666671;
Huelva (capital);2012;Demandantes;Hombres;De 30 a 44 años;3936,24999999;
Huelva (capital);2012;Demandantes;Hombres;De 45 a 64 años;3630,66666667;
Huelva (capital);2012;Demandantes;Hombres;TOTAL;9786,08333337;
Huelva (capital);2012;Demandantes;Mujeres;De 16 a 29 años;2374,91666666;
Huelva (capital);2012;Demandantes;Mujeres;De 30 a 44 años;4547,33333329;
Huelva (capital);2012;Demandantes;Mujeres;De 45 a 64 años;3864,49999998;
Huelva (capital);2012;Demandantes;Mujeres;TOTAL;10786,74999993;
Huelva (capital);2012;Demandantes;Ambos sexos;De 16 a 29 años;4594,08333337;
Huelva (capital);2012;Demandantes;Ambos sexos;De 30 a 44 años;8483,58333328;
Huelva (capital);2012;Demandantes;Ambos sexos;De 45 a 64 años;7495,16666665;
Huelva (capital);2012;Demandantes;Ambos sexos;TOTAL;20572,8333333;
Isla Cristina;2010;Demandantes;Hombres;De 16 a 29 años;376,66666665;
Isla Cristina;2010;Demandantes;Hombres;De 30 a 44 años;561,08333333;
Isla Cristina;2010;Demandantes;Hombres;De 45 a 64 años;405,83333335;
Isla Cristina;2010;Demandantes;Hombres;TOTAL;1343,58333333;
Isla Cristina;2010;Demandantes;Mujeres;De 16 a 29 años;293,33333333;
Isla Cristina;2010;Demandantes;Mujeres;De 30 a 44 años;408,08333334;
Isla Cristina;2010;Demandantes;Mujeres;De 45 a 64 años;268,83333334;
Isla Cristina;2010;Demandantes;Mujeres;TOTAL;970,25000001;
Isla Cristina;2010;Demandantes;Ambos sexos;De 16 a 29 años;669,99999998;
Isla Cristina;2010;Demandantes;Ambos sexos;De 30 a 44 años;969,16666667;
Isla Cristina;2010;Demandantes;Ambos sexos;De 45 a 64 años;674,66666669;
Isla Cristina;2010;Demandantes;Ambos sexos;TOTAL;2313,83333334;
Isla Cristina;2011;Demandantes;Hombres;De 16 a 29 años;366,24999998;
Isla Cristina;2011;Demandantes;Hombres;De 30 a 44 años;563,33333332;
Isla Cristina;2011;Demandantes;Hombres;De 45 a 64 años;441,25;
Isla Cristina;2011;Demandantes;Hombres;TOTAL;1370,8333333;
Isla Cristina;2011;Demandantes;Mujeres;De 16 a 29 años;324,99999998;
Isla Cristina;2011;Demandantes;Mujeres;De 30 a 44 años;403,24999998;
Isla Cristina;2011;Demandantes;Mujeres;De 45 a 64 años;331,16666665;
Isla Cristina;2011;Demandantes;Mujeres;TOTAL;1059,41666661;
Isla Cristina;2011;Demandantes;Ambos sexos;De 16 a 29 años;691,24999996;
Isla Cristina;2011;Demandantes;Ambos sexos;De 30 a 44 años;966,5833333;
Isla Cristina;2011;Demandantes;Ambos sexos;De 45 a 64 años;772,41666665;
Isla Cristina;2011;Demandantes;Ambos sexos;TOTAL;2430,24999991;
Isla Cristina;2012;Demandantes;Hombres;De 16 a 29 años;320,66666667;
Isla Cristina;2012;Demandantes;Hombres;De 30 a 44 años;521,33333334;
Isla Cristina;2012;Demandantes;Hombres;De 45 a 64 años;491,33333332;
Isla Cristina;2012;Demandantes;Hombres;TOTAL;1333,33333333;
Isla Cristina;2012;Demandantes;Mujeres;De 16 a 29 años;356,5;
Isla Cristina;2012;Demandantes;Mujeres;De 30 a 44 años;429,83333335;
Isla Cristina;2012;Demandantes;Mujeres;De 45 a 64 años;390,08333335;
Isla Cristina;2012;Demandantes;Mujeres;TOTAL;1176,4166667;
Isla Cristina;2012;Demandantes;Ambos sexos;De 16 a 29 años;677,16666667;
Isla Cristina;2012;Demandantes;Ambos sexos;De 30 a 44 años;951,16666669;
Isla Cristina;2012;Demandantes;Ambos sexos;De 45 a 64 años;881,41666667;
Isla Cristina;2012;Demandantes;Ambos sexos;TOTAL;2509,75000003;
Jabugo;2010;Demandantes;Hombres;De 16 a 29 años;49,91666666;
Jabugo;2010;Demandantes;Hombres;De 30 a 44 años;42,00000001;
Jabugo;2010;Demandantes;Hombres;De 45 a 64 años;48,75;
Jabugo;2010;Demandantes;Hombres;TOTAL;140,66666667;
Jabugo;2010;Demandantes;Mujeres;De 16 a 29 años;35,24999999;
Jabugo;2010;Demandantes;Mujeres;De 30 a 44 años;67,99999998;
Jabugo;2010;Demandantes;Mujeres;De 45 a 64 años;72,16666668;
Jabugo;2010;Demandantes;Mujeres;TOTAL;175,41666665;
Jabugo;2010;Demandantes;Ambos sexos;De 16 a 29 años;85,16666665;
Jabugo;2010;Demandantes;Ambos sexos;De 30 a 44 años;109,99999999;
Jabugo;2010;Demandantes;Ambos sexos;De 45 a 64 años;120,91666668;
Jabugo;2010;Demandantes;Ambos sexos;TOTAL;316,08333332;
Jabugo;2011;Demandantes;Hombres;De 16 a 29 años;45,16666665;
Jabugo;2011;Demandantes;Hombres;De 30 a 44 años;38,08333332;
Jabugo;2011;Demandantes;Hombres;De 45 a 64 años;51,33333334;
Jabugo;2011;Demandantes;Hombres;TOTAL;134,58333331;
Jabugo;2011;Demandantes;Mujeres;De 16 a 29 años;34,83333334;
Jabugo;2011;Demandantes;Mujeres;De 30 a 44 años;66,25;
Jabugo;2011;Demandantes;Mujeres;De 45 a 64 años;72,16666667;
Jabugo;2011;Demandantes;Mujeres;TOTAL;173,25000001;
Jabugo;2011;Demandantes;Ambos sexos;De 16 a 29 años;79,99999999;
Jabugo;2011;Demandantes;Ambos sexos;De 30 a 44 años;104,33333332;
Jabugo;2011;Demandantes;Ambos sexos;De 45 a 64 años;123,50000001;
Jabugo;2011;Demandantes;Ambos sexos;TOTAL;307,83333332;
Jabugo;2012;Demandantes;Hombres;De 16 a 29 años;52,74999999;
Jabugo;2012;Demandantes;Hombres;De 30 a 44 años;51,83333334;
Jabugo;2012;Demandantes;Hombres;De 45 a 64 años;59,91666667;
Jabugo;2012;Demandantes;Hombres;TOTAL;164,5;
Jabugo;2012;Demandantes;Mujeres;De 16 a 29 años;40,58333333;
Jabugo;2012;Demandantes;Mujeres;De 30 a 44 años;66,08333334;
Jabugo;2012;Demandantes;Mujeres;De 45 a 64 años;75,41666667;
Jabugo;2012;Demandantes;Mujeres;TOTAL;182,08333334;
Jabugo;2012;Demandantes;Ambos sexos;De 16 a 29 años;93,33333332;
Jabugo;2012;Demandantes;Ambos sexos;De 30 a 44 años;117,91666668;
Jabugo;2012;Demandantes;Ambos sexos;De 45 a 64 años;135,33333334;
Jabugo;2012;Demandantes;Ambos sexos;TOTAL;346,58333334;
La Granada de Río-Tinto;2010;Demandantes;Hombres;De 16 a 29 años;10,24999999;
La Granada de Río-Tinto;2010;Demandantes;Hombres;De 30 a 44 años;4,91666667;
La Granada de Río-Tinto;2010;Demandantes;Hombres;De 45 a 64 años;7,5;
La Granada de Río-Tinto;2010;Demandantes;Hombres;TOTAL;22,66666666;
La Granada de Río-Tinto;2010;Demandantes;Mujeres;De 16 a 29 años;3,41666666;
La Granada de Río-Tinto;2010;Demandantes;Mujeres;De 30 a 44 años;6,75;
La Granada de Río-Tinto;2010;Demandantes;Mujeres;De 45 a 64 años;11,24999999;
La Granada de Río-Tinto;2010;Demandantes;Mujeres;TOTAL;21,41666665;
La Granada de Río-Tinto;2010;Demandantes;Ambos sexos;De 16 a 29 años;13,66666665;
La Granada de Río-Tinto;2010;Demandantes;Ambos sexos;De 30 a 44 años;11,66666667;
La Granada de Río-Tinto;2010;Demandantes;Ambos sexos;De 45 a 64 años;18,74999999;
La Granada de Río-Tinto;2010;Demandantes;Ambos sexos;TOTAL;44,08333331;
La Granada de Río-Tinto;2011;Demandantes;Hombres;De 16 a 29 años;9,16666667;
La Granada de Río-Tinto;2011;Demandantes;Hombres;De 30 a 44 años;6,16666666;
La Granada de Río-Tinto;2011;Demandantes;Hombres;De 45 a 64 años;8,66666667;
La Granada de Río-Tinto;2011;Demandantes;Hombres;TOTAL;24;
La Granada de Río-Tinto;2011;Demandantes;Mujeres;De 16 a 29 años;2,83333332;
La Granada de Río-Tinto;2011;Demandantes;Mujeres;De 30 a 44 años;8,5;
La Granada de Río-Tinto;2011;Demandantes;Mujeres;De 45 a 64 años;10,66666666;
La Granada de Río-Tinto;2011;Demandantes;Mujeres;TOTAL;21,99999998;
La Granada de Río-Tinto;2011;Demandantes;Ambos sexos;De 16 a 29 años;11,99999999;
La Granada de Río-Tinto;2011;Demandantes;Ambos sexos;De 30 a 44 años;14,66666666;
La Granada de Río-Tinto;2011;Demandantes;Ambos sexos;De 45 a 64 años;19,33333333;
La Granada de Río-Tinto;2011;Demandantes;Ambos sexos;TOTAL;45,99999998;
La Granada de Río-Tinto;2012;Demandantes;Hombres;De 16 a 29 años;8,66666667;
La Granada de Río-Tinto;2012;Demandantes;Hombres;De 30 a 44 años;7,66666667;
La Granada de Río-Tinto;2012;Demandantes;Hombres;De 45 a 64 años;13,33333333;
La Granada de Río-Tinto;2012;Demandantes;Hombres;TOTAL;29,66666667;
La Granada de Río-Tinto;2012;Demandantes;Mujeres;De 16 a 29 años;7,49999999;
La Granada de Río-Tinto;2012;Demandantes;Mujeres;De 30 a 44 años;8,50000001;
La Granada de Río-Tinto;2012;Demandantes;Mujeres;De 45 a 64 años;11,83333334;
La Granada de Río-Tinto;2012;Demandantes;Mujeres;TOTAL;27,83333334;
La Granada de Río-Tinto;2012;Demandantes;Ambos sexos;De 16 a 29 años;16,16666666;
La Granada de Río-Tinto;2012;Demandantes;Ambos sexos;De 30 a 44 años;16,16666668;
La Granada de Río-Tinto;2012;Demandantes;Ambos sexos;De 45 a 64 años;25,16666667;
La Granada de Río-Tinto;2012;Demandantes;Ambos sexos;TOTAL;57,50000001;
La Nava;2010;Demandantes;Hombres;De 16 a 29 años;5,66666667;
La Nava;2010;Demandantes;Hombres;De 30 a 44 años;7,5;
La Nava;2010;Demandantes;Hombres;De 45 a 64 años;6,41666666;
La Nava;2010;Demandantes;Hombres;TOTAL;19,58333333;
La Nava;2010;Demandantes;Mujeres;De 16 a 29 años;4,08333333;
La Nava;2010;Demandantes;Mujeres;De 30 a 44 años;4,83333334;
La Nava;2010;Demandantes;Mujeres;De 45 a 64 años;6,66666667;
La Nava;2010;Demandantes;Mujeres;TOTAL;15,58333334;
La Nava;2010;Demandantes;Ambos sexos;De 16 a 29 años;9,75;
La Nava;2010;Demandantes;Ambos sexos;De 30 a 44 años;12,33333334;
La Nava;2010;Demandantes;Ambos sexos;De 45 a 64 años;13,08333333;
La Nava;2010;Demandantes;Ambos sexos;TOTAL;35,16666667;
La Nava;2011;Demandantes;Hombres;De 16 a 29 años;6;
La Nava;2011;Demandantes;Hombres;De 30 a 44 años;9,33333333;
La Nava;2011;Demandantes;Hombres;De 45 a 64 años;7,5;
La Nava;2011;Demandantes;Hombres;TOTAL;22,83333333;
La Nava;2011;Demandantes;Mujeres;De 16 a 29 años;6,33333333;
La Nava;2011;Demandantes;Mujeres;De 30 a 44 años;7,91666667;
La Nava;2011;Demandantes;Mujeres;De 45 a 64 años;9;
La Nava;2011;Demandantes;Mujeres;TOTAL;23,25;
La Nava;2011;Demandantes;Ambos sexos;De 16 a 29 años;12,33333333;
La Nava;2011;Demandantes;Ambos sexos;De 30 a 44 años;17,25;
La Nava;2011;Demandantes;Ambos sexos;De 45 a 64 años;16,5;
La Nava;2011;Demandantes;Ambos sexos;TOTAL;46,08333333;
La Nava;2012;Demandantes;Hombres;De 16 a 29 años;4;
La Nava;2012;Demandantes;Hombres;De 30 a 44 años;7,75;
La Nava;2012;Demandantes;Hombres;De 45 a 64 años;10,25;
La Nava;2012;Demandantes;Hombres;TOTAL;22;
La Nava;2012;Demandantes;Mujeres;De 16 a 29 años;5,75000001;
La Nava;2012;Demandantes;Mujeres;De 30 a 44 años;9,16666667;
La Nava;2012;Demandantes;Mujeres;De 45 a 64 años;10,25000001;
La Nava;2012;Demandantes;Mujeres;TOTAL;25,16666669;
La Nava;2012;Demandantes;Ambos sexos;De 16 a 29 años;9,75000001;
La Nava;2012;Demandantes;Ambos sexos;De 30 a 44 años;16,91666667;
La Nava;2012;Demandantes;Ambos sexos;De 45 a 64 años;20,50000001;
La Nava;2012;Demandantes;Ambos sexos;TOTAL;47,16666669;
La Palma del Condado;2010;Demandantes;Hombres;De 16 a 29 años;131,08333333;
La Palma del Condado;2010;Demandantes;Hombres;De 30 a 44 años;206,91666667;
La Palma del Condado;2010;Demandantes;Hombres;De 45 a 64 años;172,08333331;
La Palma del Condado;2010;Demandantes;Hombres;TOTAL;510,08333331;
La Palma del Condado;2010;Demandantes;Mujeres;De 16 a 29 años;102,33333331;
La Palma del Condado;2010;Demandantes;Mujeres;De 30 a 44 años;220,83333335;
La Palma del Condado;2010;Demandantes;Mujeres;De 45 a 64 años;165,16666668;
La Palma del Condado;2010;Demandantes;Mujeres;TOTAL;488,33333334;
La Palma del Condado;2010;Demandantes;Ambos sexos;De 16 a 29 años;233,41666664;
La Palma del Condado;2010;Demandantes;Ambos sexos;De 30 a 44 años;427,75000002;
La Palma del Condado;2010;Demandantes;Ambos sexos;De 45 a 64 años;337,24999999;
La Palma del Condado;2010;Demandantes;Ambos sexos;TOTAL;998,41666665;
La Palma del Condado;2011;Demandantes;Hombres;De 16 a 29 años;137,66666667;
La Palma del Condado;2011;Demandantes;Hombres;De 30 a 44 años;204,33333333;
La Palma del Condado;2011;Demandantes;Hombres;De 45 a 64 años;190,75000001;
La Palma del Condado;2011;Demandantes;Hombres;TOTAL;532,75000001;
La Palma del Condado;2011;Demandantes;Mujeres;De 16 a 29 años;116,33333333;
La Palma del Condado;2011;Demandantes;Mujeres;De 30 a 44 años;222,33333332;
La Palma del Condado;2011;Demandantes;Mujeres;De 45 a 64 años;184,58333333;
La Palma del Condado;2011;Demandantes;Mujeres;TOTAL;523,24999998;
La Palma del Condado;2011;Demandantes;Ambos sexos;De 16 a 29 años;254;
La Palma del Condado;2011;Demandantes;Ambos sexos;De 30 a 44 años;426,66666665;
La Palma del Condado;2011;Demandantes;Ambos sexos;De 45 a 64 años;375,33333334;
La Palma del Condado;2011;Demandantes;Ambos sexos;TOTAL;1055,99999999;
La Palma del Condado;2012;Demandantes;Hombres;De 16 a 29 años;164,66666664;
La Palma del Condado;2012;Demandantes;Hombres;De 30 a 44 años;227,91666667;
La Palma del Condado;2012;Demandantes;Hombres;De 45 a 64 años;220,83333335;
La Palma del Condado;2012;Demandantes;Hombres;TOTAL;613,41666666;
La Palma del Condado;2012;Demandantes;Mujeres;De 16 a 29 años;141,5;
La Palma del Condado;2012;Demandantes;Mujeres;De 30 a 44 años;247,75000001;
La Palma del Condado;2012;Demandantes;Mujeres;De 45 a 64 años;202,33333333;
La Palma del Condado;2012;Demandantes;Mujeres;TOTAL;591,58333334;
La Palma del Condado;2012;Demandantes;Ambos sexos;De 16 a 29 años;306,16666664;
La Palma del Condado;2012;Demandantes;Ambos sexos;De 30 a 44 años;475,66666668;
La Palma del Condado;2012;Demandantes;Ambos sexos;De 45 a 64 años;423,16666668;
La Palma del Condado;2012;Demandantes;Ambos sexos;TOTAL;1205;
Lepe;2010;Demandantes;Hombres;De 16 a 29 años;406,16666669;
Lepe;2010;Demandantes;Hombres;De 30 a 44 años;676,08333335;
Lepe;2010;Demandantes;Hombres;De 45 a 64 años;448,16666668;
Lepe;2010;Demandantes;Hombres;TOTAL;1530,41666672;
Lepe;2010;Demandantes;Mujeres;De 16 a 29 años;324,66666665;
Lepe;2010;Demandantes;Mujeres;De 30 a 44 años;575,41666667;
Lepe;2010;Demandantes;Mujeres;De 45 a 64 años;270,66666667;
Lepe;2010;Demandantes;Mujeres;TOTAL;1170,74999999;
Lepe;2010;Demandantes;Ambos sexos;De 16 a 29 años;730,83333334;
Lepe;2010;Demandantes;Ambos sexos;De 30 a 44 años;1251,50000002;
Lepe;2010;Demandantes;Ambos sexos;De 45 a 64 años;718,83333335;
Lepe;2010;Demandantes;Ambos sexos;TOTAL;2701,16666671;
Lepe;2011;Demandantes;Hombres;De 16 a 29 años;356,74999998;
Lepe;2011;Demandantes;Hombres;De 30 a 44 años;583,58333336;
Lepe;2011;Demandantes;Hombres;De 45 a 64 años;474,50000001;
Lepe;2011;Demandantes;Hombres;TOTAL;1414,83333335;
Lepe;2011;Demandantes;Mujeres;De 16 a 29 años;352,41666668;
Lepe;2011;Demandantes;Mujeres;De 30 a 44 años;584,41666665;
Lepe;2011;Demandantes;Mujeres;De 45 a 64 años;334,91666667;
Lepe;2011;Demandantes;Mujeres;TOTAL;1271,75;
Lepe;2011;Demandantes;Ambos sexos;De 16 a 29 años;709,16666666;
Lepe;2011;Demandantes;Ambos sexos;De 30 a 44 años;1168,00000001;
Lepe;2011;Demandantes;Ambos sexos;De 45 a 64 años;809,41666668;
Lepe;2011;Demandantes;Ambos sexos;TOTAL;2686,58333335;
Lepe;2012;Demandantes;Hombres;De 16 a 29 años;350,00000003;
Lepe;2012;Demandantes;Hombres;De 30 a 44 años;611,08333334;
Lepe;2012;Demandantes;Hombres;De 45 a 64 años;557,33333337;
Lepe;2012;Demandantes;Hombres;TOTAL;1518,41666674;
Lepe;2012;Demandantes;Mujeres;De 16 a 29 años;376,9166667;
Lepe;2012;Demandantes;Mujeres;De 30 a 44 años;650,66666667;
Lepe;2012;Demandantes;Mujeres;De 45 a 64 años;420,25000001;
Lepe;2012;Demandantes;Mujeres;TOTAL;1447,83333338;
Lepe;2012;Demandantes;Ambos sexos;De 16 a 29 años;726,91666673;
Lepe;2012;Demandantes;Ambos sexos;De 30 a 44 años;1261,75000001;
Lepe;2012;Demandantes;Ambos sexos;De 45 a 64 años;977,58333338;
Lepe;2012;Demandantes;Ambos sexos;TOTAL;2966,25000012;
Linares de la Sierra;2010;Demandantes;Hombres;De 16 a 29 años;6,83333334;
Linares de la Sierra;2010;Demandantes;Hombres;De 30 a 44 años;9,24999999;
Linares de la Sierra;2010;Demandantes;Hombres;De 45 a 64 años;8,91666666;
Linares de la Sierra;2010;Demandantes;Hombres;TOTAL;24,99999999;
Linares de la Sierra;2010;Demandantes;Mujeres;De 16 a 29 años;2,91666667;
Linares de la Sierra;2010;Demandantes;Mujeres;De 30 a 44 años;7,08333333;
Linares de la Sierra;2010;Demandantes;Mujeres;De 45 a 64 años;5;
Linares de la Sierra;2010;Demandantes;Mujeres;TOTAL;15;
Linares de la Sierra;2010;Demandantes;Ambos sexos;De 16 a 29 años;9,75000001;
Linares de la Sierra;2010;Demandantes;Ambos sexos;De 30 a 44 años;16,33333332;
Linares de la Sierra;2010;Demandantes;Ambos sexos;De 45 a 64 años;13,91666666;
Linares de la Sierra;2010;Demandantes;Ambos sexos;TOTAL;39,99999999;
Linares de la Sierra;2011;Demandantes;Hombres;De 16 a 29 años;6,25;
Linares de la Sierra;2011;Demandantes;Hombres;De 30 a 44 años;9,08333333;
Linares de la Sierra;2011;Demandantes;Hombres;De 45 a 64 años;9;
Linares de la Sierra;2011;Demandantes;Hombres;TOTAL;24,33333333;
Linares de la Sierra;2011;Demandantes;Mujeres;De 16 a 29 años;3,66666667;
Linares de la Sierra;2011;Demandantes;Mujeres;De 30 a 44 años;10,49999999;
Linares de la Sierra;2011;Demandantes;Mujeres;De 45 a 64 años;3,66666666;
Linares de la Sierra;2011;Demandantes;Mujeres;TOTAL;17,83333332;
Linares de la Sierra;2011;Demandantes;Ambos sexos;De 16 a 29 años;9,91666667;
Linares de la Sierra;2011;Demandantes;Ambos sexos;De 30 a 44 años;19,58333332;
Linares de la Sierra;2011;Demandantes;Ambos sexos;De 45 a 64 años;12,66666666;
Linares de la Sierra;2011;Demandantes;Ambos sexos;TOTAL;42,16666665;
Linares de la Sierra;2012;Demandantes;Hombres;De 16 a 29 años;8,58333334;
Linares de la Sierra;2012;Demandantes;Hombres;De 30 a 44 años;8,08333334;
Linares de la Sierra;2012;Demandantes;Hombres;De 45 a 64 años;13,91666668;
Linares de la Sierra;2012;Demandantes;Hombres;TOTAL;30,58333336;
Linares de la Sierra;2012;Demandantes;Mujeres;De 16 a 29 años;7,33333334;
Linares de la Sierra;2012;Demandantes;Mujeres;De 30 a 44 años;11,91666667;
Linares de la Sierra;2012;Demandantes;Mujeres;De 45 a 64 años;5,41666668;
Linares de la Sierra;2012;Demandantes;Mujeres;TOTAL;24,66666669;
Linares de la Sierra;2012;Demandantes;Ambos sexos;De 16 a 29 años;15,91666668;
Linares de la Sierra;2012;Demandantes;Ambos sexos;De 30 a 44 años;20,00000001;
Linares de la Sierra;2012;Demandantes;Ambos sexos;De 45 a 64 años;19,33333336;
Linares de la Sierra;2012;Demandantes;Ambos sexos;TOTAL;55,25000005;
Los Marines;2010;Demandantes;Hombres;De 16 a 29 años;6,75;
Los Marines;2010;Demandantes;Hombres;De 30 a 44 años;9,08333334;
Los Marines;2010;Demandantes;Hombres;De 45 a 64 años;5,5;
Los Marines;2010;Demandantes;Hombres;TOTAL;21,33333334;
Los Marines;2010;Demandantes;Mujeres;De 16 a 29 años;4,49999999;
Los Marines;2010;Demandantes;Mujeres;De 30 a 44 años;10,75;
Los Marines;2010;Demandantes;Mujeres;De 45 a 64 años;3,49999999;
Los Marines;2010;Demandantes;Mujeres;TOTAL;18,74999998;
Los Marines;2010;Demandantes;Ambos sexos;De 16 a 29 años;11,24999999;
Los Marines;2010;Demandantes;Ambos sexos;De 30 a 44 años;19,83333334;
Los Marines;2010;Demandantes;Ambos sexos;De 45 a 64 años;8,99999999;
Los Marines;2010;Demandantes;Ambos sexos;TOTAL;40,08333332;
Los Marines;2011;Demandantes;Hombres;De 16 a 29 años;5,91666668;
Los Marines;2011;Demandantes;Hombres;De 30 a 44 años;11,25;
Los Marines;2011;Demandantes;Hombres;De 45 a 64 años;8,33333333;
Los Marines;2011;Demandantes;Hombres;TOTAL;25,50000001;
Los Marines;2011;Demandantes;Mujeres;De 16 a 29 años;7;
Los Marines;2011;Demandantes;Mujeres;De 30 a 44 años;13,83333334;
Los Marines;2011;Demandantes;Mujeres;De 45 a 64 años;4,74999999;
Los Marines;2011;Demandantes;Mujeres;TOTAL;25,58333333;
Los Marines;2011;Demandantes;Ambos sexos;De 16 a 29 años;12,91666668;
Los Marines;2011;Demandantes;Ambos sexos;De 30 a 44 años;25,08333334;
Los Marines;2011;Demandantes;Ambos sexos;De 45 a 64 años;13,08333332;
Los Marines;2011;Demandantes;Ambos sexos;TOTAL;51,08333334;
Los Marines;2012;Demandantes;Hombres;De 16 a 29 años;7,16666668;
Los Marines;2012;Demandantes;Hombres;De 30 a 44 años;12,75000002;
Los Marines;2012;Demandantes;Hombres;De 45 a 64 años;11,41666667;
Los Marines;2012;Demandantes;Hombres;TOTAL;31,33333337;
Los Marines;2012;Demandantes;Mujeres;De 16 a 29 años;9,08333333;
Los Marines;2012;Demandantes;Mujeres;De 30 a 44 años;13,75;
Los Marines;2012;Demandantes;Mujeres;De 45 a 64 años;6,83333333;
Los Marines;2012;Demandantes;Mujeres;TOTAL;29,66666666;
Los Marines;2012;Demandantes;Ambos sexos;De 16 a 29 años;16,25000001;
Los Marines;2012;Demandantes;Ambos sexos;De 30 a 44 años;26,50000002;
Los Marines;2012;Demandantes;Ambos sexos;De 45 a 64 años;18,25;
Los Marines;2012;Demandantes;Ambos sexos;TOTAL;61,00000003;
Lucena del Puerto;2010;Demandantes;Hombres;De 16 a 29 años;24,08333332;
Lucena del Puerto;2010;Demandantes;Hombres;De 30 a 44 años;33,33333334;
Lucena del Puerto;2010;Demandantes;Hombres;De 45 a 64 años;22,33333333;
Lucena del Puerto;2010;Demandantes;Hombres;TOTAL;79,74999999;
Lucena del Puerto;2010;Demandantes;Mujeres;De 16 a 29 años;11,25;
Lucena del Puerto;2010;Demandantes;Mujeres;De 30 a 44 años;39,5;
Lucena del Puerto;2010;Demandantes;Mujeres;De 45 a 64 años;9,08333332;
Lucena del Puerto;2010;Demandantes;Mujeres;TOTAL;59,83333332;
Lucena del Puerto;2010;Demandantes;Ambos sexos;De 16 a 29 años;35,33333332;
Lucena del Puerto;2010;Demandantes;Ambos sexos;De 30 a 44 años;72,83333334;
Lucena del Puerto;2010;Demandantes;Ambos sexos;De 45 a 64 años;31,41666665;
Lucena del Puerto;2010;Demandantes;Ambos sexos;TOTAL;139,58333331;
Lucena del Puerto;2011;Demandantes;Hombres;De 16 a 29 años;19,83333334;
Lucena del Puerto;2011;Demandantes;Hombres;De 30 a 44 años;37,99999999;
Lucena del Puerto;2011;Demandantes;Hombres;De 45 a 64 años;28,83333334;
Lucena del Puerto;2011;Demandantes;Hombres;TOTAL;86,66666667;
Lucena del Puerto;2011;Demandantes;Mujeres;De 16 a 29 años;14,50000001;
Lucena del Puerto;2011;Demandantes;Mujeres;De 30 a 44 años;53,41666666;
Lucena del Puerto;2011;Demandantes;Mujeres;De 45 a 64 años;14,75;
Lucena del Puerto;2011;Demandantes;Mujeres;TOTAL;82,66666667;
Lucena del Puerto;2011;Demandantes;Ambos sexos;De 16 a 29 años;34,33333335;
Lucena del Puerto;2011;Demandantes;Ambos sexos;De 30 a 44 años;91,41666665;
Lucena del Puerto;2011;Demandantes;Ambos sexos;De 45 a 64 años;43,58333334;
Lucena del Puerto;2011;Demandantes;Ambos sexos;TOTAL;169,33333334;
Lucena del Puerto;2012;Demandantes;Hombres;De 16 a 29 años;18,24999999;
Lucena del Puerto;2012;Demandantes;Hombres;De 30 a 44 años;32,49999999;
Lucena del Puerto;2012;Demandantes;Hombres;De 45 a 64 años;21,74999999;
Lucena del Puerto;2012;Demandantes;Hombres;TOTAL;72,49999997;
Lucena del Puerto;2012;Demandantes;Mujeres;De 16 a 29 años;13,50000001;
Lucena del Puerto;2012;Demandantes;Mujeres;De 30 a 44 años;22,16666666;
Lucena del Puerto;2012;Demandantes;Mujeres;De 45 a 64 años;12,5;
Lucena del Puerto;2012;Demandantes;Mujeres;TOTAL;48,16666667;
Lucena del Puerto;2012;Demandantes;Ambos sexos;De 16 a 29 años;31,75;
Lucena del Puerto;2012;Demandantes;Ambos sexos;De 30 a 44 años;54,66666665;
Lucena del Puerto;2012;Demandantes;Ambos sexos;De 45 a 64 años;34,24999999;
Lucena del Puerto;2012;Demandantes;Ambos sexos;TOTAL;120,66666664;
Manzanilla;2010;Demandantes;Hombres;De 16 a 29 años;24;
Manzanilla;2010;Demandantes;Hombres;De 30 a 44 años;40,41666667;
Manzanilla;2010;Demandantes;Hombres;De 45 a 64 años;31,33333334;
Manzanilla;2010;Demandantes;Hombres;TOTAL;95,75000001;
Manzanilla;2010;Demandantes;Mujeres;De 16 a 29 años;15;
Manzanilla;2010;Demandantes;Mujeres;De 30 a 44 años;14,25000001;
Manzanilla;2010;Demandantes;Mujeres;De 45 a 64 años;8,58333334;
Manzanilla;2010;Demandantes;Mujeres;TOTAL;37,83333335;
Manzanilla;2010;Demandantes;Ambos sexos;De 16 a 29 años;39;
Manzanilla;2010;Demandantes;Ambos sexos;De 30 a 44 años;54,66666668;
Manzanilla;2010;Demandantes;Ambos sexos;De 45 a 64 años;39,91666668;
Manzanilla;2010;Demandantes;Ambos sexos;TOTAL;133,58333336;
Manzanilla;2011;Demandantes;Hombres;De 16 a 29 años;21,58333333;
Manzanilla;2011;Demandantes;Hombres;De 30 a 44 años;40,08333335;
Manzanilla;2011;Demandantes;Hombres;De 45 a 64 años;40,5;
Manzanilla;2011;Demandantes;Hombres;TOTAL;102,16666668;
Manzanilla;2011;Demandantes;Mujeres;De 16 a 29 años;18,08333335;
Manzanilla;2011;Demandantes;Mujeres;De 30 a 44 años;15,16666666;
Manzanilla;2011;Demandantes;Mujeres;De 45 a 64 años;8,33333334;
Manzanilla;2011;Demandantes;Mujeres;TOTAL;41,58333335;
Manzanilla;2011;Demandantes;Ambos sexos;De 16 a 29 años;39,66666668;
Manzanilla;2011;Demandantes;Ambos sexos;De 30 a 44 años;55,25000001;
Manzanilla;2011;Demandantes;Ambos sexos;De 45 a 64 años;48,83333334;
Manzanilla;2011;Demandantes;Ambos sexos;TOTAL;143,75000003;
Manzanilla;2012;Demandantes;Hombres;De 16 a 29 años;23,25;
Manzanilla;2012;Demandantes;Hombres;De 30 a 44 años;40,16666669;
Manzanilla;2012;Demandantes;Hombres;De 45 a 64 años;42;
Manzanilla;2012;Demandantes;Hombres;TOTAL;105,41666669;
Manzanilla;2012;Demandantes;Mujeres;De 16 a 29 años;21,66666668;
Manzanilla;2012;Demandantes;Mujeres;De 30 a 44 años;17,5;
Manzanilla;2012;Demandantes;Mujeres;De 45 a 64 años;7,91666667;
Manzanilla;2012;Demandantes;Mujeres;TOTAL;47,08333335;
Manzanilla;2012;Demandantes;Ambos sexos;De 16 a 29 años;44,91666668;
Manzanilla;2012;Demandantes;Ambos sexos;De 30 a 44 años;57,66666669;
Manzanilla;2012;Demandantes;Ambos sexos;De 45 a 64 años;49,91666667;
Manzanilla;2012;Demandantes;Ambos sexos;TOTAL;152,50000004;
Minas de Riotinto;2010;Demandantes;Hombres;De 16 a 29 años;53,08333332;
Minas de Riotinto;2010;Demandantes;Hombres;De 30 a 44 años;69,99999998;
Minas de Riotinto;2010;Demandantes;Hombres;De 45 a 64 años;54,58333333;
Minas de Riotinto;2010;Demandantes;Hombres;TOTAL;177,66666663;
Minas de Riotinto;2010;Demandantes;Mujeres;De 16 a 29 años;65,83333334;
Minas de Riotinto;2010;Demandantes;Mujeres;De 30 a 44 años;82,00000001;
Minas de Riotinto;2010;Demandantes;Mujeres;De 45 a 64 años;96,25000001;
Minas de Riotinto;2010;Demandantes;Mujeres;TOTAL;244,08333336;
Minas de Riotinto;2010;Demandantes;Ambos sexos;De 16 a 29 años;118,91666666;
Minas de Riotinto;2010;Demandantes;Ambos sexos;De 30 a 44 años;151,99999999;
Minas de Riotinto;2010;Demandantes;Ambos sexos;De 45 a 64 años;150,83333334;
Minas de Riotinto;2010;Demandantes;Ambos sexos;TOTAL;421,74999999;
Minas de Riotinto;2011;Demandantes;Hombres;De 16 a 29 años;61,24999999;
Minas de Riotinto;2011;Demandantes;Hombres;De 30 a 44 años;90,41666668;
Minas de Riotinto;2011;Demandantes;Hombres;De 45 a 64 años;70,24999999;
Minas de Riotinto;2011;Demandantes;Hombres;TOTAL;221,91666666;
Minas de Riotinto;2011;Demandantes;Mujeres;De 16 a 29 años;73,24999999;
Minas de Riotinto;2011;Demandantes;Mujeres;De 30 a 44 años;80,49999999;
Minas de Riotinto;2011;Demandantes;Mujeres;De 45 a 64 años;92,66666666;
Minas de Riotinto;2011;Demandantes;Mujeres;TOTAL;246,41666664;
Minas de Riotinto;2011;Demandantes;Ambos sexos;De 16 a 29 años;134,49999998;
Minas de Riotinto;2011;Demandantes;Ambos sexos;De 30 a 44 años;170,91666667;
Minas de Riotinto;2011;Demandantes;Ambos sexos;De 45 a 64 años;162,91666665;
Minas de Riotinto;2011;Demandantes;Ambos sexos;TOTAL;468,3333333;
Minas de Riotinto;2012;Demandantes;Hombres;De 16 a 29 años;74,66666667;
Minas de Riotinto;2012;Demandantes;Hombres;De 30 a 44 años;115,91666666;
Minas de Riotinto;2012;Demandantes;Hombres;De 45 a 64 años;95,66666668;
Minas de Riotinto;2012;Demandantes;Hombres;TOTAL;286,25000001;
Minas de Riotinto;2012;Demandantes;Mujeres;De 16 a 29 años;82,24999999;
Minas de Riotinto;2012;Demandantes;Mujeres;De 30 a 44 años;103,16666667;
Minas de Riotinto;2012;Demandantes;Mujeres;De 45 a 64 años;106,33333334;
Minas de Riotinto;2012;Demandantes;Mujeres;TOTAL;291,75;
Minas de Riotinto;2012;Demandantes;Ambos sexos;De 16 a 29 años;156,91666666;
Minas de Riotinto;2012;Demandantes;Ambos sexos;De 30 a 44 años;219,08333333;
Minas de Riotinto;2012;Demandantes;Ambos sexos;De 45 a 64 años;202,00000002;
Minas de Riotinto;2012;Demandantes;Ambos sexos;TOTAL;578,00000001;
Moguer;2010;Demandantes;Hombres;De 16 a 29 años;210,08333334;
Moguer;2010;Demandantes;Hombres;De 30 a 44 años;339,91666667;
Moguer;2010;Demandantes;Hombres;De 45 a 64 años;228,41666666;
Moguer;2010;Demandantes;Hombres;TOTAL;778,41666667;
Moguer;2010;Demandantes;Mujeres;De 16 a 29 años;136,50000001;
Moguer;2010;Demandantes;Mujeres;De 30 a 44 años;273,16666668;
Moguer;2010;Demandantes;Mujeres;De 45 a 64 años;96,66666668;
Moguer;2010;Demandantes;Mujeres;TOTAL;506,33333337;
Moguer;2010;Demandantes;Ambos sexos;De 16 a 29 años;346,58333335;
Moguer;2010;Demandantes;Ambos sexos;De 30 a 44 años;613,08333335;
Moguer;2010;Demandantes;Ambos sexos;De 45 a 64 años;325,08333334;
Moguer;2010;Demandantes;Ambos sexos;TOTAL;1284,75000004;
Moguer;2011;Demandantes;Hombres;De 16 a 29 años;197,25;
Moguer;2011;Demandantes;Hombres;De 30 a 44 años;342,66666665;
Moguer;2011;Demandantes;Hombres;De 45 a 64 años;236,58333334;
Moguer;2011;Demandantes;Hombres;TOTAL;776,49999999;
Moguer;2011;Demandantes;Mujeres;De 16 a 29 años;145,00000001;
Moguer;2011;Demandantes;Mujeres;De 30 a 44 años;338,66666666;
Moguer;2011;Demandantes;Mujeres;De 45 a 64 años;137,16666668;
Moguer;2011;Demandantes;Mujeres;TOTAL;620,83333335;
Moguer;2011;Demandantes;Ambos sexos;De 16 a 29 años;342,25000001;
Moguer;2011;Demandantes;Ambos sexos;De 30 a 44 años;681,33333331;
Moguer;2011;Demandantes;Ambos sexos;De 45 a 64 años;373,75000002;
Moguer;2011;Demandantes;Ambos sexos;TOTAL;1397,33333334;
Moguer;2012;Demandantes;Hombres;De 16 a 29 años;173,83333333;
Moguer;2012;Demandantes;Hombres;De 30 a 44 años;332,25;
Moguer;2012;Demandantes;Hombres;De 45 a 64 años;271,50000001;
Moguer;2012;Demandantes;Hombres;TOTAL;777,58333334;
Moguer;2012;Demandantes;Mujeres;De 16 a 29 años;150,66666667;
Moguer;2012;Demandantes;Mujeres;De 30 a 44 años;286,91666664;
Moguer;2012;Demandantes;Mujeres;De 45 a 64 años;140,33333333;
Moguer;2012;Demandantes;Mujeres;TOTAL;577,91666664;
Moguer;2012;Demandantes;Ambos sexos;De 16 a 29 años;324,5;
Moguer;2012;Demandantes;Ambos sexos;De 30 a 44 años;619,16666664;
Moguer;2012;Demandantes;Ambos sexos;De 45 a 64 años;411,83333334;
Moguer;2012;Demandantes;Ambos sexos;TOTAL;1355,49999998;
Nerva;2010;Demandantes;Hombres;De 16 a 29 años;100,66666664;
Nerva;2010;Demandantes;Hombres;De 30 a 44 años;119,33333332;
Nerva;2010;Demandantes;Hombres;De 45 a 64 años;125,41666666;
Nerva;2010;Demandantes;Hombres;TOTAL;345,41666662;
Nerva;2010;Demandantes;Mujeres;De 16 a 29 años;98,08333332;
Nerva;2010;Demandantes;Mujeres;De 30 a 44 años;121,58333331;
Nerva;2010;Demandantes;Mujeres;De 45 a 64 años;194,25;
Nerva;2010;Demandantes;Mujeres;TOTAL;413,91666663;
Nerva;2010;Demandantes;Ambos sexos;De 16 a 29 años;198,74999996;
Nerva;2010;Demandantes;Ambos sexos;De 30 a 44 años;240,91666663;
Nerva;2010;Demandantes;Ambos sexos;De 45 a 64 años;319,66666666;
Nerva;2010;Demandantes;Ambos sexos;TOTAL;759,33333325;
Nerva;2011;Demandantes;Hombres;De 16 a 29 años;108,41666667;
Nerva;2011;Demandantes;Hombres;De 30 a 44 años;152,16666668;
Nerva;2011;Demandantes;Hombres;De 45 a 64 años;143,58333332;
Nerva;2011;Demandantes;Hombres;TOTAL;404,16666667;
Nerva;2011;Demandantes;Mujeres;De 16 a 29 años;110,41666667;
Nerva;2011;Demandantes;Mujeres;De 30 a 44 años;114,00000001;
Nerva;2011;Demandantes;Mujeres;De 45 a 64 años;200;
Nerva;2011;Demandantes;Mujeres;TOTAL;424,41666668;
Nerva;2011;Demandantes;Ambos sexos;De 16 a 29 años;218,83333334;
Nerva;2011;Demandantes;Ambos sexos;De 30 a 44 años;266,16666669;
Nerva;2011;Demandantes;Ambos sexos;De 45 a 64 años;343,58333332;
Nerva;2011;Demandantes;Ambos sexos;TOTAL;828,58333335;
Nerva;2012;Demandantes;Hombres;De 16 a 29 años;123,66666666;
Nerva;2012;Demandantes;Hombres;De 30 a 44 años;163,25;
Nerva;2012;Demandantes;Hombres;De 45 a 64 años;172,41666668;
Nerva;2012;Demandantes;Hombres;TOTAL;459,33333334;
Nerva;2012;Demandantes;Mujeres;De 16 a 29 años;121,91666665;
Nerva;2012;Demandantes;Mujeres;De 30 a 44 años;145,99999999;
Nerva;2012;Demandantes;Mujeres;De 45 a 64 años;209,91666666;
Nerva;2012;Demandantes;Mujeres;TOTAL;477,8333333;
Nerva;2012;Demandantes;Ambos sexos;De 16 a 29 años;245,58333331;
Nerva;2012;Demandantes;Ambos sexos;De 30 a 44 años;309,24999999;
Nerva;2012;Demandantes;Ambos sexos;De 45 a 64 años;382,33333334;
Nerva;2012;Demandantes;Ambos sexos;TOTAL;937,16666664;
Niebla;2010;Demandantes;Hombres;De 16 a 29 años;56,49999999;
Niebla;2010;Demandantes;Hombres;De 30 a 44 años;98,83333335;
Niebla;2010;Demandantes;Hombres;De 45 a 64 años;84,49999997;
Niebla;2010;Demandantes;Hombres;TOTAL;239,83333331;
Niebla;2010;Demandantes;Mujeres;De 16 a 29 años;36,99999997;
Niebla;2010;Demandantes;Mujeres;De 30 a 44 años;93,50000001;
Niebla;2010;Demandantes;Mujeres;De 45 a 64 años;60,24999998;
Niebla;2010;Demandantes;Mujeres;TOTAL;190,74999996;
Niebla;2010;Demandantes;Ambos sexos;De 16 a 29 años;93,49999996;
Niebla;2010;Demandantes;Ambos sexos;De 30 a 44 años;192,33333336;
Niebla;2010;Demandantes;Ambos sexos;De 45 a 64 años;144,74999995;
Niebla;2010;Demandantes;Ambos sexos;TOTAL;430,58333327;
Niebla;2011;Demandantes;Hombres;De 16 a 29 años;48,41666666;
Niebla;2011;Demandantes;Hombres;De 30 a 44 años;95,41666667;
Niebla;2011;Demandantes;Hombres;De 45 a 64 años;91,00000002;
Niebla;2011;Demandantes;Hombres;TOTAL;234,83333335;
Niebla;2011;Demandantes;Mujeres;De 16 a 29 años;44,33333332;
Niebla;2011;Demandantes;Mujeres;De 30 a 44 años;92,83333335;
Niebla;2011;Demandantes;Mujeres;De 45 a 64 años;71,08333334;
Niebla;2011;Demandantes;Mujeres;TOTAL;208,25000001;
Niebla;2011;Demandantes;Ambos sexos;De 16 a 29 años;92,74999998;
Niebla;2011;Demandantes;Ambos sexos;De 30 a 44 años;188,25000002;
Niebla;2011;Demandantes;Ambos sexos;De 45 a 64 años;162,08333336;
Niebla;2011;Demandantes;Ambos sexos;TOTAL;443,08333336;
Niebla;2012;Demandantes;Hombres;De 16 a 29 años;55,83333332;
Niebla;2012;Demandantes;Hombres;De 30 a 44 años;91,50000001;
Niebla;2012;Demandantes;Hombres;De 45 a 64 años;94,91666668;
Niebla;2012;Demandantes;Hombres;TOTAL;242,25000001;
Niebla;2012;Demandantes;Mujeres;De 16 a 29 años;53,33333334;
Niebla;2012;Demandantes;Mujeres;De 30 a 44 años;97,75000001;
Niebla;2012;Demandantes;Mujeres;De 45 a 64 años;82,33333335;
Niebla;2012;Demandantes;Mujeres;TOTAL;233,4166667;
Niebla;2012;Demandantes;Ambos sexos;De 16 a 29 años;109,16666666;
Niebla;2012;Demandantes;Ambos sexos;De 30 a 44 años;189,25000002;
Niebla;2012;Demandantes;Ambos sexos;De 45 a 64 años;177,25000003;
Niebla;2012;Demandantes;Ambos sexos;TOTAL;475,66666671;
Palos de la Frontera;2010;Demandantes;Hombres;De 16 a 29 años;139,58333332;
Palos de la Frontera;2010;Demandantes;Hombres;De 30 a 44 años;250,91666663;
Palos de la Frontera;2010;Demandantes;Hombres;De 45 a 64 años;162,75000002;
Palos de la Frontera;2010;Demandantes;Hombres;TOTAL;553,24999997;
Palos de la Frontera;2010;Demandantes;Mujeres;De 16 a 29 años;137,24999999;
Palos de la Frontera;2010;Demandantes;Mujeres;De 30 a 44 años;308,4166667;
Palos de la Frontera;2010;Demandantes;Mujeres;De 45 a 64 años;114,33333333;
Palos de la Frontera;2010;Demandantes;Mujeres;TOTAL;560,00000002;
Palos de la Frontera;2010;Demandantes;Ambos sexos;De 16 a 29 años;276,83333331;
Palos de la Frontera;2010;Demandantes;Ambos sexos;De 30 a 44 años;559,33333333;
Palos de la Frontera;2010;Demandantes;Ambos sexos;De 45 a 64 años;277,08333335;
Palos de la Frontera;2010;Demandantes;Ambos sexos;TOTAL;1113,24999999;
Palos de la Frontera;2011;Demandantes;Hombres;De 16 a 29 años;143,41666666;
Palos de la Frontera;2011;Demandantes;Hombres;De 30 a 44 años;248,16666666;
Palos de la Frontera;2011;Demandantes;Hombres;De 45 a 64 años;177,99999999;
Palos de la Frontera;2011;Demandantes;Hombres;TOTAL;569,58333331;
Palos de la Frontera;2011;Demandantes;Mujeres;De 16 a 29 años;154,58333332;
Palos de la Frontera;2011;Demandantes;Mujeres;De 30 a 44 años;395,58333332;
Palos de la Frontera;2011;Demandantes;Mujeres;De 45 a 64 años;148,83333333;
Palos de la Frontera;2011;Demandantes;Mujeres;TOTAL;698,99999997;
Palos de la Frontera;2011;Demandantes;Ambos sexos;De 16 a 29 años;297,99999998;
Palos de la Frontera;2011;Demandantes;Ambos sexos;De 30 a 44 años;643,74999998;
Palos de la Frontera;2011;Demandantes;Ambos sexos;De 45 a 64 años;326,83333332;
Palos de la Frontera;2011;Demandantes;Ambos sexos;TOTAL;1268,58333328;
Palos de la Frontera;2012;Demandantes;Hombres;De 16 a 29 años;125,16666669;
Palos de la Frontera;2012;Demandantes;Hombres;De 30 a 44 años;232,91666665;
Palos de la Frontera;2012;Demandantes;Hombres;De 45 a 64 años;195,08333331;
Palos de la Frontera;2012;Demandantes;Hombres;TOTAL;553,16666665;
Palos de la Frontera;2012;Demandantes;Mujeres;De 16 a 29 años;141,08333333;
Palos de la Frontera;2012;Demandantes;Mujeres;De 30 a 44 años;321,16666667;
Palos de la Frontera;2012;Demandantes;Mujeres;De 45 a 64 años;166,25000003;
Palos de la Frontera;2012;Demandantes;Mujeres;TOTAL;628,50000003;
Palos de la Frontera;2012;Demandantes;Ambos sexos;De 16 a 29 años;266,25000002;
Palos de la Frontera;2012;Demandantes;Ambos sexos;De 30 a 44 años;554,08333332;
Palos de la Frontera;2012;Demandantes;Ambos sexos;De 45 a 64 años;361,33333334;
Palos de la Frontera;2012;Demandantes;Ambos sexos;TOTAL;1181,66666668;
Paterna del Campo;2010;Demandantes;Hombres;De 16 a 29 años;39;
Paterna del Campo;2010;Demandantes;Hombres;De 30 a 44 años;46,24999998;
Paterna del Campo;2010;Demandantes;Hombres;De 45 a 64 años;41,16666667;
Paterna del Campo;2010;Demandantes;Hombres;TOTAL;126,41666665;
Paterna del Campo;2010;Demandantes;Mujeres;De 16 a 29 años;15,66666667;
Paterna del Campo;2010;Demandantes;Mujeres;De 30 a 44 años;28,58333333;
Paterna del Campo;2010;Demandantes;Mujeres;De 45 a 64 años;11,16666667;
Paterna del Campo;2010;Demandantes;Mujeres;TOTAL;55,41666667;
Paterna del Campo;2010;Demandantes;Ambos sexos;De 16 a 29 años;54,66666667;
Paterna del Campo;2010;Demandantes;Ambos sexos;De 30 a 44 años;74,83333331;
Paterna del Campo;2010;Demandantes;Ambos sexos;De 45 a 64 años;52,33333334;
Paterna del Campo;2010;Demandantes;Ambos sexos;TOTAL;181,83333332;
Paterna del Campo;2011;Demandantes;Hombres;De 16 a 29 años;28,16666665;
Paterna del Campo;2011;Demandantes;Hombres;De 30 a 44 años;40,83333331;
Paterna del Campo;2011;Demandantes;Hombres;De 45 a 64 años;51,58333333;
Paterna del Campo;2011;Demandantes;Hombres;TOTAL;120,58333329;
Paterna del Campo;2011;Demandantes;Mujeres;De 16 a 29 años;19,66666667;
Paterna del Campo;2011;Demandantes;Mujeres;De 30 a 44 años;22,83333334;
Paterna del Campo;2011;Demandantes;Mujeres;De 45 a 64 años;7,99999999;
Paterna del Campo;2011;Demandantes;Mujeres;TOTAL;50,5;
Paterna del Campo;2011;Demandantes;Ambos sexos;De 16 a 29 años;47,83333332;
Paterna del Campo;2011;Demandantes;Ambos sexos;De 30 a 44 años;63,66666665;
Paterna del Campo;2011;Demandantes;Ambos sexos;De 45 a 64 años;59,58333332;
Paterna del Campo;2011;Demandantes;Ambos sexos;TOTAL;171,08333329;
Paterna del Campo;2012;Demandantes;Hombres;De 16 a 29 años;34,91666666;
Paterna del Campo;2012;Demandantes;Hombres;De 30 a 44 años;48,66666665;
Paterna del Campo;2012;Demandantes;Hombres;De 45 a 64 años;54,08333334;
Paterna del Campo;2012;Demandantes;Hombres;TOTAL;137,66666665;
Paterna del Campo;2012;Demandantes;Mujeres;De 16 a 29 años;37,33333333;
Paterna del Campo;2012;Demandantes;Mujeres;De 30 a 44 años;25,83333333;
Paterna del Campo;2012;Demandantes;Mujeres;De 45 a 64 años;12,33333333;
Paterna del Campo;2012;Demandantes;Mujeres;TOTAL;75,49999999;
Paterna del Campo;2012;Demandantes;Ambos sexos;De 16 a 29 años;72,24999999;
Paterna del Campo;2012;Demandantes;Ambos sexos;De 30 a 44 años;74,49999998;
Paterna del Campo;2012;Demandantes;Ambos sexos;De 45 a 64 años;66,41666667;
Paterna del Campo;2012;Demandantes;Ambos sexos;TOTAL;213,16666664;
Paymogo;2010;Demandantes;Hombres;De 16 a 29 años;15,49999998;
Paymogo;2010;Demandantes;Hombres;De 30 a 44 años;24,08333334;
Paymogo;2010;Demandantes;Hombres;De 45 a 64 años;22,25000001;
Paymogo;2010;Demandantes;Hombres;TOTAL;61,83333333;
Paymogo;2010;Demandantes;Mujeres;De 16 a 29 años;14,91666666;
Paymogo;2010;Demandantes;Mujeres;De 30 a 44 años;18,00000001;
Paymogo;2010;Demandantes;Mujeres;De 45 a 64 años;14,49999999;
Paymogo;2010;Demandantes;Mujeres;TOTAL;47,41666666;
Paymogo;2010;Demandantes;Ambos sexos;De 16 a 29 años;30,41666664;
Paymogo;2010;Demandantes;Ambos sexos;De 30 a 44 años;42,08333335;
Paymogo;2010;Demandantes;Ambos sexos;De 45 a 64 años;36,75;
Paymogo;2010;Demandantes;Ambos sexos;TOTAL;109,24999999;
Paymogo;2011;Demandantes;Hombres;De 16 a 29 años;14,58333333;
Paymogo;2011;Demandantes;Hombres;De 30 a 44 años;24,91666665;
Paymogo;2011;Demandantes;Hombres;De 45 a 64 años;25,08333334;
Paymogo;2011;Demandantes;Hombres;TOTAL;64,58333332;
Paymogo;2011;Demandantes;Mujeres;De 16 a 29 años;18,00000001;
Paymogo;2011;Demandantes;Mujeres;De 30 a 44 años;21,16666666;
Paymogo;2011;Demandantes;Mujeres;De 45 a 64 años;16,91666667;
Paymogo;2011;Demandantes;Mujeres;TOTAL;56,08333334;
Paymogo;2011;Demandantes;Ambos sexos;De 16 a 29 años;32,58333334;
Paymogo;2011;Demandantes;Ambos sexos;De 30 a 44 años;46,08333331;
Paymogo;2011;Demandantes;Ambos sexos;De 45 a 64 años;42,00000001;
Paymogo;2011;Demandantes;Ambos sexos;TOTAL;120,66666666;
Paymogo;2012;Demandantes;Hombres;De 16 a 29 años;17,16666668;
Paymogo;2012;Demandantes;Hombres;De 30 a 44 años;37,58333333;
Paymogo;2012;Demandantes;Hombres;De 45 a 64 años;32,41666668;
Paymogo;2012;Demandantes;Hombres;TOTAL;87,16666669;
Paymogo;2012;Demandantes;Mujeres;De 16 a 29 años;30,58333334;
Paymogo;2012;Demandantes;Mujeres;De 30 a 44 años;28,08333333;
Paymogo;2012;Demandantes;Mujeres;De 45 a 64 años;18,75;
Paymogo;2012;Demandantes;Mujeres;TOTAL;77,41666667;
Paymogo;2012;Demandantes;Ambos sexos;De 16 a 29 años;47,75000002;
Paymogo;2012;Demandantes;Ambos sexos;De 30 a 44 años;65,66666666;
Paymogo;2012;Demandantes;Ambos sexos;De 45 a 64 años;51,16666668;
Paymogo;2012;Demandantes;Ambos sexos;TOTAL;164,58333336;
Puebla de Guzmán;2010;Demandantes;Hombres;De 16 a 29 años;45,5;
Puebla de Guzmán;2010;Demandantes;Hombres;De 30 a 44 años;66,16666666;
Puebla de Guzmán;2010;Demandantes;Hombres;De 45 a 64 años;77,83333335;
Puebla de Guzmán;2010;Demandantes;Hombres;TOTAL;189,50000001;
Puebla de Guzmán;2010;Demandantes;Mujeres;De 16 a 29 años;34,50000001;
Puebla de Guzmán;2010;Demandantes;Mujeres;De 30 a 44 años;49;
Puebla de Guzmán;2010;Demandantes;Mujeres;De 45 a 64 años;37,99999998;
Puebla de Guzmán;2010;Demandantes;Mujeres;TOTAL;121,49999999;
Puebla de Guzmán;2010;Demandantes;Ambos sexos;De 16 a 29 años;80,00000001;
Puebla de Guzmán;2010;Demandantes;Ambos sexos;De 30 a 44 años;115,16666666;
Puebla de Guzmán;2010;Demandantes;Ambos sexos;De 45 a 64 años;115,83333333;
Puebla de Guzmán;2010;Demandantes;Ambos sexos;TOTAL;311;
Puebla de Guzmán;2011;Demandantes;Hombres;De 16 a 29 años;42,00000001;
Puebla de Guzmán;2011;Demandantes;Hombres;De 30 a 44 años;68,66666667;
Puebla de Guzmán;2011;Demandantes;Hombres;De 45 a 64 años;91,49999999;
Puebla de Guzmán;2011;Demandantes;Hombres;TOTAL;202,16666667;
Puebla de Guzmán;2011;Demandantes;Mujeres;De 16 a 29 años;41,91666666;
Puebla de Guzmán;2011;Demandantes;Mujeres;De 30 a 44 años;54,83333332;
Puebla de Guzmán;2011;Demandantes;Mujeres;De 45 a 64 años;43,16666667;
Puebla de Guzmán;2011;Demandantes;Mujeres;TOTAL;139,91666665;
Puebla de Guzmán;2011;Demandantes;Ambos sexos;De 16 a 29 años;83,91666667;
Puebla de Guzmán;2011;Demandantes;Ambos sexos;De 30 a 44 años;123,49999999;
Puebla de Guzmán;2011;Demandantes;Ambos sexos;De 45 a 64 años;134,66666666;
Puebla de Guzmán;2011;Demandantes;Ambos sexos;TOTAL;342,08333332;
Puebla de Guzmán;2012;Demandantes;Hombres;De 16 a 29 años;46,50000001;
Puebla de Guzmán;2012;Demandantes;Hombres;De 30 a 44 años;78,99999999;
Puebla de Guzmán;2012;Demandantes;Hombres;De 45 a 64 años;102,16666668;
Puebla de Guzmán;2012;Demandantes;Hombres;TOTAL;227,66666668;
Puebla de Guzmán;2012;Demandantes;Mujeres;De 16 a 29 años;64,08333332;
Puebla de Guzmán;2012;Demandantes;Mujeres;De 30 a 44 años;73,16666665;
Puebla de Guzmán;2012;Demandantes;Mujeres;De 45 a 64 años;56,33333335;
Puebla de Guzmán;2012;Demandantes;Mujeres;TOTAL;193,58333332;
Puebla de Guzmán;2012;Demandantes;Ambos sexos;De 16 a 29 años;110,58333333;
Puebla de Guzmán;2012;Demandantes;Ambos sexos;De 30 a 44 años;152,16666664;
Puebla de Guzmán;2012;Demandantes;Ambos sexos;De 45 a 64 años;158,50000003;
Puebla de Guzmán;2012;Demandantes;Ambos sexos;TOTAL;421,25;
Puerto Moral;2010;Demandantes;Hombres;De 16 a 29 años;3,49999998;
Puerto Moral;2010;Demandantes;Hombres;De 30 a 44 años;4;
Puerto Moral;2010;Demandantes;Hombres;De 45 a 64 años;2;
Puerto Moral;2010;Demandantes;Hombres;TOTAL;9,49999998;
Puerto Moral;2010;Demandantes;Mujeres;De 16 a 29 años;2,41666667;
Puerto Moral;2010;Demandantes;Mujeres;De 30 a 44 años;9,41666666;
Puerto Moral;2010;Demandantes;Mujeres;De 45 a 64 años;5,08333333;
Puerto Moral;2010;Demandantes;Mujeres;TOTAL;16,91666666;
Puerto Moral;2010;Demandantes;Ambos sexos;De 16 a 29 años;5,91666665;
Puerto Moral;2010;Demandantes;Ambos sexos;De 30 a 44 años;13,41666666;
Puerto Moral;2010;Demandantes;Ambos sexos;De 45 a 64 años;7,08333333;
Puerto Moral;2010;Demandantes;Ambos sexos;TOTAL;26,41666664;
Puerto Moral;2011;Demandantes;Hombres;De 16 a 29 años;7,08333334;
Puerto Moral;2011;Demandantes;Hombres;De 30 a 44 años;6,00000001;
Puerto Moral;2011;Demandantes;Hombres;De 45 a 64 años;3,66666667;
Puerto Moral;2011;Demandantes;Hombres;TOTAL;16,75000002;
Puerto Moral;2011;Demandantes;Mujeres;De 16 a 29 años;1,66666666;
Puerto Moral;2011;Demandantes;Mujeres;De 30 a 44 años;8,83333333;
Puerto Moral;2011;Demandantes;Mujeres;De 45 a 64 años;3,16666667;
Puerto Moral;2011;Demandantes;Mujeres;TOTAL;13,66666666;
Puerto Moral;2011;Demandantes;Ambos sexos;De 16 a 29 años;8,75;
Puerto Moral;2011;Demandantes;Ambos sexos;De 30 a 44 años;14,83333334;
Puerto Moral;2011;Demandantes;Ambos sexos;De 45 a 64 años;6,83333334;
Puerto Moral;2011;Demandantes;Ambos sexos;TOTAL;30,41666668;
Puerto Moral;2012;Demandantes;Hombres;De 16 a 29 años;9,58333332;
Puerto Moral;2012;Demandantes;Hombres;De 30 a 44 años;8,66666668;
Puerto Moral;2012;Demandantes;Hombres;De 45 a 64 años;4,58333333;
Puerto Moral;2012;Demandantes;Hombres;TOTAL;22,83333333;
Puerto Moral;2012;Demandantes;Mujeres;De 16 a 29 años;5;
Puerto Moral;2012;Demandantes;Mujeres;De 30 a 44 años;9,25;
Puerto Moral;2012;Demandantes;Mujeres;De 45 a 64 años;4,16666667;
Puerto Moral;2012;Demandantes;Mujeres;TOTAL;18,41666667;
Puerto Moral;2012;Demandantes;Ambos sexos;De 16 a 29 años;14,58333332;
Puerto Moral;2012;Demandantes;Ambos sexos;De 30 a 44 años;17,91666668;
Puerto Moral;2012;Demandantes;Ambos sexos;De 45 a 64 años;8,75;
Puerto Moral;2012;Demandantes;Ambos sexos;TOTAL;41,25;
Punta Umbría;2010;Demandantes;Hombres;De 16 a 29 años;262;
Punta Umbría;2010;Demandantes;Hombres;De 30 a 44 años;383,33333332;
Punta Umbría;2010;Demandantes;Hombres;De 45 a 64 años;312,49999998;
Punta Umbría;2010;Demandantes;Hombres;TOTAL;957,8333333;
Punta Umbría;2010;Demandantes;Mujeres;De 16 a 29 años;194,75000002;
Punta Umbría;2010;Demandantes;Mujeres;De 30 a 44 años;307,50000001;
Punta Umbría;2010;Demandantes;Mujeres;De 45 a 64 años;283,16666668;
Punta Umbría;2010;Demandantes;Mujeres;TOTAL;785,41666671;
Punta Umbría;2010;Demandantes;Ambos sexos;De 16 a 29 años;456,75000002;
Punta Umbría;2010;Demandantes;Ambos sexos;De 30 a 44 años;690,83333333;
Punta Umbría;2010;Demandantes;Ambos sexos;De 45 a 64 años;595,66666666;
Punta Umbría;2010;Demandantes;Ambos sexos;TOTAL;1743,25000001;
Punta Umbría;2011;Demandantes;Hombres;De 16 a 29 años;262,16666667;
Punta Umbría;2011;Demandantes;Hombres;De 30 a 44 años;399,16666669;
Punta Umbría;2011;Demandantes;Hombres;De 45 a 64 años;358,25;
Punta Umbría;2011;Demandantes;Hombres;TOTAL;1019,58333336;
Punta Umbría;2011;Demandantes;Mujeres;De 16 a 29 años;224,74999998;
Punta Umbría;2011;Demandantes;Mujeres;De 30 a 44 años;360,66666666;
Punta Umbría;2011;Demandantes;Mujeres;De 45 a 64 años;346,99999998;
Punta Umbría;2011;Demandantes;Mujeres;TOTAL;932,41666662;
Punta Umbría;2011;Demandantes;Ambos sexos;De 16 a 29 años;486,91666665;
Punta Umbría;2011;Demandantes;Ambos sexos;De 30 a 44 años;759,83333335;
Punta Umbría;2011;Demandantes;Ambos sexos;De 45 a 64 años;705,24999998;
Punta Umbría;2011;Demandantes;Ambos sexos;TOTAL;1951,99999998;
Punta Umbría;2012;Demandantes;Hombres;De 16 a 29 años;250,33333333;
Punta Umbría;2012;Demandantes;Hombres;De 30 a 44 años;396,33333333;
Punta Umbría;2012;Demandantes;Hombres;De 45 a 64 años;414,41666667;
Punta Umbría;2012;Demandantes;Hombres;TOTAL;1061,08333333;
Punta Umbría;2012;Demandantes;Mujeres;De 16 a 29 años;258,5;
Punta Umbría;2012;Demandantes;Mujeres;De 30 a 44 años;433,74999999;
Punta Umbría;2012;Demandantes;Mujeres;De 45 a 64 años;436,91666666;
Punta Umbría;2012;Demandantes;Mujeres;TOTAL;1129,16666665;
Punta Umbría;2012;Demandantes;Ambos sexos;De 16 a 29 años;508,83333333;
Punta Umbría;2012;Demandantes;Ambos sexos;De 30 a 44 años;830,08333332;
Punta Umbría;2012;Demandantes;Ambos sexos;De 45 a 64 años;851,33333333;
Punta Umbría;2012;Demandantes;Ambos sexos;TOTAL;2190,24999998;
Rociana del Condado;2010;Demandantes;Hombres;De 16 a 29 años;93,58333333;
Rociana del Condado;2010;Demandantes;Hombres;De 30 a 44 años;179;
Rociana del Condado;2010;Demandantes;Hombres;De 45 a 64 años;146,5833333;
Rociana del Condado;2010;Demandantes;Hombres;TOTAL;419,16666663;
Rociana del Condado;2010;Demandantes;Mujeres;De 16 a 29 años;42,83333334;
Rociana del Condado;2010;Demandantes;Mujeres;De 30 a 44 años;92,66666666;
Rociana del Condado;2010;Demandantes;Mujeres;De 45 a 64 años;23,66666666;
Rociana del Condado;2010;Demandantes;Mujeres;TOTAL;159,16666666;
Rociana del Condado;2010;Demandantes;Ambos sexos;De 16 a 29 años;136,41666667;
Rociana del Condado;2010;Demandantes;Ambos sexos;De 30 a 44 años;271,66666666;
Rociana del Condado;2010;Demandantes;Ambos sexos;De 45 a 64 años;170,24999996;
Rociana del Condado;2010;Demandantes;Ambos sexos;TOTAL;578,33333329;
Rociana del Condado;2011;Demandantes;Hombres;De 16 a 29 años;92,75;
Rociana del Condado;2011;Demandantes;Hombres;De 30 a 44 años;158,16666665;
Rociana del Condado;2011;Demandantes;Hombres;De 45 a 64 años;145,75;
Rociana del Condado;2011;Demandantes;Hombres;TOTAL;396,66666665;
Rociana del Condado;2011;Demandantes;Mujeres;De 16 a 29 años;52,41666666;
Rociana del Condado;2011;Demandantes;Mujeres;De 30 a 44 años;96,66666666;
Rociana del Condado;2011;Demandantes;Mujeres;De 45 a 64 años;33,75000001;
Rociana del Condado;2011;Demandantes;Mujeres;TOTAL;182,83333333;
Rociana del Condado;2011;Demandantes;Ambos sexos;De 16 a 29 años;145,16666666;
Rociana del Condado;2011;Demandantes;Ambos sexos;De 30 a 44 años;254,83333331;
Rociana del Condado;2011;Demandantes;Ambos sexos;De 45 a 64 años;179,50000001;
Rociana del Condado;2011;Demandantes;Ambos sexos;TOTAL;579,49999998;
Rociana del Condado;2012;Demandantes;Hombres;De 16 a 29 años;94,74999999;
Rociana del Condado;2012;Demandantes;Hombres;De 30 a 44 años;145,16666667;
Rociana del Condado;2012;Demandantes;Hombres;De 45 a 64 años;154,66666669;
Rociana del Condado;2012;Demandantes;Hombres;TOTAL;394,58333335;
Rociana del Condado;2012;Demandantes;Mujeres;De 16 a 29 años;52,74999999;
Rociana del Condado;2012;Demandantes;Mujeres;De 30 a 44 años;90,16666666;
Rociana del Condado;2012;Demandantes;Mujeres;De 45 a 64 años;34,41666665;
Rociana del Condado;2012;Demandantes;Mujeres;TOTAL;177,3333333;
Rociana del Condado;2012;Demandantes;Ambos sexos;De 16 a 29 años;147,49999998;
Rociana del Condado;2012;Demandantes;Ambos sexos;De 30 a 44 años;235,33333333;
Rociana del Condado;2012;Demandantes;Ambos sexos;De 45 a 64 años;189,08333334;
Rociana del Condado;2012;Demandantes;Ambos sexos;TOTAL;571,91666665;
Rosal de la Frontera;2010;Demandantes;Hombres;De 16 a 29 años;13,74999999;
Rosal de la Frontera;2010;Demandantes;Hombres;De 30 a 44 años;35,66666665;
Rosal de la Frontera;2010;Demandantes;Hombres;De 45 a 64 años;21,08333332;
Rosal de la Frontera;2010;Demandantes;Hombres;TOTAL;70,49999996;
Rosal de la Frontera;2010;Demandantes;Mujeres;De 16 a 29 años;23;
Rosal de la Frontera;2010;Demandantes;Mujeres;De 30 a 44 años;32,25;
Rosal de la Frontera;2010;Demandantes;Mujeres;De 45 a 64 años;13,91666666;
Rosal de la Frontera;2010;Demandantes;Mujeres;TOTAL;69,16666666;
Rosal de la Frontera;2010;Demandantes;Ambos sexos;De 16 a 29 años;36,74999999;
Rosal de la Frontera;2010;Demandantes;Ambos sexos;De 30 a 44 años;67,91666665;
Rosal de la Frontera;2010;Demandantes;Ambos sexos;De 45 a 64 años;34,99999998;
Rosal de la Frontera;2010;Demandantes;Ambos sexos;TOTAL;139,66666662;
Rosal de la Frontera;2011;Demandantes;Hombres;De 16 a 29 años;22,33333333;
Rosal de la Frontera;2011;Demandantes;Hombres;De 30 a 44 años;33,91666666;
Rosal de la Frontera;2011;Demandantes;Hombres;De 45 a 64 años;20,75000001;
Rosal de la Frontera;2011;Demandantes;Hombres;TOTAL;77;
Rosal de la Frontera;2011;Demandantes;Mujeres;De 16 a 29 años;30,83333332;
Rosal de la Frontera;2011;Demandantes;Mujeres;De 30 a 44 años;31,75;
Rosal de la Frontera;2011;Demandantes;Mujeres;De 45 a 64 años;16,66666666;
Rosal de la Frontera;2011;Demandantes;Mujeres;TOTAL;79,24999998;
Rosal de la Frontera;2011;Demandantes;Ambos sexos;De 16 a 29 años;53,16666665;
Rosal de la Frontera;2011;Demandantes;Ambos sexos;De 30 a 44 años;65,66666666;
Rosal de la Frontera;2011;Demandantes;Ambos sexos;De 45 a 64 años;37,41666667;
Rosal de la Frontera;2011;Demandantes;Ambos sexos;TOTAL;156,24999998;
Rosal de la Frontera;2012;Demandantes;Hombres;De 16 a 29 años;21,91666667;
Rosal de la Frontera;2012;Demandantes;Hombres;De 30 a 44 años;33,58333334;
Rosal de la Frontera;2012;Demandantes;Hombres;De 45 a 64 años;23,83333334;
Rosal de la Frontera;2012;Demandantes;Hombres;TOTAL;79,33333335;
Rosal de la Frontera;2012;Demandantes;Mujeres;De 16 a 29 años;29,08333333;
Rosal de la Frontera;2012;Demandantes;Mujeres;De 30 a 44 años;31;
Rosal de la Frontera;2012;Demandantes;Mujeres;De 45 a 64 años;19,75000003;
Rosal de la Frontera;2012;Demandantes;Mujeres;TOTAL;79,83333336;
Rosal de la Frontera;2012;Demandantes;Ambos sexos;De 16 a 29 años;51;
Rosal de la Frontera;2012;Demandantes;Ambos sexos;De 30 a 44 años;64,58333334;
Rosal de la Frontera;2012;Demandantes;Ambos sexos;De 45 a 64 años;43,58333337;
Rosal de la Frontera;2012;Demandantes;Ambos sexos;TOTAL;159,16666671;
San Bartolomé de la Torre;2010;Demandantes;Hombres;De 16 a 29 años;53,58333333;
San Bartolomé de la Torre;2010;Demandantes;Hombres;De 30 a 44 años;74,16666667;
San Bartolomé de la Torre;2010;Demandantes;Hombres;De 45 a 64 años;67,99999998;
San Bartolomé de la Torre;2010;Demandantes;Hombres;TOTAL;195,74999998;
San Bartolomé de la Torre;2010;Demandantes;Mujeres;De 16 a 29 años;44;
San Bartolomé de la Torre;2010;Demandantes;Mujeres;De 30 a 44 años;63,58333332;
San Bartolomé de la Torre;2010;Demandantes;Mujeres;De 45 a 64 años;33,08333335;
San Bartolomé de la Torre;2010;Demandantes;Mujeres;TOTAL;140,66666667;
San Bartolomé de la Torre;2010;Demandantes;Ambos sexos;De 16 a 29 años;97,58333333;
San Bartolomé de la Torre;2010;Demandantes;Ambos sexos;De 30 a 44 años;137,74999999;
San Bartolomé de la Torre;2010;Demandantes;Ambos sexos;De 45 a 64 años;101,08333333;
San Bartolomé de la Torre;2010;Demandantes;Ambos sexos;TOTAL;336,41666665;
San Bartolomé de la Torre;2011;Demandantes;Hombres;De 16 a 29 años;48,16666665;
San Bartolomé de la Torre;2011;Demandantes;Hombres;De 30 a 44 años;81,83333333;
San Bartolomé de la Torre;2011;Demandantes;Hombres;De 45 a 64 años;76,99999999;
San Bartolomé de la Torre;2011;Demandantes;Hombres;TOTAL;206,99999997;
San Bartolomé de la Torre;2011;Demandantes;Mujeres;De 16 a 29 años;35,74999999;
San Bartolomé de la Torre;2011;Demandantes;Mujeres;De 30 a 44 años;71,33333333;
San Bartolomé de la Torre;2011;Demandantes;Mujeres;De 45 a 64 años;36,91666666;
San Bartolomé de la Torre;2011;Demandantes;Mujeres;TOTAL;143,99999998;
San Bartolomé de la Torre;2011;Demandantes;Ambos sexos;De 16 a 29 años;83,91666664;
San Bartolomé de la Torre;2011;Demandantes;Ambos sexos;De 30 a 44 años;153,16666666;
San Bartolomé de la Torre;2011;Demandantes;Ambos sexos;De 45 a 64 años;113,91666665;
San Bartolomé de la Torre;2011;Demandantes;Ambos sexos;TOTAL;350,99999995;
San Bartolomé de la Torre;2012;Demandantes;Hombres;De 16 a 29 años;43,16666667;
San Bartolomé de la Torre;2012;Demandantes;Hombres;De 30 a 44 años;82,08333334;
San Bartolomé de la Torre;2012;Demandantes;Hombres;De 45 a 64 años;87,49999999;
San Bartolomé de la Torre;2012;Demandantes;Hombres;TOTAL;212,75;
San Bartolomé de la Torre;2012;Demandantes;Mujeres;De 16 a 29 años;46,24999998;
San Bartolomé de la Torre;2012;Demandantes;Mujeres;De 30 a 44 años;79,49999999;
San Bartolomé de la Torre;2012;Demandantes;Mujeres;De 45 a 64 años;45,41666666;
San Bartolomé de la Torre;2012;Demandantes;Mujeres;TOTAL;171,16666663;
San Bartolomé de la Torre;2012;Demandantes;Ambos sexos;De 16 a 29 años;89,41666665;
San Bartolomé de la Torre;2012;Demandantes;Ambos sexos;De 30 a 44 años;161,58333333;
San Bartolomé de la Torre;2012;Demandantes;Ambos sexos;De 45 a 64 años;132,91666665;
San Bartolomé de la Torre;2012;Demandantes;Ambos sexos;TOTAL;383,91666663;
San Juan del Puerto;2010;Demandantes;Hombres;De 16 a 29 años;123,75;
San Juan del Puerto;2010;Demandantes;Hombres;De 30 a 44 años;235,75000001;
San Juan del Puerto;2010;Demandantes;Hombres;De 45 a 64 años;128,33333334;
San Juan del Puerto;2010;Demandantes;Hombres;TOTAL;487,83333335;
San Juan del Puerto;2010;Demandantes;Mujeres;De 16 a 29 años;86,16666667;
San Juan del Puerto;2010;Demandantes;Mujeres;De 30 a 44 años;158,58333333;
San Juan del Puerto;2010;Demandantes;Mujeres;De 45 a 64 años;64,33333335;
San Juan del Puerto;2010;Demandantes;Mujeres;TOTAL;309,08333335;
San Juan del Puerto;2010;Demandantes;Ambos sexos;De 16 a 29 años;209,91666667;
San Juan del Puerto;2010;Demandantes;Ambos sexos;De 30 a 44 años;394,33333334;
San Juan del Puerto;2010;Demandantes;Ambos sexos;De 45 a 64 años;192,66666669;
San Juan del Puerto;2010;Demandantes;Ambos sexos;TOTAL;796,9166667;
San Juan del Puerto;2011;Demandantes;Hombres;De 16 a 29 años;117,33333336;
San Juan del Puerto;2011;Demandantes;Hombres;De 30 a 44 años;226,66666666;
San Juan del Puerto;2011;Demandantes;Hombres;De 45 a 64 años;146,83333333;
San Juan del Puerto;2011;Demandantes;Hombres;TOTAL;490,83333335;
San Juan del Puerto;2011;Demandantes;Mujeres;De 16 a 29 años;94,16666666;
San Juan del Puerto;2011;Demandantes;Mujeres;De 30 a 44 años;189,83333333;
San Juan del Puerto;2011;Demandantes;Mujeres;De 45 a 64 años;74,58333331;
San Juan del Puerto;2011;Demandantes;Mujeres;TOTAL;358,5833333;
San Juan del Puerto;2011;Demandantes;Ambos sexos;De 16 a 29 años;211,50000002;
San Juan del Puerto;2011;Demandantes;Ambos sexos;De 30 a 44 años;416,49999999;
San Juan del Puerto;2011;Demandantes;Ambos sexos;De 45 a 64 años;221,41666664;
San Juan del Puerto;2011;Demandantes;Ambos sexos;TOTAL;849,41666665;
San Juan del Puerto;2012;Demandantes;Hombres;De 16 a 29 años;123,99999998;
San Juan del Puerto;2012;Demandantes;Hombres;De 30 a 44 años;249,41666666;
San Juan del Puerto;2012;Demandantes;Hombres;De 45 a 64 años;178,41666667;
San Juan del Puerto;2012;Demandantes;Hombres;TOTAL;551,83333331;
San Juan del Puerto;2012;Demandantes;Mujeres;De 16 a 29 años;107,16666666;
San Juan del Puerto;2012;Demandantes;Mujeres;De 30 a 44 años;223,91666667;
San Juan del Puerto;2012;Demandantes;Mujeres;De 45 a 64 años;102,50000001;
San Juan del Puerto;2012;Demandantes;Mujeres;TOTAL;433,58333334;
San Juan del Puerto;2012;Demandantes;Ambos sexos;De 16 a 29 años;231,16666664;
San Juan del Puerto;2012;Demandantes;Ambos sexos;De 30 a 44 años;473,33333333;
San Juan del Puerto;2012;Demandantes;Ambos sexos;De 45 a 64 años;280,91666668;
San Juan del Puerto;2012;Demandantes;Ambos sexos;TOTAL;985,41666665;
San Silvestre de Guzmán;2010;Demandantes;Hombres;De 16 a 29 años;3,83333333;
San Silvestre de Guzmán;2010;Demandantes;Hombres;De 30 a 44 años;9,99999999;
San Silvestre de Guzmán;2010;Demandantes;Hombres;De 45 a 64 años;6,25;
San Silvestre de Guzmán;2010;Demandantes;Hombres;TOTAL;20,08333332;
San Silvestre de Guzmán;2010;Demandantes;Mujeres;De 16 a 29 años;3,75;
San Silvestre de Guzmán;2010;Demandantes;Mujeres;De 30 a 44 años;8,66666667;
San Silvestre de Guzmán;2010;Demandantes;Mujeres;De 45 a 64 años;0,99999999;
San Silvestre de Guzmán;2010;Demandantes;Mujeres;TOTAL;13,41666666;
San Silvestre de Guzmán;2010;Demandantes;Ambos sexos;De 16 a 29 años;7,58333333;
San Silvestre de Guzmán;2010;Demandantes;Ambos sexos;De 30 a 44 años;18,66666666;
San Silvestre de Guzmán;2010;Demandantes;Ambos sexos;De 45 a 64 años;7,24999999;
San Silvestre de Guzmán;2010;Demandantes;Ambos sexos;TOTAL;33,49999998;
San Silvestre de Guzmán;2011;Demandantes;Hombres;De 16 a 29 años;5,08333332;
San Silvestre de Guzmán;2011;Demandantes;Hombres;De 30 a 44 años;12,75;
San Silvestre de Guzmán;2011;Demandantes;Hombres;De 45 a 64 años;7,58333332;
San Silvestre de Guzmán;2011;Demandantes;Hombres;TOTAL;25,41666664;
San Silvestre de Guzmán;2011;Demandantes;Mujeres;De 16 a 29 años;4,58333333;
San Silvestre de Guzmán;2011;Demandantes;Mujeres;De 30 a 44 años;6,75;
San Silvestre de Guzmán;2011;Demandantes;Mujeres;De 45 a 64 años;1;
San Silvestre de Guzmán;2011;Demandantes;Mujeres;TOTAL;12,33333333;
San Silvestre de Guzmán;2011;Demandantes;Ambos sexos;De 16 a 29 años;9,66666665;
San Silvestre de Guzmán;2011;Demandantes;Ambos sexos;De 30 a 44 años;19,5;
San Silvestre de Guzmán;2011;Demandantes;Ambos sexos;De 45 a 64 años;8,58333332;
San Silvestre de Guzmán;2011;Demandantes;Ambos sexos;TOTAL;37,74999997;
San Silvestre de Guzmán;2012;Demandantes;Hombres;De 16 a 29 años;3,58333334;
San Silvestre de Guzmán;2012;Demandantes;Hombres;De 30 a 44 años;14,91666668;
San Silvestre de Guzmán;2012;Demandantes;Hombres;De 45 a 64 años;8,33333335;
San Silvestre de Guzmán;2012;Demandantes;Hombres;TOTAL;26,83333337;
San Silvestre de Guzmán;2012;Demandantes;Mujeres;De 16 a 29 años;7,49999999;
San Silvestre de Guzmán;2012;Demandantes;Mujeres;De 30 a 44 años;8,91666667;
San Silvestre de Guzmán;2012;Demandantes;Mujeres;De 45 a 64 años;3,75;
San Silvestre de Guzmán;2012;Demandantes;Mujeres;TOTAL;20,16666666;
San Silvestre de Guzmán;2012;Demandantes;Ambos sexos;De 16 a 29 años;11,08333333;
San Silvestre de Guzmán;2012;Demandantes;Ambos sexos;De 30 a 44 años;23,83333335;
San Silvestre de Guzmán;2012;Demandantes;Ambos sexos;De 45 a 64 años;12,08333335;
San Silvestre de Guzmán;2012;Demandantes;Ambos sexos;TOTAL;47,00000003;
Sanlúcar de Guadiana;2010;Demandantes;Hombres;De 16 a 29 años;3,5;
Sanlúcar de Guadiana;2010;Demandantes;Hombres;De 30 a 44 años;5,24999999;
Sanlúcar de Guadiana;2010;Demandantes;Hombres;De 45 a 64 años;7,91666666;
Sanlúcar de Guadiana;2010;Demandantes;Hombres;TOTAL;16,66666665;
Sanlúcar de Guadiana;2010;Demandantes;Mujeres;De 16 a 29 años;3,75000001;
Sanlúcar de Guadiana;2010;Demandantes;Mujeres;De 30 a 44 años;3,25;
Sanlúcar de Guadiana;2010;Demandantes;Mujeres;De 45 a 64 años;2,41666666;
Sanlúcar de Guadiana;2010;Demandantes;Mujeres;TOTAL;9,41666667;
Sanlúcar de Guadiana;2010;Demandantes;Ambos sexos;De 16 a 29 años;7,25000001;
Sanlúcar de Guadiana;2010;Demandantes;Ambos sexos;De 30 a 44 años;8,49999999;
Sanlúcar de Guadiana;2010;Demandantes;Ambos sexos;De 45 a 64 años;10,33333332;
Sanlúcar de Guadiana;2010;Demandantes;Ambos sexos;TOTAL;26,08333332;
Sanlúcar de Guadiana;2011;Demandantes;Hombres;De 16 a 29 años;6,49999999;
Sanlúcar de Guadiana;2011;Demandantes;Hombres;De 30 a 44 años;8,99999999;
Sanlúcar de Guadiana;2011;Demandantes;Hombres;De 45 a 64 años;12,33333333;
Sanlúcar de Guadiana;2011;Demandantes;Hombres;TOTAL;27,83333331;
Sanlúcar de Guadiana;2011;Demandantes;Mujeres;De 16 a 29 años;5;
Sanlúcar de Guadiana;2011;Demandantes;Mujeres;De 30 a 44 años;7,16666667;
Sanlúcar de Guadiana;2011;Demandantes;Mujeres;De 45 a 64 años;2,75;
Sanlúcar de Guadiana;2011;Demandantes;Mujeres;TOTAL;14,91666667;
Sanlúcar de Guadiana;2011;Demandantes;Ambos sexos;De 16 a 29 años;11,49999999;
Sanlúcar de Guadiana;2011;Demandantes;Ambos sexos;De 30 a 44 años;16,16666666;
Sanlúcar de Guadiana;2011;Demandantes;Ambos sexos;De 45 a 64 años;15,08333333;
Sanlúcar de Guadiana;2011;Demandantes;Ambos sexos;TOTAL;42,74999998;
Sanlúcar de Guadiana;2012;Demandantes;Hombres;De 16 a 29 años;5,83333332;
Sanlúcar de Guadiana;2012;Demandantes;Hombres;De 30 a 44 años;8,41666668;
Sanlúcar de Guadiana;2012;Demandantes;Hombres;De 45 a 64 años;11,66666665;
Sanlúcar de Guadiana;2012;Demandantes;Hombres;TOTAL;25,91666665;
Sanlúcar de Guadiana;2012;Demandantes;Mujeres;De 16 a 29 años;6,33333333;
Sanlúcar de Guadiana;2012;Demandantes;Mujeres;De 30 a 44 años;8,83333334;
Sanlúcar de Guadiana;2012;Demandantes;Mujeres;De 45 a 64 años;5,33333334;
Sanlúcar de Guadiana;2012;Demandantes;Mujeres;TOTAL;20,50000001;
Sanlúcar de Guadiana;2012;Demandantes;Ambos sexos;De 16 a 29 años;12,16666665;
Sanlúcar de Guadiana;2012;Demandantes;Ambos sexos;De 30 a 44 años;17,25000002;
Sanlúcar de Guadiana;2012;Demandantes;Ambos sexos;De 45 a 64 años;16,99999999;
Sanlúcar de Guadiana;2012;Demandantes;Ambos sexos;TOTAL;46,41666666;
Santa Ana la Real;2010;Demandantes;Hombres;De 16 a 29 años;3,16666667;
Santa Ana la Real;2010;Demandantes;Hombres;De 30 a 44 años;7,16666668;
Santa Ana la Real;2010;Demandantes;Hombres;De 45 a 64 años;8,41666666;
Santa Ana la Real;2010;Demandantes;Hombres;TOTAL;18,75000001;
Santa Ana la Real;2010;Demandantes;Mujeres;De 16 a 29 años;5,16666666;
Santa Ana la Real;2010;Demandantes;Mujeres;De 30 a 44 años;12,91666666;
Santa Ana la Real;2010;Demandantes;Mujeres;De 45 a 64 años;11,41666667;
Santa Ana la Real;2010;Demandantes;Mujeres;TOTAL;29,49999999;
Santa Ana la Real;2010;Demandantes;Ambos sexos;De 16 a 29 años;8,33333333;
Santa Ana la Real;2010;Demandantes;Ambos sexos;De 30 a 44 años;20,08333334;
Santa Ana la Real;2010;Demandantes;Ambos sexos;De 45 a 64 años;19,83333333;
Santa Ana la Real;2010;Demandantes;Ambos sexos;TOTAL;48,25;
Santa Ana la Real;2011;Demandantes;Hombres;De 16 a 29 años;5,58333333;
Santa Ana la Real;2011;Demandantes;Hombres;De 30 a 44 años;13,91666668;
Santa Ana la Real;2011;Demandantes;Hombres;De 45 a 64 años;8,08333334;
Santa Ana la Real;2011;Demandantes;Hombres;TOTAL;27,58333335;
Santa Ana la Real;2011;Demandantes;Mujeres;De 16 a 29 años;10,75;
Santa Ana la Real;2011;Demandantes;Mujeres;De 30 a 44 años;13,83333332;
Santa Ana la Real;2011;Demandantes;Mujeres;De 45 a 64 años;13,33333334;
Santa Ana la Real;2011;Demandantes;Mujeres;TOTAL;37,91666666;
Santa Ana la Real;2011;Demandantes;Ambos sexos;De 16 a 29 años;16,33333333;
Santa Ana la Real;2011;Demandantes;Ambos sexos;De 30 a 44 años;27,75;
Santa Ana la Real;2011;Demandantes;Ambos sexos;De 45 a 64 años;21,41666668;
Santa Ana la Real;2011;Demandantes;Ambos sexos;TOTAL;65,50000001;
Santa Ana la Real;2012;Demandantes;Hombres;De 16 a 29 años;10,66666669;
Santa Ana la Real;2012;Demandantes;Hombres;De 30 a 44 años;12,00000002;
Santa Ana la Real;2012;Demandantes;Hombres;De 45 a 64 años;10,16666667;
Santa Ana la Real;2012;Demandantes;Hombres;TOTAL;32,83333338;
Santa Ana la Real;2012;Demandantes;Mujeres;De 16 a 29 años;9,49999999;
Santa Ana la Real;2012;Demandantes;Mujeres;De 30 a 44 años;15;
Santa Ana la Real;2012;Demandantes;Mujeres;De 45 a 64 años;15,33333333;
Santa Ana la Real;2012;Demandantes;Mujeres;TOTAL;39,83333332;
Santa Ana la Real;2012;Demandantes;Ambos sexos;De 16 a 29 años;20,16666668;
Santa Ana la Real;2012;Demandantes;Ambos sexos;De 30 a 44 años;27,00000002;
Santa Ana la Real;2012;Demandantes;Ambos sexos;De 45 a 64 años;25,5;
Santa Ana la Real;2012;Demandantes;Ambos sexos;TOTAL;72,6666667;
Santa Bárbara de Casa;2010;Demandantes;Hombres;De 16 a 29 años;11,58333334;
Santa Bárbara de Casa;2010;Demandantes;Hombres;De 30 a 44 años;20,66666666;
Santa Bárbara de Casa;2010;Demandantes;Hombres;De 45 a 64 años;16,08333333;
Santa Bárbara de Casa;2010;Demandantes;Hombres;TOTAL;48,33333333;
Santa Bárbara de Casa;2010;Demandantes;Mujeres;De 16 a 29 años;6,33333334;
Santa Bárbara de Casa;2010;Demandantes;Mujeres;De 30 a 44 años;8,91666667;
Santa Bárbara de Casa;2010;Demandantes;Mujeres;De 45 a 64 años;7,41666667;
Santa Bárbara de Casa;2010;Demandantes;Mujeres;TOTAL;22,66666668;
Santa Bárbara de Casa;2010;Demandantes;Ambos sexos;De 16 a 29 años;17,91666668;
Santa Bárbara de Casa;2010;Demandantes;Ambos sexos;De 30 a 44 años;29,58333333;
Santa Bárbara de Casa;2010;Demandantes;Ambos sexos;De 45 a 64 años;23,5;
Santa Bárbara de Casa;2010;Demandantes;Ambos sexos;TOTAL;71,00000001;
Santa Bárbara de Casa;2011;Demandantes;Hombres;De 16 a 29 años;11,66666667;
Santa Bárbara de Casa;2011;Demandantes;Hombres;De 30 a 44 años;17,91666667;
Santa Bárbara de Casa;2011;Demandantes;Hombres;De 45 a 64 años;18,16666667;
Santa Bárbara de Casa;2011;Demandantes;Hombres;TOTAL;47,75000001;
Santa Bárbara de Casa;2011;Demandantes;Mujeres;De 16 a 29 años;10,58333334;
Santa Bárbara de Casa;2011;Demandantes;Mujeres;De 30 a 44 años;7,83333334;
Santa Bárbara de Casa;2011;Demandantes;Mujeres;De 45 a 64 años;9,08333334;
Santa Bárbara de Casa;2011;Demandantes;Mujeres;TOTAL;27,50000002;
Santa Bárbara de Casa;2011;Demandantes;Ambos sexos;De 16 a 29 años;22,25000001;
Santa Bárbara de Casa;2011;Demandantes;Ambos sexos;De 30 a 44 años;25,75000001;
Santa Bárbara de Casa;2011;Demandantes;Ambos sexos;De 45 a 64 años;27,25000001;
Santa Bárbara de Casa;2011;Demandantes;Ambos sexos;TOTAL;75,25000003;
Santa Bárbara de Casa;2012;Demandantes;Hombres;De 16 a 29 años;13,50000002;
Santa Bárbara de Casa;2012;Demandantes;Hombres;De 30 a 44 años;15,83333334;
Santa Bárbara de Casa;2012;Demandantes;Hombres;De 45 a 64 años;24,41666666;
Santa Bárbara de Casa;2012;Demandantes;Hombres;TOTAL;53,75000002;
Santa Bárbara de Casa;2012;Demandantes;Mujeres;De 16 a 29 años;11,66666665;
Santa Bárbara de Casa;2012;Demandantes;Mujeres;De 30 a 44 años;10,25;
Santa Bárbara de Casa;2012;Demandantes;Mujeres;De 45 a 64 años;10,83333332;
Santa Bárbara de Casa;2012;Demandantes;Mujeres;TOTAL;32,74999997;
Santa Bárbara de Casa;2012;Demandantes;Ambos sexos;De 16 a 29 años;25,16666667;
Santa Bárbara de Casa;2012;Demandantes;Ambos sexos;De 30 a 44 años;26,08333334;
Santa Bárbara de Casa;2012;Demandantes;Ambos sexos;De 45 a 64 años;35,24999998;
Santa Bárbara de Casa;2012;Demandantes;Ambos sexos;TOTAL;86,49999999;
Santa Olalla del Cala;2010;Demandantes;Hombres;De 16 a 29 años;17,00000001;
Santa Olalla del Cala;2010;Demandantes;Hombres;De 30 a 44 años;17,5;
Santa Olalla del Cala;2010;Demandantes;Hombres;De 45 a 64 años;12,58333333;
Santa Olalla del Cala;2010;Demandantes;Hombres;TOTAL;47,08333334;
Santa Olalla del Cala;2010;Demandantes;Mujeres;De 16 a 29 años;35,16666666;
Santa Olalla del Cala;2010;Demandantes;Mujeres;De 30 a 44 años;36,08333334;
Santa Olalla del Cala;2010;Demandantes;Mujeres;De 45 a 64 años;38,91666667;
Santa Olalla del Cala;2010;Demandantes;Mujeres;TOTAL;110,16666667;
Santa Olalla del Cala;2010;Demandantes;Ambos sexos;De 16 a 29 años;52,16666667;
Santa Olalla del Cala;2010;Demandantes;Ambos sexos;De 30 a 44 años;53,58333334;
Santa Olalla del Cala;2010;Demandantes;Ambos sexos;De 45 a 64 años;51,5;
Santa Olalla del Cala;2010;Demandantes;Ambos sexos;TOTAL;157,25000001;
Santa Olalla del Cala;2011;Demandantes;Hombres;De 16 a 29 años;19,50000001;
Santa Olalla del Cala;2011;Demandantes;Hombres;De 30 a 44 años;20,33333334;
Santa Olalla del Cala;2011;Demandantes;Hombres;De 45 a 64 años;14,66666667;
Santa Olalla del Cala;2011;Demandantes;Hombres;TOTAL;54,50000002;
Santa Olalla del Cala;2011;Demandantes;Mujeres;De 16 a 29 años;39,08333333;
Santa Olalla del Cala;2011;Demandantes;Mujeres;De 30 a 44 años;35,99999999;
Santa Olalla del Cala;2011;Demandantes;Mujeres;De 45 a 64 años;40;
Santa Olalla del Cala;2011;Demandantes;Mujeres;TOTAL;115,08333332;
Santa Olalla del Cala;2011;Demandantes;Ambos sexos;De 16 a 29 años;58,58333334;
Santa Olalla del Cala;2011;Demandantes;Ambos sexos;De 30 a 44 años;56,33333333;
Santa Olalla del Cala;2011;Demandantes;Ambos sexos;De 45 a 64 años;54,66666667;
Santa Olalla del Cala;2011;Demandantes;Ambos sexos;TOTAL;169,58333334;
Santa Olalla del Cala;2012;Demandantes;Hombres;De 16 a 29 años;31,58333334;
Santa Olalla del Cala;2012;Demandantes;Hombres;De 30 a 44 años;23,91666667;
Santa Olalla del Cala;2012;Demandantes;Hombres;De 45 a 64 años;19,50000001;
Santa Olalla del Cala;2012;Demandantes;Hombres;TOTAL;75,00000002;
Santa Olalla del Cala;2012;Demandantes;Mujeres;De 16 a 29 años;52,08333333;
Santa Olalla del Cala;2012;Demandantes;Mujeres;De 30 a 44 años;39,75000003;
Santa Olalla del Cala;2012;Demandantes;Mujeres;De 45 a 64 años;52,33333332;
Santa Olalla del Cala;2012;Demandantes;Mujeres;TOTAL;144,16666668;
Santa Olalla del Cala;2012;Demandantes;Ambos sexos;De 16 a 29 años;83,66666667;
Santa Olalla del Cala;2012;Demandantes;Ambos sexos;De 30 a 44 años;63,6666667;
Santa Olalla del Cala;2012;Demandantes;Ambos sexos;De 45 a 64 años;71,83333333;
Santa Olalla del Cala;2012;Demandantes;Ambos sexos;TOTAL;219,1666667;
Trigueros;2010;Demandantes;Hombres;De 16 a 29 años;135,16666664;
Trigueros;2010;Demandantes;Hombres;De 30 a 44 años;196,33333332;
Trigueros;2010;Demandantes;Hombres;De 45 a 64 años;182,91666667;
Trigueros;2010;Demandantes;Hombres;TOTAL;514,41666663;
Trigueros;2010;Demandantes;Mujeres;De 16 a 29 años;78,41666668;
Trigueros;2010;Demandantes;Mujeres;De 30 a 44 años;153,16666668;
Trigueros;2010;Demandantes;Mujeres;De 45 a 64 años;108,24999998;
Trigueros;2010;Demandantes;Mujeres;TOTAL;339,83333334;
Trigueros;2010;Demandantes;Ambos sexos;De 16 a 29 años;213,58333332;
Trigueros;2010;Demandantes;Ambos sexos;De 30 a 44 años;349,5;
Trigueros;2010;Demandantes;Ambos sexos;De 45 a 64 años;291,16666665;
Trigueros;2010;Demandantes;Ambos sexos;TOTAL;854,24999997;
Trigueros;2011;Demandantes;Hombres;De 16 a 29 años;125,33333333;
Trigueros;2011;Demandantes;Hombres;De 30 a 44 años;203,66666667;
Trigueros;2011;Demandantes;Hombres;De 45 a 64 años;199,08333334;
Trigueros;2011;Demandantes;Hombres;TOTAL;528,08333334;
Trigueros;2011;Demandantes;Mujeres;De 16 a 29 años;91,58333332;
Trigueros;2011;Demandantes;Mujeres;De 30 a 44 años;169;
Trigueros;2011;Demandantes;Mujeres;De 45 a 64 años;126,66666664;
Trigueros;2011;Demandantes;Mujeres;TOTAL;387,24999996;
Trigueros;2011;Demandantes;Ambos sexos;De 16 a 29 años;216,91666665;
Trigueros;2011;Demandantes;Ambos sexos;De 30 a 44 años;372,66666667;
Trigueros;2011;Demandantes;Ambos sexos;De 45 a 64 años;325,74999998;
Trigueros;2011;Demandantes;Ambos sexos;TOTAL;915,3333333;
Trigueros;2012;Demandantes;Hombres;De 16 a 29 años;133,5;
Trigueros;2012;Demandantes;Hombres;De 30 a 44 años;236,41666668;
Trigueros;2012;Demandantes;Hombres;De 45 a 64 años;227;
Trigueros;2012;Demandantes;Hombres;TOTAL;596,91666668;
Trigueros;2012;Demandantes;Mujeres;De 16 a 29 años;103,83333332;
Trigueros;2012;Demandantes;Mujeres;De 30 a 44 años;203,33333332;
Trigueros;2012;Demandantes;Mujeres;De 45 a 64 años;147,49999998;
Trigueros;2012;Demandantes;Mujeres;TOTAL;454,66666662;
Trigueros;2012;Demandantes;Ambos sexos;De 16 a 29 años;237,33333332;
Trigueros;2012;Demandantes;Ambos sexos;De 30 a 44 años;439,75;
Trigueros;2012;Demandantes;Ambos sexos;De 45 a 64 años;374,49999998;
Trigueros;2012;Demandantes;Ambos sexos;TOTAL;1051,5833333;
Valdelarco;2010;Demandantes;Hombres;De 16 a 29 años;1,58333334;
Valdelarco;2010;Demandantes;Hombres;De 30 a 44 años;2,33333333;
Valdelarco;2010;Demandantes;Hombres;De 45 a 64 años;3,58333334;
Valdelarco;2010;Demandantes;Hombres;TOTAL;7,50000001;
Valdelarco;2010;Demandantes;Mujeres;De 16 a 29 años;1,83333333;
Valdelarco;2010;Demandantes;Mujeres;De 30 a 44 años;2,58333333;
Valdelarco;2010;Demandantes;Mujeres;De 45 a 64 años;3,66666667;
Valdelarco;2010;Demandantes;Mujeres;TOTAL;8,08333333;
Valdelarco;2010;Demandantes;Ambos sexos;De 16 a 29 años;3,41666667;
Valdelarco;2010;Demandantes;Ambos sexos;De 30 a 44 años;4,91666666;
Valdelarco;2010;Demandantes;Ambos sexos;De 45 a 64 años;7,25000001;
Valdelarco;2010;Demandantes;Ambos sexos;TOTAL;15,58333334;
Valdelarco;2011;Demandantes;Hombres;De 16 a 29 años;2,74999999;
Valdelarco;2011;Demandantes;Hombres;De 30 a 44 años;4,16666668;
Valdelarco;2011;Demandantes;Hombres;De 45 a 64 años;3,83333333;
Valdelarco;2011;Demandantes;Hombres;TOTAL;10,75;
Valdelarco;2011;Demandantes;Mujeres;De 16 a 29 años;2,08333333;
Valdelarco;2011;Demandantes;Mujeres;De 30 a 44 años;2,33333333;
Valdelarco;2011;Demandantes;Mujeres;De 45 a 64 años;4,91666667;
Valdelarco;2011;Demandantes;Mujeres;TOTAL;9,33333333;
Valdelarco;2011;Demandantes;Ambos sexos;De 16 a 29 años;4,83333332;
Valdelarco;2011;Demandantes;Ambos sexos;De 30 a 44 años;6,50000001;
Valdelarco;2011;Demandantes;Ambos sexos;De 45 a 64 años;8,75;
Valdelarco;2011;Demandantes;Ambos sexos;TOTAL;20,08333333;
Valdelarco;2012;Demandantes;Hombres;De 16 a 29 años;2,58333333;
Valdelarco;2012;Demandantes;Hombres;De 30 a 44 años;5,99999999;
Valdelarco;2012;Demandantes;Hombres;De 45 a 64 años;4,91666666;
Valdelarco;2012;Demandantes;Hombres;TOTAL;13,49999998;
Valdelarco;2012;Demandantes;Mujeres;De 16 a 29 años;1;
Valdelarco;2012;Demandantes;Mujeres;De 30 a 44 años;3,75;
Valdelarco;2012;Demandantes;Mujeres;De 45 a 64 años;4,24999999;
Valdelarco;2012;Demandantes;Mujeres;TOTAL;8,99999999;
Valdelarco;2012;Demandantes;Ambos sexos;De 16 a 29 años;3,58333333;
Valdelarco;2012;Demandantes;Ambos sexos;De 30 a 44 años;9,74999999;
Valdelarco;2012;Demandantes;Ambos sexos;De 45 a 64 años;9,16666665;
Valdelarco;2012;Demandantes;Ambos sexos;TOTAL;22,49999997;
Valverde del Camino;2010;Demandantes;Hombres;De 16 a 29 años;162,66666666;
Valverde del Camino;2010;Demandantes;Hombres;De 30 a 44 años;240,16666669;
Valverde del Camino;2010;Demandantes;Hombres;De 45 a 64 años;232,83333334;
Valverde del Camino;2010;Demandantes;Hombres;TOTAL;635,66666669;
Valverde del Camino;2010;Demandantes;Mujeres;De 16 a 29 años;142,00000002;
Valverde del Camino;2010;Demandantes;Mujeres;De 30 a 44 años;297,66666668;
Valverde del Camino;2010;Demandantes;Mujeres;De 45 a 64 años;358,75;
Valverde del Camino;2010;Demandantes;Mujeres;TOTAL;798,4166667;
Valverde del Camino;2010;Demandantes;Ambos sexos;De 16 a 29 años;304,66666668;
Valverde del Camino;2010;Demandantes;Ambos sexos;De 30 a 44 años;537,83333337;
Valverde del Camino;2010;Demandantes;Ambos sexos;De 45 a 64 años;591,58333334;
Valverde del Camino;2010;Demandantes;Ambos sexos;TOTAL;1434,08333339;
Valverde del Camino;2011;Demandantes;Hombres;De 16 a 29 años;161,75000001;
Valverde del Camino;2011;Demandantes;Hombres;De 30 a 44 años;268,16666667;
Valverde del Camino;2011;Demandantes;Hombres;De 45 a 64 años;257,99999997;
Valverde del Camino;2011;Demandantes;Hombres;TOTAL;687,91666665;
Valverde del Camino;2011;Demandantes;Mujeres;De 16 a 29 años;158,16666666;
Valverde del Camino;2011;Demandantes;Mujeres;De 30 a 44 años;310,75;
Valverde del Camino;2011;Demandantes;Mujeres;De 45 a 64 años;368,41666667;
Valverde del Camino;2011;Demandantes;Mujeres;TOTAL;837,33333333;
Valverde del Camino;2011;Demandantes;Ambos sexos;De 16 a 29 años;319,91666667;
Valverde del Camino;2011;Demandantes;Ambos sexos;De 30 a 44 años;578,91666667;
Valverde del Camino;2011;Demandantes;Ambos sexos;De 45 a 64 años;626,41666664;
Valverde del Camino;2011;Demandantes;Ambos sexos;TOTAL;1525,24999998;
Valverde del Camino;2012;Demandantes;Hombres;De 16 a 29 años;194,25;
Valverde del Camino;2012;Demandantes;Hombres;De 30 a 44 años;315,58333335;
Valverde del Camino;2012;Demandantes;Hombres;De 45 a 64 años;293,91666667;
Valverde del Camino;2012;Demandantes;Hombres;TOTAL;803,75000002;
Valverde del Camino;2012;Demandantes;Mujeres;De 16 a 29 años;198,91666666;
Valverde del Camino;2012;Demandantes;Mujeres;De 30 a 44 años;377,91666667;
Valverde del Camino;2012;Demandantes;Mujeres;De 45 a 64 años;403,08333332;
Valverde del Camino;2012;Demandantes;Mujeres;TOTAL;979,91666665;
Valverde del Camino;2012;Demandantes;Ambos sexos;De 16 a 29 años;393,16666666;
Valverde del Camino;2012;Demandantes;Ambos sexos;De 30 a 44 años;693,50000002;
Valverde del Camino;2012;Demandantes;Ambos sexos;De 45 a 64 años;696,99999999;
Valverde del Camino;2012;Demandantes;Ambos sexos;TOTAL;1783,66666667;
Villablanca;2010;Demandantes;Hombres;De 16 a 29 años;29,33333333;
Villablanca;2010;Demandantes;Hombres;De 30 a 44 años;54,91666667;
Villablanca;2010;Demandantes;Hombres;De 45 a 64 años;57,41666667;
Villablanca;2010;Demandantes;Hombres;TOTAL;141,66666667;
Villablanca;2010;Demandantes;Mujeres;De 16 a 29 años;30,75;
Villablanca;2010;Demandantes;Mujeres;De 30 a 44 años;44,16666667;
Villablanca;2010;Demandantes;Mujeres;De 45 a 64 años;26,58333336;
Villablanca;2010;Demandantes;Mujeres;TOTAL;101,50000003;
Villablanca;2010;Demandantes;Ambos sexos;De 16 a 29 años;60,08333333;
Villablanca;2010;Demandantes;Ambos sexos;De 30 a 44 años;99,08333334;
Villablanca;2010;Demandantes;Ambos sexos;De 45 a 64 años;84,00000003;
Villablanca;2010;Demandantes;Ambos sexos;TOTAL;243,1666667;
Villablanca;2011;Demandantes;Hombres;De 16 a 29 años;29,16666669;
Villablanca;2011;Demandantes;Hombres;De 30 a 44 años;52,08333331;
Villablanca;2011;Demandantes;Hombres;De 45 a 64 años;57,99999999;
Villablanca;2011;Demandantes;Hombres;TOTAL;139,24999999;
Villablanca;2011;Demandantes;Mujeres;De 16 a 29 años;36,74999999;
Villablanca;2011;Demandantes;Mujeres;De 30 a 44 años;45,08333334;
Villablanca;2011;Demandantes;Mujeres;De 45 a 64 años;33,08333332;
Villablanca;2011;Demandantes;Mujeres;TOTAL;114,91666665;
Villablanca;2011;Demandantes;Ambos sexos;De 16 a 29 años;65,91666668;
Villablanca;2011;Demandantes;Ambos sexos;De 30 a 44 años;97,16666665;
Villablanca;2011;Demandantes;Ambos sexos;De 45 a 64 años;91,08333331;
Villablanca;2011;Demandantes;Ambos sexos;TOTAL;254,16666664;
Villablanca;2012;Demandantes;Hombres;De 16 a 29 años;37,00000002;
Villablanca;2012;Demandantes;Hombres;De 30 a 44 años;47,66666667;
Villablanca;2012;Demandantes;Hombres;De 45 a 64 años;62,25000002;
Villablanca;2012;Demandantes;Hombres;TOTAL;146,91666671;
Villablanca;2012;Demandantes;Mujeres;De 16 a 29 años;44,16666666;
Villablanca;2012;Demandantes;Mujeres;De 30 a 44 años;47,5;
Villablanca;2012;Demandantes;Mujeres;De 45 a 64 años;34,66666666;
Villablanca;2012;Demandantes;Mujeres;TOTAL;126,33333332;
Villablanca;2012;Demandantes;Ambos sexos;De 16 a 29 años;81,16666668;
Villablanca;2012;Demandantes;Ambos sexos;De 30 a 44 años;95,16666667;
Villablanca;2012;Demandantes;Ambos sexos;De 45 a 64 años;96,91666668;
Villablanca;2012;Demandantes;Ambos sexos;TOTAL;273,25000003;
Villalba del Alcor;2010;Demandantes;Hombres;De 16 a 29 años;42,75000001;
Villalba del Alcor;2010;Demandantes;Hombres;De 30 a 44 años;67,16666666;
Villalba del Alcor;2010;Demandantes;Hombres;De 45 a 64 años;77,66666666;
Villalba del Alcor;2010;Demandantes;Hombres;TOTAL;187,58333333;
Villalba del Alcor;2010;Demandantes;Mujeres;De 16 a 29 años;21,16666665;
Villalba del Alcor;2010;Demandantes;Mujeres;De 30 a 44 años;66,16666667;
Villalba del Alcor;2010;Demandantes;Mujeres;De 45 a 64 años;31,49999999;
Villalba del Alcor;2010;Demandantes;Mujeres;TOTAL;118,83333331;
Villalba del Alcor;2010;Demandantes;Ambos sexos;De 16 a 29 años;63,91666666;
Villalba del Alcor;2010;Demandantes;Ambos sexos;De 30 a 44 años;133,33333333;
Villalba del Alcor;2010;Demandantes;Ambos sexos;De 45 a 64 años;109,16666665;
Villalba del Alcor;2010;Demandantes;Ambos sexos;TOTAL;306,41666664;
Villalba del Alcor;2011;Demandantes;Hombres;De 16 a 29 años;38,75000001;
Villalba del Alcor;2011;Demandantes;Hombres;De 30 a 44 años;76,91666667;
Villalba del Alcor;2011;Demandantes;Hombres;De 45 a 64 años;90,25000001;
Villalba del Alcor;2011;Demandantes;Hombres;TOTAL;205,91666669;
Villalba del Alcor;2011;Demandantes;Mujeres;De 16 a 29 años;22,41666666;
Villalba del Alcor;2011;Demandantes;Mujeres;De 30 a 44 años;68,41666665;
Villalba del Alcor;2011;Demandantes;Mujeres;De 45 a 64 años;37,41666666;
Villalba del Alcor;2011;Demandantes;Mujeres;TOTAL;128,24999997;
Villalba del Alcor;2011;Demandantes;Ambos sexos;De 16 a 29 años;61,16666667;
Villalba del Alcor;2011;Demandantes;Ambos sexos;De 30 a 44 años;145,33333332;
Villalba del Alcor;2011;Demandantes;Ambos sexos;De 45 a 64 años;127,66666667;
Villalba del Alcor;2011;Demandantes;Ambos sexos;TOTAL;334,16666666;
Villalba del Alcor;2012;Demandantes;Hombres;De 16 a 29 años;46;
Villalba del Alcor;2012;Demandantes;Hombres;De 30 a 44 años;78,33333333;
Villalba del Alcor;2012;Demandantes;Hombres;De 45 a 64 años;93,5;
Villalba del Alcor;2012;Demandantes;Hombres;TOTAL;217,83333333;
Villalba del Alcor;2012;Demandantes;Mujeres;De 16 a 29 años;28,91666668;
Villalba del Alcor;2012;Demandantes;Mujeres;De 30 a 44 años;70,58333334;
Villalba del Alcor;2012;Demandantes;Mujeres;De 45 a 64 años;55;
Villalba del Alcor;2012;Demandantes;Mujeres;TOTAL;154,50000002;
Villalba del Alcor;2012;Demandantes;Ambos sexos;De 16 a 29 años;74,91666668;
Villalba del Alcor;2012;Demandantes;Ambos sexos;De 30 a 44 años;148,91666667;
Villalba del Alcor;2012;Demandantes;Ambos sexos;De 45 a 64 años;148,5;
Villalba del Alcor;2012;Demandantes;Ambos sexos;TOTAL;372,33333335;
Villanueva de las Cruces;2010;Demandantes;Hombres;De 16 a 29 años;7,16666667;
Villanueva de las Cruces;2010;Demandantes;Hombres;De 30 a 44 años;6;
Villanueva de las Cruces;2010;Demandantes;Hombres;De 45 a 64 años;10,08333335;
Villanueva de las Cruces;2010;Demandantes;Hombres;TOTAL;23,25000002;
Villanueva de las Cruces;2010;Demandantes;Mujeres;De 16 a 29 años;4,91666666;
Villanueva de las Cruces;2010;Demandantes;Mujeres;De 30 a 44 años;1,66666667;
Villanueva de las Cruces;2010;Demandantes;Mujeres;De 45 a 64 años;10,33333333;
Villanueva de las Cruces;2010;Demandantes;Mujeres;TOTAL;16,91666666;
Villanueva de las Cruces;2010;Demandantes;Ambos sexos;De 16 a 29 años;12,08333333;
Villanueva de las Cruces;2010;Demandantes;Ambos sexos;De 30 a 44 años;7,66666667;
Villanueva de las Cruces;2010;Demandantes;Ambos sexos;De 45 a 64 años;20,41666668;
Villanueva de las Cruces;2010;Demandantes;Ambos sexos;TOTAL;40,16666668;
Villanueva de las Cruces;2011;Demandantes;Hombres;De 16 a 29 años;10,66666666;
Villanueva de las Cruces;2011;Demandantes;Hombres;De 30 a 44 años;8,25;
Villanueva de las Cruces;2011;Demandantes;Hombres;De 45 a 64 años;12,75;
Villanueva de las Cruces;2011;Demandantes;Hombres;TOTAL;31,66666666;
Villanueva de las Cruces;2011;Demandantes;Mujeres;De 16 a 29 años;6,5;
Villanueva de las Cruces;2011;Demandantes;Mujeres;De 30 a 44 años;4,24999998;
Villanueva de las Cruces;2011;Demandantes;Mujeres;De 45 a 64 años;9,75000001;
Villanueva de las Cruces;2011;Demandantes;Mujeres;TOTAL;20,49999999;
Villanueva de las Cruces;2011;Demandantes;Ambos sexos;De 16 a 29 años;17,16666666;
Villanueva de las Cruces;2011;Demandantes;Ambos sexos;De 30 a 44 años;12,49999998;
Villanueva de las Cruces;2011;Demandantes;Ambos sexos;De 45 a 64 años;22,50000001;
Villanueva de las Cruces;2011;Demandantes;Ambos sexos;TOTAL;52,16666665;
Villanueva de las Cruces;2012;Demandantes;Hombres;De 16 a 29 años;11,50000001;
Villanueva de las Cruces;2012;Demandantes;Hombres;De 30 a 44 años;7,08333334;
Villanueva de las Cruces;2012;Demandantes;Hombres;De 45 a 64 años;12,83333334;
Villanueva de las Cruces;2012;Demandantes;Hombres;TOTAL;31,41666669;
Villanueva de las Cruces;2012;Demandantes;Mujeres;De 16 a 29 años;9,99999999;
Villanueva de las Cruces;2012;Demandantes;Mujeres;De 30 a 44 años;6,33333334;
Villanueva de las Cruces;2012;Demandantes;Mujeres;De 45 a 64 años;9,33333333;
Villanueva de las Cruces;2012;Demandantes;Mujeres;TOTAL;25,66666666;
Villanueva de las Cruces;2012;Demandantes;Ambos sexos;De 16 a 29 años;21,5;
Villanueva de las Cruces;2012;Demandantes;Ambos sexos;De 30 a 44 años;13,41666668;
Villanueva de las Cruces;2012;Demandantes;Ambos sexos;De 45 a 64 años;22,16666667;
Villanueva de las Cruces;2012;Demandantes;Ambos sexos;TOTAL;57,08333335;
Villanueva de los Castillejos;2010;Demandantes;Hombres;De 16 a 29 años;28,08333332;
Villanueva de los Castillejos;2010;Demandantes;Hombres;De 30 a 44 años;35,16666667;
Villanueva de los Castillejos;2010;Demandantes;Hombres;De 45 a 64 años;34,91666667;
Villanueva de los Castillejos;2010;Demandantes;Hombres;TOTAL;98,16666666;
Villanueva de los Castillejos;2010;Demandantes;Mujeres;De 16 a 29 años;25,91666666;
Villanueva de los Castillejos;2010;Demandantes;Mujeres;De 30 a 44 años;36,91666667;
Villanueva de los Castillejos;2010;Demandantes;Mujeres;De 45 a 64 años;22,58333333;
Villanueva de los Castillejos;2010;Demandantes;Mujeres;TOTAL;85,41666666;
Villanueva de los Castillejos;2010;Demandantes;Ambos sexos;De 16 a 29 años;53,99999998;
Villanueva de los Castillejos;2010;Demandantes;Ambos sexos;De 30 a 44 años;72,08333334;
Villanueva de los Castillejos;2010;Demandantes;Ambos sexos;De 45 a 64 años;57,5;
Villanueva de los Castillejos;2010;Demandantes;Ambos sexos;TOTAL;183,58333332;
Villanueva de los Castillejos;2011;Demandantes;Hombres;De 16 a 29 años;33,33333333;
Villanueva de los Castillejos;2011;Demandantes;Hombres;De 30 a 44 años;42,75000002;
Villanueva de los Castillejos;2011;Demandantes;Hombres;De 45 a 64 años;51,75;
Villanueva de los Castillejos;2011;Demandantes;Hombres;TOTAL;127,83333335;
Villanueva de los Castillejos;2011;Demandantes;Mujeres;De 16 a 29 años;33,75000001;
Villanueva de los Castillejos;2011;Demandantes;Mujeres;De 30 a 44 años;43,33333333;
Villanueva de los Castillejos;2011;Demandantes;Mujeres;De 45 a 64 años;30,83333334;
Villanueva de los Castillejos;2011;Demandantes;Mujeres;TOTAL;107,91666668;
Villanueva de los Castillejos;2011;Demandantes;Ambos sexos;De 16 a 29 años;67,08333334;
Villanueva de los Castillejos;2011;Demandantes;Ambos sexos;De 30 a 44 años;86,08333335;
Villanueva de los Castillejos;2011;Demandantes;Ambos sexos;De 45 a 64 años;82,58333334;
Villanueva de los Castillejos;2011;Demandantes;Ambos sexos;TOTAL;235,75000003;
Villanueva de los Castillejos;2012;Demandantes;Hombres;De 16 a 29 años;44,91666665;
Villanueva de los Castillejos;2012;Demandantes;Hombres;De 30 a 44 años;60,24999998;
Villanueva de los Castillejos;2012;Demandantes;Hombres;De 45 a 64 años;61,08333332;
Villanueva de los Castillejos;2012;Demandantes;Hombres;TOTAL;166,24999995;
Villanueva de los Castillejos;2012;Demandantes;Mujeres;De 16 a 29 años;50,08333332;
Villanueva de los Castillejos;2012;Demandantes;Mujeres;De 30 a 44 años;62,66666666;
Villanueva de los Castillejos;2012;Demandantes;Mujeres;De 45 a 64 años;39,33333332;
Villanueva de los Castillejos;2012;Demandantes;Mujeres;TOTAL;152,0833333;
Villanueva de los Castillejos;2012;Demandantes;Ambos sexos;De 16 a 29 años;94,99999997;
Villanueva de los Castillejos;2012;Demandantes;Ambos sexos;De 30 a 44 años;122,91666664;
Villanueva de los Castillejos;2012;Demandantes;Ambos sexos;De 45 a 64 años;100,41666664;
Villanueva de los Castillejos;2012;Demandantes;Ambos sexos;TOTAL;318,33333325;
Villarrasa;2010;Demandantes;Hombres;De 16 a 29 años;19,91666667;
Villarrasa;2010;Demandantes;Hombres;De 30 a 44 años;36,00000001;
Villarrasa;2010;Demandantes;Hombres;De 45 a 64 años;24,66666667;
Villarrasa;2010;Demandantes;Hombres;TOTAL;80,58333335;
Villarrasa;2010;Demandantes;Mujeres;De 16 a 29 años;14,25;
Villarrasa;2010;Demandantes;Mujeres;De 30 a 44 años;21,49999999;
Villarrasa;2010;Demandantes;Mujeres;De 45 a 64 años;20,16666666;
Villarrasa;2010;Demandantes;Mujeres;TOTAL;55,91666665;
Villarrasa;2010;Demandantes;Ambos sexos;De 16 a 29 años;34,16666667;
Villarrasa;2010;Demandantes;Ambos sexos;De 30 a 44 años;57,5;
Villarrasa;2010;Demandantes;Ambos sexos;De 45 a 64 años;44,83333333;
Villarrasa;2010;Demandantes;Ambos sexos;TOTAL;136,5;
Villarrasa;2011;Demandantes;Hombres;De 16 a 29 años;17,41666667;
Villarrasa;2011;Demandantes;Hombres;De 30 a 44 años;30,58333331;
Villarrasa;2011;Demandantes;Hombres;De 45 a 64 años;37,08333332;
Villarrasa;2011;Demandantes;Hombres;TOTAL;85,0833333;
Villarrasa;2011;Demandantes;Mujeres;De 16 a 29 años;16,5;
Villarrasa;2011;Demandantes;Mujeres;De 30 a 44 años;29,00000002;
Villarrasa;2011;Demandantes;Mujeres;De 45 a 64 años;17,49999999;
Villarrasa;2011;Demandantes;Mujeres;TOTAL;63,00000001;
Villarrasa;2011;Demandantes;Ambos sexos;De 16 a 29 años;33,91666667;
Villarrasa;2011;Demandantes;Ambos sexos;De 30 a 44 años;59,58333333;
Villarrasa;2011;Demandantes;Ambos sexos;De 45 a 64 años;54,58333331;
Villarrasa;2011;Demandantes;Ambos sexos;TOTAL;148,08333331;
Villarrasa;2012;Demandantes;Hombres;De 16 a 29 años;24,08333334;
Villarrasa;2012;Demandantes;Hombres;De 30 a 44 años;35,16666665;
Villarrasa;2012;Demandantes;Hombres;De 45 a 64 años;49,33333333;
Villarrasa;2012;Demandantes;Hombres;TOTAL;108,58333332;
Villarrasa;2012;Demandantes;Mujeres;De 16 a 29 años;19,83333335;
Villarrasa;2012;Demandantes;Mujeres;De 30 a 44 años;37,25000002;
Villarrasa;2012;Demandantes;Mujeres;De 45 a 64 años;20,91666667;
Villarrasa;2012;Demandantes;Mujeres;TOTAL;78,00000004;
Villarrasa;2012;Demandantes;Ambos sexos;De 16 a 29 años;43,91666669;
Villarrasa;2012;Demandantes;Ambos sexos;De 30 a 44 años;72,41666667;
Villarrasa;2012;Demandantes;Ambos sexos;De 45 a 64 años;70,25;
Villarrasa;2012;Demandantes;Ambos sexos;TOTAL;186,58333336;
Zalamea la Real;2010;Demandantes;Hombres;De 16 a 29 años;57,00000002;
Zalamea la Real;2010;Demandantes;Hombres;De 30 a 44 años;65,24999999;
Zalamea la Real;2010;Demandantes;Hombres;De 45 a 64 años;75,83333332;
Zalamea la Real;2010;Demandantes;Hombres;TOTAL;198,08333333;
Zalamea la Real;2010;Demandantes;Mujeres;De 16 a 29 años;43,99999999;
Zalamea la Real;2010;Demandantes;Mujeres;De 30 a 44 años;67,24999999;
Zalamea la Real;2010;Demandantes;Mujeres;De 45 a 64 años;66,58333335;
Zalamea la Real;2010;Demandantes;Mujeres;TOTAL;177,83333333;
Zalamea la Real;2010;Demandantes;Ambos sexos;De 16 a 29 años;101,00000001;
Zalamea la Real;2010;Demandantes;Ambos sexos;De 30 a 44 años;132,49999998;
Zalamea la Real;2010;Demandantes;Ambos sexos;De 45 a 64 años;142,41666667;
Zalamea la Real;2010;Demandantes;Ambos sexos;TOTAL;375,91666666;
Zalamea la Real;2011;Demandantes;Hombres;De 16 a 29 años;64,08333333;
Zalamea la Real;2011;Demandantes;Hombres;De 30 a 44 años;92,08333332;
Zalamea la Real;2011;Demandantes;Hombres;De 45 a 64 años;90,16666667;
Zalamea la Real;2011;Demandantes;Hombres;TOTAL;246,33333332;
Zalamea la Real;2011;Demandantes;Mujeres;De 16 a 29 años;49,41666667;
Zalamea la Real;2011;Demandantes;Mujeres;De 30 a 44 años;66,66666668;
Zalamea la Real;2011;Demandantes;Mujeres;De 45 a 64 años;72,41666667;
Zalamea la Real;2011;Demandantes;Mujeres;TOTAL;188,50000002;
Zalamea la Real;2011;Demandantes;Ambos sexos;De 16 a 29 años;113,5;
Zalamea la Real;2011;Demandantes;Ambos sexos;De 30 a 44 años;158,75;
Zalamea la Real;2011;Demandantes;Ambos sexos;De 45 a 64 años;162,58333334;
Zalamea la Real;2011;Demandantes;Ambos sexos;TOTAL;434,83333334;
Zalamea la Real;2012;Demandantes;Hombres;De 16 a 29 años;75,91666667;
Zalamea la Real;2012;Demandantes;Hombres;De 30 a 44 años;106,16666666;
Zalamea la Real;2012;Demandantes;Hombres;De 45 a 64 años;111,33333333;
Zalamea la Real;2012;Demandantes;Hombres;TOTAL;293,41666666;
Zalamea la Real;2012;Demandantes;Mujeres;De 16 a 29 años;55,75;
Zalamea la Real;2012;Demandantes;Mujeres;De 30 a 44 años;78,33333333;
Zalamea la Real;2012;Demandantes;Mujeres;De 45 a 64 años;89,41666666;
Zalamea la Real;2012;Demandantes;Mujeres;TOTAL;223,49999999;
Zalamea la Real;2012;Demandantes;Ambos sexos;De 16 a 29 años;131,66666667;
Zalamea la Real;2012;Demandantes;Ambos sexos;De 30 a 44 años;184,49999999;
Zalamea la Real;2012;Demandantes;Ambos sexos;De 45 a 64 años;200,74999999;
Zalamea la Real;2012;Demandantes;Ambos sexos;TOTAL;516,91666665;
Zufre;2010;Demandantes;Hombres;De 16 a 29 años;11,33333333;
Zufre;2010;Demandantes;Hombres;De 30 a 44 años;14,58333334;
Zufre;2010;Demandantes;Hombres;De 45 a 64 años;14,08333334;
Zufre;2010;Demandantes;Hombres;TOTAL;40,00000001;
Zufre;2010;Demandantes;Mujeres;De 16 a 29 años;17,83333334;
Zufre;2010;Demandantes;Mujeres;De 30 a 44 años;15,16666667;
Zufre;2010;Demandantes;Mujeres;De 45 a 64 años;12,83333335;
Zufre;2010;Demandantes;Mujeres;TOTAL;45,83333336;
Zufre;2010;Demandantes;Ambos sexos;De 16 a 29 años;29,16666667;
Zufre;2010;Demandantes;Ambos sexos;De 30 a 44 años;29,75000001;
Zufre;2010;Demandantes;Ambos sexos;De 45 a 64 años;26,91666669;
Zufre;2010;Demandantes;Ambos sexos;TOTAL;85,83333337;
Zufre;2011;Demandantes;Hombres;De 16 a 29 años;8,83333334;
Zufre;2011;Demandantes;Hombres;De 30 a 44 años;14,58333333;
Zufre;2011;Demandantes;Hombres;De 45 a 64 años;15,33333333;
Zufre;2011;Demandantes;Hombres;TOTAL;38,75;
Zufre;2011;Demandantes;Mujeres;De 16 a 29 años;22;
Zufre;2011;Demandantes;Mujeres;De 30 a 44 años;19,66666666;
Zufre;2011;Demandantes;Mujeres;De 45 a 64 años;14,75;
Zufre;2011;Demandantes;Mujeres;TOTAL;56,41666666;
Zufre;2011;Demandantes;Ambos sexos;De 16 a 29 años;30,83333334;
Zufre;2011;Demandantes;Ambos sexos;De 30 a 44 años;34,24999999;
Zufre;2011;Demandantes;Ambos sexos;De 45 a 64 años;30,08333333;
Zufre;2011;Demandantes;Ambos sexos;TOTAL;95,16666666;
Zufre;2012;Demandantes;Hombres;De 16 a 29 años;13,49999999;
Zufre;2012;Demandantes;Hombres;De 30 a 44 años;16,41666665;
Zufre;2012;Demandantes;Hombres;De 45 a 64 años;21,91666666;
Zufre;2012;Demandantes;Hombres;TOTAL;51,8333333;
Zufre;2012;Demandantes;Mujeres;De 16 a 29 años;26,41666668;
Zufre;2012;Demandantes;Mujeres;De 30 a 44 años;23,25000001;
Zufre;2012;Demandantes;Mujeres;De 45 a 64 años;16,25;
Zufre;2012;Demandantes;Mujeres;TOTAL;65,91666669;
Zufre;2012;Demandantes;Ambos sexos;De 16 a 29 años;39,91666667;
Zufre;2012;Demandantes;Ambos sexos;De 30 a 44 años;39,66666666;
Zufre;2012;Demandantes;Ambos sexos;De 45 a 64 años;38,16666666;
Zufre;2012;Demandantes;Ambos sexos;TOTAL;117,74999999;
Jaén;2010;Demandantes;Hombres;De 16 a 29 años;6518,1666664;
Jaén;2010;Demandantes;Hombres;De 30 a 44 años;8624,41666642;
Jaén;2010;Demandantes;Hombres;De 45 a 64 años;7088,41666656;
Jaén;2010;Demandantes;Hombres;TOTAL;22230,99999938;
Jaén;2010;Demandantes;Mujeres;De 16 a 29 años;6907,24999988;
Jaén;2010;Demandantes;Mujeres;De 30 a 44 años;11279,91666659;
Jaén;2010;Demandantes;Mujeres;De 45 a 64 años;9169,41666654;
Jaén;2010;Demandantes;Mujeres;TOTAL;27356,58333301;
Jaén;2010;Demandantes;Ambos sexos;De 16 a 29 años;13425,41666628;
Jaén;2010;Demandantes;Ambos sexos;De 30 a 44 años;19904,33333301;
Jaén;2010;Demandantes;Ambos sexos;De 45 a 64 años;16257,8333331;
Jaén;2010;Demandantes;Ambos sexos;TOTAL;49587,58333239;
Jaén;2011;Demandantes;Hombres;De 16 a 29 años;7330,3333331;
Jaén;2011;Demandantes;Hombres;De 30 a 44 años;9340,74999998;
Jaén;2011;Demandantes;Hombres;De 45 a 64 años;8458,49999987;
Jaén;2011;Demandantes;Hombres;TOTAL;25129,58333295;
Jaén;2011;Demandantes;Mujeres;De 16 a 29 años;7823,16666645;
Jaén;2011;Demandantes;Mujeres;De 30 a 44 años;11592,58333317;
Jaén;2011;Demandantes;Mujeres;De 45 a 64 años;9906,41666664;
Jaén;2011;Demandantes;Mujeres;TOTAL;29322,16666626;
Jaén;2011;Demandantes;Ambos sexos;De 16 a 29 años;15153,49999955;
Jaén;2011;Demandantes;Ambos sexos;De 30 a 44 años;20933,33333315;
Jaén;2011;Demandantes;Ambos sexos;De 45 a 64 años;18364,91666651;
Jaén;2011;Demandantes;Ambos sexos;TOTAL;54451,74999921;
Jaén;2012;Demandantes;Hombres;De 16 a 29 años;8536,24999973;
Jaén;2012;Demandantes;Hombres;De 30 a 44 años;10938,91666632;
Jaén;2012;Demandantes;Hombres;De 45 a 64 años;10862,5833332;
Jaén;2012;Demandantes;Hombres;TOTAL;30337,74999925;
Jaén;2012;Demandantes;Mujeres;De 16 a 29 años;9444,75000009;
Jaén;2012;Demandantes;Mujeres;De 30 a 44 años;12748,74999997;
Jaén;2012;Demandantes;Mujeres;De 45 a 64 años;11264,50000003;
Jaén;2012;Demandantes;Mujeres;TOTAL;33458,00000009;
Jaén;2012;Demandantes;Ambos sexos;De 16 a 29 años;17980,99999982;
Jaén;2012;Demandantes;Ambos sexos;De 30 a 44 años;23687,66666629;
Jaén;2012;Demandantes;Ambos sexos;De 45 a 64 años;22127,08333323;
Jaén;2012;Demandantes;Ambos sexos;TOTAL;63795,74999934;
Albanchez de Mágina;2010;Demandantes;Hombres;De 16 a 29 años;7,16666665;
Albanchez de Mágina;2010;Demandantes;Hombres;De 30 a 44 años;7,58333333;
Albanchez de Mágina;2010;Demandantes;Hombres;De 45 a 64 años;10,33333333;
Albanchez de Mágina;2010;Demandantes;Hombres;TOTAL;25,08333331;
Albanchez de Mágina;2010;Demandantes;Mujeres;De 16 a 29 años;6,41666668;
Albanchez de Mágina;2010;Demandantes;Mujeres;De 30 a 44 años;6,66666666;
Albanchez de Mágina;2010;Demandantes;Mujeres;De 45 a 64 años;3,33333333;
Albanchez de Mágina;2010;Demandantes;Mujeres;TOTAL;16,41666667;
Albanchez de Mágina;2010;Demandantes;Ambos sexos;De 16 a 29 años;13,58333333;
Albanchez de Mágina;2010;Demandantes;Ambos sexos;De 30 a 44 años;14,24999999;
Albanchez de Mágina;2010;Demandantes;Ambos sexos;De 45 a 64 años;13,66666666;
Albanchez de Mágina;2010;Demandantes;Ambos sexos;TOTAL;41,49999998;
Albanchez de Mágina;2011;Demandantes;Hombres;De 16 a 29 años;8,41666666;
Albanchez de Mágina;2011;Demandantes;Hombres;De 30 a 44 años;6,33333333;
Albanchez de Mágina;2011;Demandantes;Hombres;De 45 a 64 años;11,49999999;
Albanchez de Mágina;2011;Demandantes;Hombres;TOTAL;26,24999998;
Albanchez de Mágina;2011;Demandantes;Mujeres;De 16 a 29 años;6,41666666;
Albanchez de Mágina;2011;Demandantes;Mujeres;De 30 a 44 años;6;
Albanchez de Mágina;2011;Demandantes;Mujeres;De 45 a 64 años;5,99999999;
Albanchez de Mágina;2011;Demandantes;Mujeres;TOTAL;18,41666665;
Albanchez de Mágina;2011;Demandantes;Ambos sexos;De 16 a 29 años;14,83333332;
Albanchez de Mágina;2011;Demandantes;Ambos sexos;De 30 a 44 años;12,33333333;
Albanchez de Mágina;2011;Demandantes;Ambos sexos;De 45 a 64 años;17,49999998;
Albanchez de Mágina;2011;Demandantes;Ambos sexos;TOTAL;44,66666663;
Albanchez de Mágina;2012;Demandantes;Hombres;De 16 a 29 años;10,83333333;
Albanchez de Mágina;2012;Demandantes;Hombres;De 30 a 44 años;6,5;
Albanchez de Mágina;2012;Demandantes;Hombres;De 45 a 64 años;14,66666667;
Albanchez de Mágina;2012;Demandantes;Hombres;TOTAL;32;
Albanchez de Mágina;2012;Demandantes;Mujeres;De 16 a 29 años;8,16666667;
Albanchez de Mágina;2012;Demandantes;Mujeres;De 30 a 44 años;5,25;
Albanchez de Mágina;2012;Demandantes;Mujeres;De 45 a 64 años;9,83333334;
Albanchez de Mágina;2012;Demandantes;Mujeres;TOTAL;23,25000001;
Albanchez de Mágina;2012;Demandantes;Ambos sexos;De 16 a 29 años;19;
Albanchez de Mágina;2012;Demandantes;Ambos sexos;De 30 a 44 años;11,75;
Albanchez de Mágina;2012;Demandantes;Ambos sexos;De 45 a 64 años;24,50000001;
Albanchez de Mágina;2012;Demandantes;Ambos sexos;TOTAL;55,25000001;
Alcalá la Real;2010;Demandantes;Hombres;De 16 a 29 años;128,58333333;
Alcalá la Real;2010;Demandantes;Hombres;De 30 a 44 años;212,41666667;
Alcalá la Real;2010;Demandantes;Hombres;De 45 a 64 años;143,83333332;
Alcalá la Real;2010;Demandantes;Hombres;TOTAL;484,83333332;
Alcalá la Real;2010;Demandantes;Mujeres;De 16 a 29 años;160,91666665;
Alcalá la Real;2010;Demandantes;Mujeres;De 30 a 44 años;293,83333333;
Alcalá la Real;2010;Demandantes;Mujeres;De 45 a 64 años;148,33333332;
Alcalá la Real;2010;Demandantes;Mujeres;TOTAL;603,0833333;
Alcalá la Real;2010;Demandantes;Ambos sexos;De 16 a 29 años;289,49999998;
Alcalá la Real;2010;Demandantes;Ambos sexos;De 30 a 44 años;506,25;
Alcalá la Real;2010;Demandantes;Ambos sexos;De 45 a 64 años;292,16666664;
Alcalá la Real;2010;Demandantes;Ambos sexos;TOTAL;1087,91666662;
Alcalá la Real;2011;Demandantes;Hombres;De 16 a 29 años;159,25;
Alcalá la Real;2011;Demandantes;Hombres;De 30 a 44 años;244,08333333;
Alcalá la Real;2011;Demandantes;Hombres;De 45 a 64 años;173,33333331;
Alcalá la Real;2011;Demandantes;Hombres;TOTAL;576,66666664;
Alcalá la Real;2011;Demandantes;Mujeres;De 16 a 29 años;190,16666664;
Alcalá la Real;2011;Demandantes;Mujeres;De 30 a 44 años;297,33333334;
Alcalá la Real;2011;Demandantes;Mujeres;De 45 a 64 años;157,75000003;
Alcalá la Real;2011;Demandantes;Mujeres;TOTAL;645,25000001;
Alcalá la Real;2011;Demandantes;Ambos sexos;De 16 a 29 años;349,41666664;
Alcalá la Real;2011;Demandantes;Ambos sexos;De 30 a 44 años;541,41666667;
Alcalá la Real;2011;Demandantes;Ambos sexos;De 45 a 64 años;331,08333334;
Alcalá la Real;2011;Demandantes;Ambos sexos;TOTAL;1221,91666665;
Alcalá la Real;2012;Demandantes;Hombres;De 16 a 29 años;208,16666666;
Alcalá la Real;2012;Demandantes;Hombres;De 30 a 44 años;282,16666666;
Alcalá la Real;2012;Demandantes;Hombres;De 45 a 64 años;218,74999998;
Alcalá la Real;2012;Demandantes;Hombres;TOTAL;709,0833333;
Alcalá la Real;2012;Demandantes;Mujeres;De 16 a 29 años;242,16666667;
Alcalá la Real;2012;Demandantes;Mujeres;De 30 a 44 años;330,58333334;
Alcalá la Real;2012;Demandantes;Mujeres;De 45 a 64 años;186,49999998;
Alcalá la Real;2012;Demandantes;Mujeres;TOTAL;759,24999999;
Alcalá la Real;2012;Demandantes;Ambos sexos;De 16 a 29 años;450,33333333;
Alcalá la Real;2012;Demandantes;Ambos sexos;De 30 a 44 años;612,75;
Alcalá la Real;2012;Demandantes;Ambos sexos;De 45 a 64 años;405,24999996;
Alcalá la Real;2012;Demandantes;Ambos sexos;TOTAL;1468,33333329;
Alcaudete;2010;Demandantes;Hombres;De 16 a 29 años;91,83333335;
Alcaudete;2010;Demandantes;Hombres;De 30 a 44 años;108,5;
Alcaudete;2010;Demandantes;Hombres;De 45 a 64 años;61,66666669;
Alcaudete;2010;Demandantes;Hombres;TOTAL;262,00000004;
Alcaudete;2010;Demandantes;Mujeres;De 16 a 29 años;101,58333332;
Alcaudete;2010;Demandantes;Mujeres;De 30 a 44 años;127,50000001;
Alcaudete;2010;Demandantes;Mujeres;De 45 a 64 años;49,08333332;
Alcaudete;2010;Demandantes;Mujeres;TOTAL;278,16666665;
Alcaudete;2010;Demandantes;Ambos sexos;De 16 a 29 años;193,41666667;
Alcaudete;2010;Demandantes;Ambos sexos;De 30 a 44 años;236,00000001;
Alcaudete;2010;Demandantes;Ambos sexos;De 45 a 64 años;110,75000001;
Alcaudete;2010;Demandantes;Ambos sexos;TOTAL;540,16666669;
Alcaudete;2011;Demandantes;Hombres;De 16 a 29 años;118,33333334;
Alcaudete;2011;Demandantes;Hombres;De 30 a 44 años;122,25;
Alcaudete;2011;Demandantes;Hombres;De 45 a 64 años;87,16666665;
Alcaudete;2011;Demandantes;Hombres;TOTAL;327,74999999;
Alcaudete;2011;Demandantes;Mujeres;De 16 a 29 años;122,24999998;
Alcaudete;2011;Demandantes;Mujeres;De 30 a 44 años;140,74999999;
Alcaudete;2011;Demandantes;Mujeres;De 45 a 64 años;56,66666665;
Alcaudete;2011;Demandantes;Mujeres;TOTAL;319,66666662;
Alcaudete;2011;Demandantes;Ambos sexos;De 16 a 29 años;240,58333332;
Alcaudete;2011;Demandantes;Ambos sexos;De 30 a 44 años;262,99999999;
Alcaudete;2011;Demandantes;Ambos sexos;De 45 a 64 años;143,8333333;
Alcaudete;2011;Demandantes;Ambos sexos;TOTAL;647,41666661;
Alcaudete;2012;Demandantes;Hombres;De 16 a 29 años;146,50000001;
Alcaudete;2012;Demandantes;Hombres;De 30 a 44 años;144,83333333;
Alcaudete;2012;Demandantes;Hombres;De 45 a 64 años;113,33333331;
Alcaudete;2012;Demandantes;Hombres;TOTAL;404,66666665;
Alcaudete;2012;Demandantes;Mujeres;De 16 a 29 años;169,41666668;
Alcaudete;2012;Demandantes;Mujeres;De 30 a 44 años;149,66666667;
Alcaudete;2012;Demandantes;Mujeres;De 45 a 64 años;72,99999999;
Alcaudete;2012;Demandantes;Mujeres;TOTAL;392,08333334;
Alcaudete;2012;Demandantes;Ambos sexos;De 16 a 29 años;315,91666669;
Alcaudete;2012;Demandantes;Ambos sexos;De 30 a 44 años;294,5;
Alcaudete;2012;Demandantes;Ambos sexos;De 45 a 64 años;186,3333333;
Alcaudete;2012;Demandantes;Ambos sexos;TOTAL;796,74999999;
Aldeaquemada;2010;Demandantes;Hombres;De 16 a 29 años;2,83333334;
Aldeaquemada;2010;Demandantes;Hombres;De 30 a 44 años;3,08333333;
Aldeaquemada;2010;Demandantes;Hombres;De 45 a 64 años;2;
Aldeaquemada;2010;Demandantes;Hombres;TOTAL;7,91666667;
Aldeaquemada;2010;Demandantes;Mujeres;De 16 a 29 años;0,91666666;
Aldeaquemada;2010;Demandantes;Mujeres;De 30 a 44 años;9,08333333;
Aldeaquemada;2010;Demandantes;Mujeres;De 45 a 64 años;5,66666667;
Aldeaquemada;2010;Demandantes;Mujeres;TOTAL;15,66666666;
Aldeaquemada;2010;Demandantes;Ambos sexos;De 16 a 29 años;3,75;
Aldeaquemada;2010;Demandantes;Ambos sexos;De 30 a 44 años;12,16666666;
Aldeaquemada;2010;Demandantes;Ambos sexos;De 45 a 64 años;7,66666667;
Aldeaquemada;2010;Demandantes;Ambos sexos;TOTAL;23,58333333;
Aldeaquemada;2011;Demandantes;Hombres;De 16 a 29 años;3,83333333;
Aldeaquemada;2011;Demandantes;Hombres;De 30 a 44 años;2,91666667;
Aldeaquemada;2011;Demandantes;Hombres;De 45 a 64 años;2,24999999;
Aldeaquemada;2011;Demandantes;Hombres;TOTAL;8,99999999;
Aldeaquemada;2011;Demandantes;Mujeres;De 16 a 29 años;2;
Aldeaquemada;2011;Demandantes;Mujeres;De 30 a 44 años;9,83333332;
Aldeaquemada;2011;Demandantes;Mujeres;De 45 a 64 años;7,25000001;
Aldeaquemada;2011;Demandantes;Mujeres;TOTAL;19,08333333;
Aldeaquemada;2011;Demandantes;Ambos sexos;De 16 a 29 años;5,83333333;
Aldeaquemada;2011;Demandantes;Ambos sexos;De 30 a 44 años;12,74999999;
Aldeaquemada;2011;Demandantes;Ambos sexos;De 45 a 64 años;9,5;
Aldeaquemada;2011;Demandantes;Ambos sexos;TOTAL;28,08333332;
Aldeaquemada;2012;Demandantes;Hombres;De 16 a 29 años;6,91666667;
Aldeaquemada;2012;Demandantes;Hombres;De 30 a 44 años;4,08333333;
Aldeaquemada;2012;Demandantes;Hombres;De 45 a 64 años;2,91666667;
Aldeaquemada;2012;Demandantes;Hombres;TOTAL;13,91666667;
Aldeaquemada;2012;Demandantes;Mujeres;De 16 a 29 años;3,41666667;
Aldeaquemada;2012;Demandantes;Mujeres;De 30 a 44 años;7,91666666;
Aldeaquemada;2012;Demandantes;Mujeres;De 45 a 64 años;8,16666668;
Aldeaquemada;2012;Demandantes;Mujeres;TOTAL;19,50000001;
Aldeaquemada;2012;Demandantes;Ambos sexos;De 16 a 29 años;10,33333334;
Aldeaquemada;2012;Demandantes;Ambos sexos;De 30 a 44 años;11,99999999;
Aldeaquemada;2012;Demandantes;Ambos sexos;De 45 a 64 años;11,08333335;
Aldeaquemada;2012;Demandantes;Ambos sexos;TOTAL;33,41666668;
Andújar;2010;Demandantes;Hombres;De 16 a 29 años;494,58333331;
Andújar;2010;Demandantes;Hombres;De 30 a 44 años;707,41666665;
Andújar;2010;Demandantes;Hombres;De 45 a 64 años;582,83333335;
Andújar;2010;Demandantes;Hombres;TOTAL;1784,83333331;
Andújar;2010;Demandantes;Mujeres;De 16 a 29 años;516,83333334;
Andújar;2010;Demandantes;Mujeres;De 30 a 44 años;882,16666666;
Andújar;2010;Demandantes;Mujeres;De 45 a 64 años;782,33333333;
Andújar;2010;Demandantes;Mujeres;TOTAL;2181,33333333;
Andújar;2010;Demandantes;Ambos sexos;De 16 a 29 años;1011,41666665;
Andújar;2010;Demandantes;Ambos sexos;De 30 a 44 años;1589,58333331;
Andújar;2010;Demandantes;Ambos sexos;De 45 a 64 años;1365,16666668;
Andújar;2010;Demandantes;Ambos sexos;TOTAL;3966,16666664;
Andújar;2011;Demandantes;Hombres;De 16 a 29 años;510,25;
Andújar;2011;Demandantes;Hombres;De 30 a 44 años;756,25000002;
Andújar;2011;Demandantes;Hombres;De 45 a 64 años;633,41666663;
Andújar;2011;Demandantes;Hombres;TOTAL;1899,91666665;
Andújar;2011;Demandantes;Mujeres;De 16 a 29 años;555,58333332;
Andújar;2011;Demandantes;Mujeres;De 30 a 44 años;921,41666664;
Andújar;2011;Demandantes;Mujeres;De 45 a 64 años;876,58333336;
Andújar;2011;Demandantes;Mujeres;TOTAL;2353,58333332;
Andújar;2011;Demandantes;Ambos sexos;De 16 a 29 años;1065,83333332;
Andújar;2011;Demandantes;Ambos sexos;De 30 a 44 años;1677,66666666;
Andújar;2011;Demandantes;Ambos sexos;De 45 a 64 años;1509,99999999;
Andújar;2011;Demandantes;Ambos sexos;TOTAL;4253,49999997;
Andújar;2012;Demandantes;Hombres;De 16 a 29 años;519,49999998;
Andújar;2012;Demandantes;Hombres;De 30 a 44 años;833,99999999;
Andújar;2012;Demandantes;Hombres;De 45 a 64 años;799,5;
Andújar;2012;Demandantes;Hombres;TOTAL;2152,99999997;
Andújar;2012;Demandantes;Mujeres;De 16 a 29 años;634,33333334;
Andújar;2012;Demandantes;Mujeres;De 30 a 44 años;986,99999999;
Andújar;2012;Demandantes;Mujeres;De 45 a 64 años;1006,83333334;
Andújar;2012;Demandantes;Mujeres;TOTAL;2628,16666667;
Andújar;2012;Demandantes;Ambos sexos;De 16 a 29 años;1153,83333332;
Andújar;2012;Demandantes;Ambos sexos;De 30 a 44 años;1820,99999998;
Andújar;2012;Demandantes;Ambos sexos;De 45 a 64 años;1806,33333334;
Andújar;2012;Demandantes;Ambos sexos;TOTAL;4781,16666664;
Arjona;2010;Demandantes;Hombres;De 16 a 29 años;44,83333332;
Arjona;2010;Demandantes;Hombres;De 30 a 44 años;53,66666666;
Arjona;2010;Demandantes;Hombres;De 45 a 64 años;51,99999999;
Arjona;2010;Demandantes;Hombres;TOTAL;150,49999997;
Arjona;2010;Demandantes;Mujeres;De 16 a 29 años;47,41666666;
Arjona;2010;Demandantes;Mujeres;De 30 a 44 años;43,91666664;
Arjona;2010;Demandantes;Mujeres;De 45 a 64 años;21,16666667;
Arjona;2010;Demandantes;Mujeres;TOTAL;112,49999997;
Arjona;2010;Demandantes;Ambos sexos;De 16 a 29 años;92,24999998;
Arjona;2010;Demandantes;Ambos sexos;De 30 a 44 años;97,5833333;
Arjona;2010;Demandantes;Ambos sexos;De 45 a 64 años;73,16666666;
Arjona;2010;Demandantes;Ambos sexos;TOTAL;262,99999994;
Arjona;2011;Demandantes;Hombres;De 16 a 29 años;58,25000002;
Arjona;2011;Demandantes;Hombres;De 30 a 44 años;75,33333334;
Arjona;2011;Demandantes;Hombres;De 45 a 64 años;59;
Arjona;2011;Demandantes;Hombres;TOTAL;192,58333336;
Arjona;2011;Demandantes;Mujeres;De 16 a 29 años;47,66666668;
Arjona;2011;Demandantes;Mujeres;De 30 a 44 años;40,58333333;
Arjona;2011;Demandantes;Mujeres;De 45 a 64 años;23,66666666;
Arjona;2011;Demandantes;Mujeres;TOTAL;111,91666667;
Arjona;2011;Demandantes;Ambos sexos;De 16 a 29 años;105,9166667;
Arjona;2011;Demandantes;Ambos sexos;De 30 a 44 años;115,91666667;
Arjona;2011;Demandantes;Ambos sexos;De 45 a 64 años;82,66666666;
Arjona;2011;Demandantes;Ambos sexos;TOTAL;304,50000003;
Arjona;2012;Demandantes;Hombres;De 16 a 29 años;53,58333333;
Arjona;2012;Demandantes;Hombres;De 30 a 44 años;79,66666665;
Arjona;2012;Demandantes;Hombres;De 45 a 64 años;76,16666665;
Arjona;2012;Demandantes;Hombres;TOTAL;209,41666663;
Arjona;2012;Demandantes;Mujeres;De 16 a 29 años;67,83333332;
Arjona;2012;Demandantes;Mujeres;De 30 a 44 años;44,33333332;
Arjona;2012;Demandantes;Mujeres;De 45 a 64 años;36,66666667;
Arjona;2012;Demandantes;Mujeres;TOTAL;148,83333331;
Arjona;2012;Demandantes;Ambos sexos;De 16 a 29 años;121,41666665;
Arjona;2012;Demandantes;Ambos sexos;De 30 a 44 años;123,99999997;
Arjona;2012;Demandantes;Ambos sexos;De 45 a 64 años;112,83333332;
Arjona;2012;Demandantes;Ambos sexos;TOTAL;358,24999994;
Arjonilla;2010;Demandantes;Hombres;De 16 a 29 años;29,58333333;
Arjonilla;2010;Demandantes;Hombres;De 30 a 44 años;31,41666666;
Arjonilla;2010;Demandantes;Hombres;De 45 a 64 años;26,83333334;
Arjonilla;2010;Demandantes;Hombres;TOTAL;87,83333333;
Arjonilla;2010;Demandantes;Mujeres;De 16 a 29 años;21,91666667;
Arjonilla;2010;Demandantes;Mujeres;De 30 a 44 años;25,83333336;
Arjonilla;2010;Demandantes;Mujeres;De 45 a 64 años;7,75;
Arjonilla;2010;Demandantes;Mujeres;TOTAL;55,50000003;
Arjonilla;2010;Demandantes;Ambos sexos;De 16 a 29 años;51,5;
Arjonilla;2010;Demandantes;Ambos sexos;De 30 a 44 años;57,25000002;
Arjonilla;2010;Demandantes;Ambos sexos;De 45 a 64 años;34,58333334;
Arjonilla;2010;Demandantes;Ambos sexos;TOTAL;143,33333336;
Arjonilla;2011;Demandantes;Hombres;De 16 a 29 años;38,5;
Arjonilla;2011;Demandantes;Hombres;De 30 a 44 años;34,3333333;
Arjonilla;2011;Demandantes;Hombres;De 45 a 64 años;29,58333334;
Arjonilla;2011;Demandantes;Hombres;TOTAL;102,41666664;
Arjonilla;2011;Demandantes;Mujeres;De 16 a 29 años;32,75000001;
Arjonilla;2011;Demandantes;Mujeres;De 30 a 44 años;22,33333333;
Arjonilla;2011;Demandantes;Mujeres;De 45 a 64 años;9,16666667;
Arjonilla;2011;Demandantes;Mujeres;TOTAL;64,25000001;
Arjonilla;2011;Demandantes;Ambos sexos;De 16 a 29 años;71,25000001;
Arjonilla;2011;Demandantes;Ambos sexos;De 30 a 44 años;56,66666663;
Arjonilla;2011;Demandantes;Ambos sexos;De 45 a 64 años;38,75000001;
Arjonilla;2011;Demandantes;Ambos sexos;TOTAL;166,66666665;
Arjonilla;2012;Demandantes;Hombres;De 16 a 29 años;30,75;
Arjonilla;2012;Demandantes;Hombres;De 30 a 44 años;35;
Arjonilla;2012;Demandantes;Hombres;De 45 a 64 años;38,66666666;
Arjonilla;2012;Demandantes;Hombres;TOTAL;104,41666666;
Arjonilla;2012;Demandantes;Mujeres;De 16 a 29 años;35,16666668;
Arjonilla;2012;Demandantes;Mujeres;De 30 a 44 años;22,66666667;
Arjonilla;2012;Demandantes;Mujeres;De 45 a 64 años;11,91666667;
Arjonilla;2012;Demandantes;Mujeres;TOTAL;69,75000002;
Arjonilla;2012;Demandantes;Ambos sexos;De 16 a 29 años;65,91666668;
Arjonilla;2012;Demandantes;Ambos sexos;De 30 a 44 años;57,66666667;
Arjonilla;2012;Demandantes;Ambos sexos;De 45 a 64 años;50,58333333;
Arjonilla;2012;Demandantes;Ambos sexos;TOTAL;174,16666668;
Arquillos;2010;Demandantes;Hombres;De 16 a 29 años;15,50000002;
Arquillos;2010;Demandantes;Hombres;De 30 a 44 años;24,58333331;
Arquillos;2010;Demandantes;Hombres;De 45 a 64 años;29,25;
Arquillos;2010;Demandantes;Hombres;TOTAL;69,33333333;
Arquillos;2010;Demandantes;Mujeres;De 16 a 29 años;18,91666666;
Arquillos;2010;Demandantes;Mujeres;De 30 a 44 años;12,25000001;
Arquillos;2010;Demandantes;Mujeres;De 45 a 64 años;9,00000001;
Arquillos;2010;Demandantes;Mujeres;TOTAL;40,16666668;
Arquillos;2010;Demandantes;Ambos sexos;De 16 a 29 años;34,41666668;
Arquillos;2010;Demandantes;Ambos sexos;De 30 a 44 años;36,83333332;
Arquillos;2010;Demandantes;Ambos sexos;De 45 a 64 años;38,25000001;
Arquillos;2010;Demandantes;Ambos sexos;TOTAL;109,50000001;
Arquillos;2011;Demandantes;Hombres;De 16 a 29 años;20,08333332;
Arquillos;2011;Demandantes;Hombres;De 30 a 44 años;33,83333335;
Arquillos;2011;Demandantes;Hombres;De 45 a 64 años;43,83333332;
Arquillos;2011;Demandantes;Hombres;TOTAL;97,74999999;
Arquillos;2011;Demandantes;Mujeres;De 16 a 29 años;25,50000001;
Arquillos;2011;Demandantes;Mujeres;De 30 a 44 años;15,24999999;
Arquillos;2011;Demandantes;Mujeres;De 45 a 64 años;11,00000001;
Arquillos;2011;Demandantes;Mujeres;TOTAL;51,75000001;
Arquillos;2011;Demandantes;Ambos sexos;De 16 a 29 años;45,58333333;
Arquillos;2011;Demandantes;Ambos sexos;De 30 a 44 años;49,08333334;
Arquillos;2011;Demandantes;Ambos sexos;De 45 a 64 años;54,83333333;
Arquillos;2011;Demandantes;Ambos sexos;TOTAL;149,5;
Arquillos;2012;Demandantes;Hombres;De 16 a 29 años;31,66666667;
Arquillos;2012;Demandantes;Hombres;De 30 a 44 años;45,91666667;
Arquillos;2012;Demandantes;Hombres;De 45 a 64 años;45,08333334;
Arquillos;2012;Demandantes;Hombres;TOTAL;122,66666668;
Arquillos;2012;Demandantes;Mujeres;De 16 a 29 años;24,91666667;
Arquillos;2012;Demandantes;Mujeres;De 30 a 44 años;15,33333334;
Arquillos;2012;Demandantes;Mujeres;De 45 a 64 años;15,5;
Arquillos;2012;Demandantes;Mujeres;TOTAL;55,75000001;
Arquillos;2012;Demandantes;Ambos sexos;De 16 a 29 años;56,58333334;
Arquillos;2012;Demandantes;Ambos sexos;De 30 a 44 años;61,25000001;
Arquillos;2012;Demandantes;Ambos sexos;De 45 a 64 años;60,58333334;
Arquillos;2012;Demandantes;Ambos sexos;TOTAL;178,41666669;
Arroyo del Ojanco;2010;Demandantes;Hombres;De 16 a 29 años;11,08333335;
Arroyo del Ojanco;2010;Demandantes;Hombres;De 30 a 44 años;10,58333333;
Arroyo del Ojanco;2010;Demandantes;Hombres;De 45 a 64 años;12,91666666;
Arroyo del Ojanco;2010;Demandantes;Hombres;TOTAL;34,58333334;
Arroyo del Ojanco;2010;Demandantes;Mujeres;De 16 a 29 años;13,83333334;
Arroyo del Ojanco;2010;Demandantes;Mujeres;De 30 a 44 años;23,50000001;
Arroyo del Ojanco;2010;Demandantes;Mujeres;De 45 a 64 años;11,49999998;
Arroyo del Ojanco;2010;Demandantes;Mujeres;TOTAL;48,83333333;
Arroyo del Ojanco;2010;Demandantes;Ambos sexos;De 16 a 29 años;24,91666669;
Arroyo del Ojanco;2010;Demandantes;Ambos sexos;De 30 a 44 años;34,08333334;
Arroyo del Ojanco;2010;Demandantes;Ambos sexos;De 45 a 64 años;24,41666664;
Arroyo del Ojanco;2010;Demandantes;Ambos sexos;TOTAL;83,41666667;
Arroyo del Ojanco;2011;Demandantes;Hombres;De 16 a 29 años;9,25;
Arroyo del Ojanco;2011;Demandantes;Hombres;De 30 a 44 años;19,75;
Arroyo del Ojanco;2011;Demandantes;Hombres;De 45 a 64 años;14,24999999;
Arroyo del Ojanco;2011;Demandantes;Hombres;TOTAL;43,24999999;
Arroyo del Ojanco;2011;Demandantes;Mujeres;De 16 a 29 años;13,41666666;
Arroyo del Ojanco;2011;Demandantes;Mujeres;De 30 a 44 años;21,91666667;
Arroyo del Ojanco;2011;Demandantes;Mujeres;De 45 a 64 años;11,75000001;
Arroyo del Ojanco;2011;Demandantes;Mujeres;TOTAL;47,08333334;
Arroyo del Ojanco;2011;Demandantes;Ambos sexos;De 16 a 29 años;22,66666666;
Arroyo del Ojanco;2011;Demandantes;Ambos sexos;De 30 a 44 años;41,66666667;
Arroyo del Ojanco;2011;Demandantes;Ambos sexos;De 45 a 64 años;26;
Arroyo del Ojanco;2011;Demandantes;Ambos sexos;TOTAL;90,33333333;
Arroyo del Ojanco;2012;Demandantes;Hombres;De 16 a 29 años;14,58333332;
Arroyo del Ojanco;2012;Demandantes;Hombres;De 30 a 44 años;22,33333333;
Arroyo del Ojanco;2012;Demandantes;Hombres;De 45 a 64 años;20,25;
Arroyo del Ojanco;2012;Demandantes;Hombres;TOTAL;57,16666665;
Arroyo del Ojanco;2012;Demandantes;Mujeres;De 16 a 29 años;21,25000001;
Arroyo del Ojanco;2012;Demandantes;Mujeres;De 30 a 44 años;30,50000001;
Arroyo del Ojanco;2012;Demandantes;Mujeres;De 45 a 64 años;14,33333334;
Arroyo del Ojanco;2012;Demandantes;Mujeres;TOTAL;66,08333336;
Arroyo del Ojanco;2012;Demandantes;Ambos sexos;De 16 a 29 años;35,83333333;
Arroyo del Ojanco;2012;Demandantes;Ambos sexos;De 30 a 44 años;52,83333334;
Arroyo del Ojanco;2012;Demandantes;Ambos sexos;De 45 a 64 años;34,58333334;
Arroyo del Ojanco;2012;Demandantes;Ambos sexos;TOTAL;123,25000001;
Baeza;2010;Demandantes;Hombres;De 16 a 29 años;127,08333332;
Baeza;2010;Demandantes;Hombres;De 30 a 44 años;167,91666665;
Baeza;2010;Demandantes;Hombres;De 45 a 64 años;148,08333334;
Baeza;2010;Demandantes;Hombres;TOTAL;443,08333331;
Baeza;2010;Demandantes;Mujeres;De 16 a 29 años;155,74999998;
Baeza;2010;Demandantes;Mujeres;De 30 a 44 años;276,58333334;
Baeza;2010;Demandantes;Mujeres;De 45 a 64 años;225,24999999;
Baeza;2010;Demandantes;Mujeres;TOTAL;657,58333331;
Baeza;2010;Demandantes;Ambos sexos;De 16 a 29 años;282,8333333;
Baeza;2010;Demandantes;Ambos sexos;De 30 a 44 años;444,49999999;
Baeza;2010;Demandantes;Ambos sexos;De 45 a 64 años;373,33333333;
Baeza;2010;Demandantes;Ambos sexos;TOTAL;1100,66666662;
Baeza;2011;Demandantes;Hombres;De 16 a 29 años;171,49999999;
Baeza;2011;Demandantes;Hombres;De 30 a 44 años;169,99999997;
Baeza;2011;Demandantes;Hombres;De 45 a 64 años;173,49999998;
Baeza;2011;Demandantes;Hombres;TOTAL;514,99999994;
Baeza;2011;Demandantes;Mujeres;De 16 a 29 años;197,41666665;
Baeza;2011;Demandantes;Mujeres;De 30 a 44 años;302,25;
Baeza;2011;Demandantes;Mujeres;De 45 a 64 años;250,83333333;
Baeza;2011;Demandantes;Mujeres;TOTAL;750,49999998;
Baeza;2011;Demandantes;Ambos sexos;De 16 a 29 años;368,91666664;
Baeza;2011;Demandantes;Ambos sexos;De 30 a 44 años;472,24999997;
Baeza;2011;Demandantes;Ambos sexos;De 45 a 64 años;424,33333331;
Baeza;2011;Demandantes;Ambos sexos;TOTAL;1265,49999992;
Baeza;2012;Demandantes;Hombres;De 16 a 29 años;183,41666669;
Baeza;2012;Demandantes;Hombres;De 30 a 44 años;202,41666667;
Baeza;2012;Demandantes;Hombres;De 45 a 64 años;227,91666667;
Baeza;2012;Demandantes;Hombres;TOTAL;613,75000003;
Baeza;2012;Demandantes;Mujeres;De 16 a 29 años;210,41666667;
Baeza;2012;Demandantes;Mujeres;De 30 a 44 años;318,66666666;
Baeza;2012;Demandantes;Mujeres;De 45 a 64 años;276,91666667;
Baeza;2012;Demandantes;Mujeres;TOTAL;806;
Baeza;2012;Demandantes;Ambos sexos;De 16 a 29 años;393,83333336;
Baeza;2012;Demandantes;Ambos sexos;De 30 a 44 años;521,08333333;
Baeza;2012;Demandantes;Ambos sexos;De 45 a 64 años;504,83333334;
Baeza;2012;Demandantes;Ambos sexos;TOTAL;1419,75000003;
Bailén;2010;Demandantes;Hombres;De 16 a 29 años;270,50000001;
Bailén;2010;Demandantes;Hombres;De 30 a 44 años;346,50000002;
Bailén;2010;Demandantes;Hombres;De 45 a 64 años;321,0833333;
Bailén;2010;Demandantes;Hombres;TOTAL;938,08333333;
Bailén;2010;Demandantes;Mujeres;De 16 a 29 años;262,08333333;
Bailén;2010;Demandantes;Mujeres;De 30 a 44 años;492,83333332;
Bailén;2010;Demandantes;Mujeres;De 45 a 64 años;560,91666668;
Bailén;2010;Demandantes;Mujeres;TOTAL;1315,83333333;
Bailén;2010;Demandantes;Ambos sexos;De 16 a 29 años;532,58333334;
Bailén;2010;Demandantes;Ambos sexos;De 30 a 44 años;839,33333334;
Bailén;2010;Demandantes;Ambos sexos;De 45 a 64 años;881,99999998;
Bailén;2010;Demandantes;Ambos sexos;TOTAL;2253,91666666;
Bailén;2011;Demandantes;Hombres;De 16 a 29 años;294,75000002;
Bailén;2011;Demandantes;Hombres;De 30 a 44 años;363,33333332;
Bailén;2011;Demandantes;Hombres;De 45 a 64 años;366;
Bailén;2011;Demandantes;Hombres;TOTAL;1024,08333334;
Bailén;2011;Demandantes;Mujeres;De 16 a 29 años;309,41666666;
Bailén;2011;Demandantes;Mujeres;De 30 a 44 años;557,41666666;
Bailén;2011;Demandantes;Mujeres;De 45 a 64 años;640,25000002;
Bailén;2011;Demandantes;Mujeres;TOTAL;1507,08333334;
Bailén;2011;Demandantes;Ambos sexos;De 16 a 29 años;604,16666668;
Bailén;2011;Demandantes;Ambos sexos;De 30 a 44 años;920,74999998;
Bailén;2011;Demandantes;Ambos sexos;De 45 a 64 años;1006,25000002;
Bailén;2011;Demandantes;Ambos sexos;TOTAL;2531,16666668;
Bailén;2012;Demandantes;Hombres;De 16 a 29 años;343,1666667;
Bailén;2012;Demandantes;Hombres;De 30 a 44 años;404,74999997;
Bailén;2012;Demandantes;Hombres;De 45 a 64 años;426,41666667;
Bailén;2012;Demandantes;Hombres;TOTAL;1174,33333334;
Bailén;2012;Demandantes;Mujeres;De 16 a 29 años;368,66666664;
Bailén;2012;Demandantes;Mujeres;De 30 a 44 años;600,91666666;
Bailén;2012;Demandantes;Mujeres;De 45 a 64 años;741,91666666;
Bailén;2012;Demandantes;Mujeres;TOTAL;1711,49999996;
Bailén;2012;Demandantes;Ambos sexos;De 16 a 29 años;711,83333334;
Bailén;2012;Demandantes;Ambos sexos;De 30 a 44 años;1005,66666663;
Bailén;2012;Demandantes;Ambos sexos;De 45 a 64 años;1168,33333333;
Bailén;2012;Demandantes;Ambos sexos;TOTAL;2885,8333333;
Baños de la Encina;2010;Demandantes;Hombres;De 16 a 29 años;37,83333335;
Baños de la Encina;2010;Demandantes;Hombres;De 30 a 44 años;41,49999999;
Baños de la Encina;2010;Demandantes;Hombres;De 45 a 64 años;42,25;
Baños de la Encina;2010;Demandantes;Hombres;TOTAL;121,58333334;
Baños de la Encina;2010;Demandantes;Mujeres;De 16 a 29 años;22,16666666;
Baños de la Encina;2010;Demandantes;Mujeres;De 30 a 44 años;31,41666667;
Baños de la Encina;2010;Demandantes;Mujeres;De 45 a 64 años;69,24999999;
Baños de la Encina;2010;Demandantes;Mujeres;TOTAL;122,83333332;
Baños de la Encina;2010;Demandantes;Ambos sexos;De 16 a 29 años;60,00000001;
Baños de la Encina;2010;Demandantes;Ambos sexos;De 30 a 44 años;72,91666666;
Baños de la Encina;2010;Demandantes;Ambos sexos;De 45 a 64 años;111,49999999;
Baños de la Encina;2010;Demandantes;Ambos sexos;TOTAL;244,41666666;
Baños de la Encina;2011;Demandantes;Hombres;De 16 a 29 años;49,08333335;
Baños de la Encina;2011;Demandantes;Hombres;De 30 a 44 años;44,50000001;
Baños de la Encina;2011;Demandantes;Hombres;De 45 a 64 años;51,83333333;
Baños de la Encina;2011;Demandantes;Hombres;TOTAL;145,41666669;
Baños de la Encina;2011;Demandantes;Mujeres;De 16 a 29 años;29,49999999;
Baños de la Encina;2011;Demandantes;Mujeres;De 30 a 44 años;36,33333333;
Baños de la Encina;2011;Demandantes;Mujeres;De 45 a 64 años;74,50000001;
Baños de la Encina;2011;Demandantes;Mujeres;TOTAL;140,33333333;
Baños de la Encina;2011;Demandantes;Ambos sexos;De 16 a 29 años;78,58333334;
Baños de la Encina;2011;Demandantes;Ambos sexos;De 30 a 44 años;80,83333334;
Baños de la Encina;2011;Demandantes;Ambos sexos;De 45 a 64 años;126,33333334;
Baños de la Encina;2011;Demandantes;Ambos sexos;TOTAL;285,75000002;
Baños de la Encina;2012;Demandantes;Hombres;De 16 a 29 años;54,41666665;
Baños de la Encina;2012;Demandantes;Hombres;De 30 a 44 años;52,5;
Baños de la Encina;2012;Demandantes;Hombres;De 45 a 64 años;62,58333332;
Baños de la Encina;2012;Demandantes;Hombres;TOTAL;169,49999997;
Baños de la Encina;2012;Demandantes;Mujeres;De 16 a 29 años;40,91666668;
Baños de la Encina;2012;Demandantes;Mujeres;De 30 a 44 años;53,83333334;
Baños de la Encina;2012;Demandantes;Mujeres;De 45 a 64 años;83,33333335;
Baños de la Encina;2012;Demandantes;Mujeres;TOTAL;178,08333337;
Baños de la Encina;2012;Demandantes;Ambos sexos;De 16 a 29 años;95,33333333;
Baños de la Encina;2012;Demandantes;Ambos sexos;De 30 a 44 años;106,33333334;
Baños de la Encina;2012;Demandantes;Ambos sexos;De 45 a 64 años;145,91666667;
Baños de la Encina;2012;Demandantes;Ambos sexos;TOTAL;347,58333334;
Beas de Segura;2010;Demandantes;Hombres;De 16 a 29 años;38,74999999;
Beas de Segura;2010;Demandantes;Hombres;De 30 a 44 años;38,33333334;
Beas de Segura;2010;Demandantes;Hombres;De 45 a 64 años;36,16666669;
Beas de Segura;2010;Demandantes;Hombres;TOTAL;113,25000002;
Beas de Segura;2010;Demandantes;Mujeres;De 16 a 29 años;56,58333334;
Beas de Segura;2010;Demandantes;Mujeres;De 30 a 44 años;65,16666666;
Beas de Segura;2010;Demandantes;Mujeres;De 45 a 64 años;55,58333333;
Beas de Segura;2010;Demandantes;Mujeres;TOTAL;177,33333333;
Beas de Segura;2010;Demandantes;Ambos sexos;De 16 a 29 años;95,33333333;
Beas de Segura;2010;Demandantes;Ambos sexos;De 30 a 44 años;103,5;
Beas de Segura;2010;Demandantes;Ambos sexos;De 45 a 64 años;91,75000002;
Beas de Segura;2010;Demandantes;Ambos sexos;TOTAL;290,58333335;
Beas de Segura;2011;Demandantes;Hombres;De 16 a 29 años;53,83333334;
Beas de Segura;2011;Demandantes;Hombres;De 30 a 44 años;44,58333336;
Beas de Segura;2011;Demandantes;Hombres;De 45 a 64 años;50,58333332;
Beas de Segura;2011;Demandantes;Hombres;TOTAL;149,00000002;
Beas de Segura;2011;Demandantes;Mujeres;De 16 a 29 años;80,16666668;
Beas de Segura;2011;Demandantes;Mujeres;De 30 a 44 años;70,49999997;
Beas de Segura;2011;Demandantes;Mujeres;De 45 a 64 años;66,00000001;
Beas de Segura;2011;Demandantes;Mujeres;TOTAL;216,66666666;
Beas de Segura;2011;Demandantes;Ambos sexos;De 16 a 29 años;134,00000002;
Beas de Segura;2011;Demandantes;Ambos sexos;De 30 a 44 años;115,08333333;
Beas de Segura;2011;Demandantes;Ambos sexos;De 45 a 64 años;116,58333333;
Beas de Segura;2011;Demandantes;Ambos sexos;TOTAL;365,66666668;
Beas de Segura;2012;Demandantes;Hombres;De 16 a 29 años;65,08333333;
Beas de Segura;2012;Demandantes;Hombres;De 30 a 44 años;57,83333335;
Beas de Segura;2012;Demandantes;Hombres;De 45 a 64 años;73;
Beas de Segura;2012;Demandantes;Hombres;TOTAL;195,91666668;
Beas de Segura;2012;Demandantes;Mujeres;De 16 a 29 años;76,91666667;
Beas de Segura;2012;Demandantes;Mujeres;De 30 a 44 años;85,49999997;
Beas de Segura;2012;Demandantes;Mujeres;De 45 a 64 años;74,99999999;
Beas de Segura;2012;Demandantes;Mujeres;TOTAL;237,41666663;
Beas de Segura;2012;Demandantes;Ambos sexos;De 16 a 29 años;142;
Beas de Segura;2012;Demandantes;Ambos sexos;De 30 a 44 años;143,33333332;
Beas de Segura;2012;Demandantes;Ambos sexos;De 45 a 64 años;147,99999999;
Beas de Segura;2012;Demandantes;Ambos sexos;TOTAL;433,33333331;
Bedmar y Garcíez;2010;Demandantes;Hombres;De 16 a 29 años;22,75;
Bedmar y Garcíez;2010;Demandantes;Hombres;De 30 a 44 años;36,00000001;
Bedmar y Garcíez;2010;Demandantes;Hombres;De 45 a 64 años;23,33333334;
Bedmar y Garcíez;2010;Demandantes;Hombres;TOTAL;82,08333335;
Bedmar y Garcíez;2010;Demandantes;Mujeres;De 16 a 29 años;16,25;
Bedmar y Garcíez;2010;Demandantes;Mujeres;De 30 a 44 años;22,75000001;
Bedmar y Garcíez;2010;Demandantes;Mujeres;De 45 a 64 años;10,91666667;
Bedmar y Garcíez;2010;Demandantes;Mujeres;TOTAL;49,91666668;
Bedmar y Garcíez;2010;Demandantes;Ambos sexos;De 16 a 29 años;39;
Bedmar y Garcíez;2010;Demandantes;Ambos sexos;De 30 a 44 años;58,75000002;
Bedmar y Garcíez;2010;Demandantes;Ambos sexos;De 45 a 64 años;34,25000001;
Bedmar y Garcíez;2010;Demandantes;Ambos sexos;TOTAL;132,00000003;
Bedmar y Garcíez;2011;Demandantes;Hombres;De 16 a 29 años;27,25000001;
Bedmar y Garcíez;2011;Demandantes;Hombres;De 30 a 44 años;28,08333334;
Bedmar y Garcíez;2011;Demandantes;Hombres;De 45 a 64 años;21,24999999;
Bedmar y Garcíez;2011;Demandantes;Hombres;TOTAL;76,58333334;
Bedmar y Garcíez;2011;Demandantes;Mujeres;De 16 a 29 años;22,58333333;
Bedmar y Garcíez;2011;Demandantes;Mujeres;De 30 a 44 años;24,5;
Bedmar y Garcíez;2011;Demandantes;Mujeres;De 45 a 64 años;11,16666665;
Bedmar y Garcíez;2011;Demandantes;Mujeres;TOTAL;58,24999998;
Bedmar y Garcíez;2011;Demandantes;Ambos sexos;De 16 a 29 años;49,83333334;
Bedmar y Garcíez;2011;Demandantes;Ambos sexos;De 30 a 44 años;52,58333334;
Bedmar y Garcíez;2011;Demandantes;Ambos sexos;De 45 a 64 años;32,41666664;
Bedmar y Garcíez;2011;Demandantes;Ambos sexos;TOTAL;134,83333332;
Bedmar y Garcíez;2012;Demandantes;Hombres;De 16 a 29 años;34,41666667;
Bedmar y Garcíez;2012;Demandantes;Hombres;De 30 a 44 años;29,74999999;
Bedmar y Garcíez;2012;Demandantes;Hombres;De 45 a 64 años;28,08333333;
Bedmar y Garcíez;2012;Demandantes;Hombres;TOTAL;92,24999999;
Bedmar y Garcíez;2012;Demandantes;Mujeres;De 16 a 29 años;26,50000001;
Bedmar y Garcíez;2012;Demandantes;Mujeres;De 30 a 44 años;21,74999999;
Bedmar y Garcíez;2012;Demandantes;Mujeres;De 45 a 64 años;16,83333333;
Bedmar y Garcíez;2012;Demandantes;Mujeres;TOTAL;65,08333333;
Bedmar y Garcíez;2012;Demandantes;Ambos sexos;De 16 a 29 años;60,91666668;
Bedmar y Garcíez;2012;Demandantes;Ambos sexos;De 30 a 44 años;51,49999998;
Bedmar y Garcíez;2012;Demandantes;Ambos sexos;De 45 a 64 años;44,91666666;
Bedmar y Garcíez;2012;Demandantes;Ambos sexos;TOTAL;157,33333332;
Begíjar;2010;Demandantes;Hombres;De 16 a 29 años;20,33333333;
Begíjar;2010;Demandantes;Hombres;De 30 a 44 años;42,91666667;
Begíjar;2010;Demandantes;Hombres;De 45 a 64 años;26,75000001;
Begíjar;2010;Demandantes;Hombres;TOTAL;90,00000001;
Begíjar;2010;Demandantes;Mujeres;De 16 a 29 años;27,41666665;
Begíjar;2010;Demandantes;Mujeres;De 30 a 44 años;28,25000001;
Begíjar;2010;Demandantes;Mujeres;De 45 a 64 años;20,91666665;
Begíjar;2010;Demandantes;Mujeres;TOTAL;76,58333331;
Begíjar;2010;Demandantes;Ambos sexos;De 16 a 29 años;47,74999998;
Begíjar;2010;Demandantes;Ambos sexos;De 30 a 44 años;71,16666668;
Begíjar;2010;Demandantes;Ambos sexos;De 45 a 64 años;47,66666666;
Begíjar;2010;Demandantes;Ambos sexos;TOTAL;166,58333332;
Begíjar;2011;Demandantes;Hombres;De 16 a 29 años;29,16666665;
Begíjar;2011;Demandantes;Hombres;De 30 a 44 años;43,74999999;
Begíjar;2011;Demandantes;Hombres;De 45 a 64 años;30,66666666;
Begíjar;2011;Demandantes;Hombres;TOTAL;103,5833333;
Begíjar;2011;Demandantes;Mujeres;De 16 a 29 años;34,58333332;
Begíjar;2011;Demandantes;Mujeres;De 30 a 44 años;32,74999998;
Begíjar;2011;Demandantes;Mujeres;De 45 a 64 años;20,5;
Begíjar;2011;Demandantes;Mujeres;TOTAL;87,8333333;
Begíjar;2011;Demandantes;Ambos sexos;De 16 a 29 años;63,74999997;
Begíjar;2011;Demandantes;Ambos sexos;De 30 a 44 años;76,49999997;
Begíjar;2011;Demandantes;Ambos sexos;De 45 a 64 años;51,16666666;
Begíjar;2011;Demandantes;Ambos sexos;TOTAL;191,4166666;
Begíjar;2012;Demandantes;Hombres;De 16 a 29 años;30,33333335;
Begíjar;2012;Demandantes;Hombres;De 30 a 44 años;40,66666666;
Begíjar;2012;Demandantes;Hombres;De 45 a 64 años;45,83333333;
Begíjar;2012;Demandantes;Hombres;TOTAL;116,83333334;
Begíjar;2012;Demandantes;Mujeres;De 16 a 29 años;38,91666668;
Begíjar;2012;Demandantes;Mujeres;De 30 a 44 años;41,33333332;
Begíjar;2012;Demandantes;Mujeres;De 45 a 64 años;20,66666669;
Begíjar;2012;Demandantes;Mujeres;TOTAL;100,91666669;
Begíjar;2012;Demandantes;Ambos sexos;De 16 a 29 años;69,25000003;
Begíjar;2012;Demandantes;Ambos sexos;De 30 a 44 años;81,99999998;
Begíjar;2012;Demandantes;Ambos sexos;De 45 a 64 años;66,50000002;
Begíjar;2012;Demandantes;Ambos sexos;TOTAL;217,75000003;
Bélmez de la Moraleda;2010;Demandantes;Hombres;De 16 a 29 años;8,33333332;
Bélmez de la Moraleda;2010;Demandantes;Hombres;De 30 a 44 años;20,91666667;
Bélmez de la Moraleda;2010;Demandantes;Hombres;De 45 a 64 años;13,24999999;
Bélmez de la Moraleda;2010;Demandantes;Hombres;TOTAL;42,49999998;
Bélmez de la Moraleda;2010;Demandantes;Mujeres;De 16 a 29 años;12,24999999;
Bélmez de la Moraleda;2010;Demandantes;Mujeres;De 30 a 44 años;24,08333336;
Bélmez de la Moraleda;2010;Demandantes;Mujeres;De 45 a 64 años;32,08333334;
Bélmez de la Moraleda;2010;Demandantes;Mujeres;TOTAL;68,41666669;
Bélmez de la Moraleda;2010;Demandantes;Ambos sexos;De 16 a 29 años;20,58333331;
Bélmez de la Moraleda;2010;Demandantes;Ambos sexos;De 30 a 44 años;45,00000003;
Bélmez de la Moraleda;2010;Demandantes;Ambos sexos;De 45 a 64 años;45,33333333;
Bélmez de la Moraleda;2010;Demandantes;Ambos sexos;TOTAL;110,91666667;
Bélmez de la Moraleda;2011;Demandantes;Hombres;De 16 a 29 años;10,75000001;
Bélmez de la Moraleda;2011;Demandantes;Hombres;De 30 a 44 años;19,66666665;
Bélmez de la Moraleda;2011;Demandantes;Hombres;De 45 a 64 años;18,08333334;
Bélmez de la Moraleda;2011;Demandantes;Hombres;TOTAL;48,5;
Bélmez de la Moraleda;2011;Demandantes;Mujeres;De 16 a 29 años;12,41666666;
Bélmez de la Moraleda;2011;Demandantes;Mujeres;De 30 a 44 años;20,33333332;
Bélmez de la Moraleda;2011;Demandantes;Mujeres;De 45 a 64 años;32,16666666;
Bélmez de la Moraleda;2011;Demandantes;Mujeres;TOTAL;64,91666664;
Bélmez de la Moraleda;2011;Demandantes;Ambos sexos;De 16 a 29 años;23,16666667;
Bélmez de la Moraleda;2011;Demandantes;Ambos sexos;De 30 a 44 años;39,99999997;
Bélmez de la Moraleda;2011;Demandantes;Ambos sexos;De 45 a 64 años;50,25;
Bélmez de la Moraleda;2011;Demandantes;Ambos sexos;TOTAL;113,41666664;
Bélmez de la Moraleda;2012;Demandantes;Hombres;De 16 a 29 años;16,83333333;
Bélmez de la Moraleda;2012;Demandantes;Hombres;De 30 a 44 años;18,74999997;
Bélmez de la Moraleda;2012;Demandantes;Hombres;De 45 a 64 años;25,91666666;
Bélmez de la Moraleda;2012;Demandantes;Hombres;TOTAL;61,49999996;
Bélmez de la Moraleda;2012;Demandantes;Mujeres;De 16 a 29 años;21,16666668;
Bélmez de la Moraleda;2012;Demandantes;Mujeres;De 30 a 44 años;22,41666666;
Bélmez de la Moraleda;2012;Demandantes;Mujeres;De 45 a 64 años;37,83333333;
Bélmez de la Moraleda;2012;Demandantes;Mujeres;TOTAL;81,41666667;
Bélmez de la Moraleda;2012;Demandantes;Ambos sexos;De 16 a 29 años;38,00000001;
Bélmez de la Moraleda;2012;Demandantes;Ambos sexos;De 30 a 44 años;41,16666663;
Bélmez de la Moraleda;2012;Demandantes;Ambos sexos;De 45 a 64 años;63,74999999;
Bélmez de la Moraleda;2012;Demandantes;Ambos sexos;TOTAL;142,91666663;
Benatae;2010;Demandantes;Hombres;De 16 a 29 años;1,66666667;
Benatae;2010;Demandantes;Hombres;De 30 a 44 años;2,08333334;
Benatae;2010;Demandantes;Hombres;De 45 a 64 años;5,16666668;
Benatae;2010;Demandantes;Hombres;TOTAL;8,91666669;
Benatae;2010;Demandantes;Mujeres;De 16 a 29 años;2,66666667;
Benatae;2010;Demandantes;Mujeres;De 30 a 44 años;5,08333333;
Benatae;2010;Demandantes;Mujeres;De 45 a 64 años;3,91666666;
Benatae;2010;Demandantes;Mujeres;TOTAL;11,66666666;
Benatae;2010;Demandantes;Ambos sexos;De 16 a 29 años;4,33333334;
Benatae;2010;Demandantes;Ambos sexos;De 30 a 44 años;7,16666667;
Benatae;2010;Demandantes;Ambos sexos;De 45 a 64 años;9,08333334;
Benatae;2010;Demandantes;Ambos sexos;TOTAL;20,58333335;
Benatae;2011;Demandantes;Hombres;De 16 a 29 años;3,33333333;
Benatae;2011;Demandantes;Hombres;De 30 a 44 años;5,91666667;
Benatae;2011;Demandantes;Hombres;De 45 a 64 años;3,74999999;
Benatae;2011;Demandantes;Hombres;TOTAL;12,99999999;
Benatae;2011;Demandantes;Mujeres;De 16 a 29 años;4,16666667;
Benatae;2011;Demandantes;Mujeres;De 30 a 44 años;6,49999998;
Benatae;2011;Demandantes;Mujeres;De 45 a 64 años;4,83333332;
Benatae;2011;Demandantes;Mujeres;TOTAL;15,49999997;
Benatae;2011;Demandantes;Ambos sexos;De 16 a 29 años;7,5;
Benatae;2011;Demandantes;Ambos sexos;De 30 a 44 años;12,41666665;
Benatae;2011;Demandantes;Ambos sexos;De 45 a 64 años;8,58333331;
Benatae;2011;Demandantes;Ambos sexos;TOTAL;28,49999996;
Benatae;2012;Demandantes;Hombres;De 16 a 29 años;5,66666666;
Benatae;2012;Demandantes;Hombres;De 30 a 44 años;7,33333333;
Benatae;2012;Demandantes;Hombres;De 45 a 64 años;7,5;
Benatae;2012;Demandantes;Hombres;TOTAL;20,49999999;
Benatae;2012;Demandantes;Mujeres;De 16 a 29 años;5,91666667;
Benatae;2012;Demandantes;Mujeres;De 30 a 44 años;7,58333334;
Benatae;2012;Demandantes;Mujeres;De 45 a 64 años;3,66666666;
Benatae;2012;Demandantes;Mujeres;TOTAL;17,16666667;
Benatae;2012;Demandantes;Ambos sexos;De 16 a 29 años;11,58333333;
Benatae;2012;Demandantes;Ambos sexos;De 30 a 44 años;14,91666667;
Benatae;2012;Demandantes;Ambos sexos;De 45 a 64 años;11,16666666;
Benatae;2012;Demandantes;Ambos sexos;TOTAL;37,66666666;
Cabra del Santo Cristo;2010;Demandantes;Hombres;De 16 a 29 años;8,91666665;
Cabra del Santo Cristo;2010;Demandantes;Hombres;De 30 a 44 años;14,66666664;
Cabra del Santo Cristo;2010;Demandantes;Hombres;De 45 a 64 años;15,33333334;
Cabra del Santo Cristo;2010;Demandantes;Hombres;TOTAL;38,91666663;
Cabra del Santo Cristo;2010;Demandantes;Mujeres;De 16 a 29 años;15,41666668;
Cabra del Santo Cristo;2010;Demandantes;Mujeres;De 30 a 44 años;24,66666667;
Cabra del Santo Cristo;2010;Demandantes;Mujeres;De 45 a 64 años;12,58333333;
Cabra del Santo Cristo;2010;Demandantes;Mujeres;TOTAL;52,66666668;
Cabra del Santo Cristo;2010;Demandantes;Ambos sexos;De 16 a 29 años;24,33333333;
Cabra del Santo Cristo;2010;Demandantes;Ambos sexos;De 30 a 44 años;39,33333331;
Cabra del Santo Cristo;2010;Demandantes;Ambos sexos;De 45 a 64 años;27,91666667;
Cabra del Santo Cristo;2010;Demandantes;Ambos sexos;TOTAL;91,58333331;
Cabra del Santo Cristo;2011;Demandantes;Hombres;De 16 a 29 años;8,3333333;
Cabra del Santo Cristo;2011;Demandantes;Hombres;De 30 a 44 años;14,83333332;
Cabra del Santo Cristo;2011;Demandantes;Hombres;De 45 a 64 años;22,83333333;
Cabra del Santo Cristo;2011;Demandantes;Hombres;TOTAL;45,99999995;
Cabra del Santo Cristo;2011;Demandantes;Mujeres;De 16 a 29 años;22,16666668;
Cabra del Santo Cristo;2011;Demandantes;Mujeres;De 30 a 44 años;23,08333333;
Cabra del Santo Cristo;2011;Demandantes;Mujeres;De 45 a 64 años;19,74999998;
Cabra del Santo Cristo;2011;Demandantes;Mujeres;TOTAL;64,99999999;
Cabra del Santo Cristo;2011;Demandantes;Ambos sexos;De 16 a 29 años;30,49999998;
Cabra del Santo Cristo;2011;Demandantes;Ambos sexos;De 30 a 44 años;37,91666665;
Cabra del Santo Cristo;2011;Demandantes;Ambos sexos;De 45 a 64 años;42,58333331;
Cabra del Santo Cristo;2011;Demandantes;Ambos sexos;TOTAL;110,99999994;
Cabra del Santo Cristo;2012;Demandantes;Hombres;De 16 a 29 años;10,91666665;
Cabra del Santo Cristo;2012;Demandantes;Hombres;De 30 a 44 años;17,99999999;
Cabra del Santo Cristo;2012;Demandantes;Hombres;De 45 a 64 años;25,16666667;
Cabra del Santo Cristo;2012;Demandantes;Hombres;TOTAL;54,08333331;
Cabra del Santo Cristo;2012;Demandantes;Mujeres;De 16 a 29 años;24,75000001;
Cabra del Santo Cristo;2012;Demandantes;Mujeres;De 30 a 44 años;23,41666666;
Cabra del Santo Cristo;2012;Demandantes;Mujeres;De 45 a 64 años;18,75;
Cabra del Santo Cristo;2012;Demandantes;Mujeres;TOTAL;66,91666667;
Cabra del Santo Cristo;2012;Demandantes;Ambos sexos;De 16 a 29 años;35,66666666;
Cabra del Santo Cristo;2012;Demandantes;Ambos sexos;De 30 a 44 años;41,41666665;
Cabra del Santo Cristo;2012;Demandantes;Ambos sexos;De 45 a 64 años;43,91666667;
Cabra del Santo Cristo;2012;Demandantes;Ambos sexos;TOTAL;120,99999998;
Cambil;2010;Demandantes;Hombres;De 16 a 29 años;19,5;
Cambil;2010;Demandantes;Hombres;De 30 a 44 años;27,99999999;
Cambil;2010;Demandantes;Hombres;De 45 a 64 años;25,99999999;
Cambil;2010;Demandantes;Hombres;TOTAL;73,49999998;
Cambil;2010;Demandantes;Mujeres;De 16 a 29 años;15,75000003;
Cambil;2010;Demandantes;Mujeres;De 30 a 44 años;23,50000001;
Cambil;2010;Demandantes;Mujeres;De 45 a 64 años;12,41666665;
Cambil;2010;Demandantes;Mujeres;TOTAL;51,66666669;
Cambil;2010;Demandantes;Ambos sexos;De 16 a 29 años;35,25000003;
Cambil;2010;Demandantes;Ambos sexos;De 30 a 44 años;51,5;
Cambil;2010;Demandantes;Ambos sexos;De 45 a 64 años;38,41666664;
Cambil;2010;Demandantes;Ambos sexos;TOTAL;125,16666667;
Cambil;2011;Demandantes;Hombres;De 16 a 29 años;19,5;
Cambil;2011;Demandantes;Hombres;De 30 a 44 años;33,24999998;
Cambil;2011;Demandantes;Hombres;De 45 a 64 años;35,33333333;
Cambil;2011;Demandantes;Hombres;TOTAL;88,08333331;
Cambil;2011;Demandantes;Mujeres;De 16 a 29 años;27,41666666;
Cambil;2011;Demandantes;Mujeres;De 30 a 44 años;20,49999999;
Cambil;2011;Demandantes;Mujeres;De 45 a 64 años;13,91666667;
Cambil;2011;Demandantes;Mujeres;TOTAL;61,83333332;
Cambil;2011;Demandantes;Ambos sexos;De 16 a 29 años;46,91666666;
Cambil;2011;Demandantes;Ambos sexos;De 30 a 44 años;53,74999997;
Cambil;2011;Demandantes;Ambos sexos;De 45 a 64 años;49,25;
Cambil;2011;Demandantes;Ambos sexos;TOTAL;149,91666663;
Cambil;2012;Demandantes;Hombres;De 16 a 29 años;25,49999999;
Cambil;2012;Demandantes;Hombres;De 30 a 44 años;38,24999999;
Cambil;2012;Demandantes;Hombres;De 45 a 64 años;44,58333336;
Cambil;2012;Demandantes;Hombres;TOTAL;108,33333334;
Cambil;2012;Demandantes;Mujeres;De 16 a 29 años;33,91666666;
Cambil;2012;Demandantes;Mujeres;De 30 a 44 años;29,49999999;
Cambil;2012;Demandantes;Mujeres;De 45 a 64 años;18,66666666;
Cambil;2012;Demandantes;Mujeres;TOTAL;82,08333331;
Cambil;2012;Demandantes;Ambos sexos;De 16 a 29 años;59,41666665;
Cambil;2012;Demandantes;Ambos sexos;De 30 a 44 años;67,74999998;
Cambil;2012;Demandantes;Ambos sexos;De 45 a 64 años;63,25000002;
Cambil;2012;Demandantes;Ambos sexos;TOTAL;190,41666665;
Campillo de Arenas;2010;Demandantes;Hombres;De 16 a 29 años;14,41666666;
Campillo de Arenas;2010;Demandantes;Hombres;De 30 a 44 años;22,66666667;
Campillo de Arenas;2010;Demandantes;Hombres;De 45 a 64 años;14,75000002;
Campillo de Arenas;2010;Demandantes;Hombres;TOTAL;51,83333335;
Campillo de Arenas;2010;Demandantes;Mujeres;De 16 a 29 años;13,08333335;
Campillo de Arenas;2010;Demandantes;Mujeres;De 30 a 44 años;18,24999999;
Campillo de Arenas;2010;Demandantes;Mujeres;De 45 a 64 años;7,58333334;
Campillo de Arenas;2010;Demandantes;Mujeres;TOTAL;38,91666668;
Campillo de Arenas;2010;Demandantes;Ambos sexos;De 16 a 29 años;27,50000001;
Campillo de Arenas;2010;Demandantes;Ambos sexos;De 30 a 44 años;40,91666666;
Campillo de Arenas;2010;Demandantes;Ambos sexos;De 45 a 64 años;22,33333336;
Campillo de Arenas;2010;Demandantes;Ambos sexos;TOTAL;90,75000003;
Campillo de Arenas;2011;Demandantes;Hombres;De 16 a 29 años;12,41666665;
Campillo de Arenas;2011;Demandantes;Hombres;De 30 a 44 años;24,33333334;
Campillo de Arenas;2011;Demandantes;Hombres;De 45 a 64 años;20;
Campillo de Arenas;2011;Demandantes;Hombres;TOTAL;56,74999999;
Campillo de Arenas;2011;Demandantes;Mujeres;De 16 a 29 años;11,66666666;
Campillo de Arenas;2011;Demandantes;Mujeres;De 30 a 44 años;22,91666666;
Campillo de Arenas;2011;Demandantes;Mujeres;De 45 a 64 años;10,41666667;
Campillo de Arenas;2011;Demandantes;Mujeres;TOTAL;44,99999999;
Campillo de Arenas;2011;Demandantes;Ambos sexos;De 16 a 29 años;24,08333331;
Campillo de Arenas;2011;Demandantes;Ambos sexos;De 30 a 44 años;47,25;
Campillo de Arenas;2011;Demandantes;Ambos sexos;De 45 a 64 años;30,41666667;
Campillo de Arenas;2011;Demandantes;Ambos sexos;TOTAL;101,74999998;
Campillo de Arenas;2012;Demandantes;Hombres;De 16 a 29 años;13,50000001;
Campillo de Arenas;2012;Demandantes;Hombres;De 30 a 44 años;27,08333333;
Campillo de Arenas;2012;Demandantes;Hombres;De 45 a 64 años;26,16666666;
Campillo de Arenas;2012;Demandantes;Hombres;TOTAL;66,75;
Campillo de Arenas;2012;Demandantes;Mujeres;De 16 a 29 años;22,08333334;
Campillo de Arenas;2012;Demandantes;Mujeres;De 30 a 44 años;22,66666666;
Campillo de Arenas;2012;Demandantes;Mujeres;De 45 a 64 años;11;
Campillo de Arenas;2012;Demandantes;Mujeres;TOTAL;55,75;
Campillo de Arenas;2012;Demandantes;Ambos sexos;De 16 a 29 años;35,58333335;
Campillo de Arenas;2012;Demandantes;Ambos sexos;De 30 a 44 años;49,74999999;
Campillo de Arenas;2012;Demandantes;Ambos sexos;De 45 a 64 años;37,16666666;
Campillo de Arenas;2012;Demandantes;Ambos sexos;TOTAL;122,5;
Canena;2010;Demandantes;Hombres;De 16 a 29 años;10,5;
Canena;2010;Demandantes;Hombres;De 30 a 44 años;17,25000002;
Canena;2010;Demandantes;Hombres;De 45 a 64 años;7,83333333;
Canena;2010;Demandantes;Hombres;TOTAL;35,58333335;
Canena;2010;Demandantes;Mujeres;De 16 a 29 años;16,49999998;
Canena;2010;Demandantes;Mujeres;De 30 a 44 años;20,33333334;
Canena;2010;Demandantes;Mujeres;De 45 a 64 años;17,24999999;
Canena;2010;Demandantes;Mujeres;TOTAL;54,08333331;
Canena;2010;Demandantes;Ambos sexos;De 16 a 29 años;26,99999998;
Canena;2010;Demandantes;Ambos sexos;De 30 a 44 años;37,58333336;
Canena;2010;Demandantes;Ambos sexos;De 45 a 64 años;25,08333332;
Canena;2010;Demandantes;Ambos sexos;TOTAL;89,66666666;
Canena;2011;Demandantes;Hombres;De 16 a 29 años;12,66666667;
Canena;2011;Demandantes;Hombres;De 30 a 44 años;15,24999998;
Canena;2011;Demandantes;Hombres;De 45 a 64 años;13,83333333;
Canena;2011;Demandantes;Hombres;TOTAL;41,74999998;
Canena;2011;Demandantes;Mujeres;De 16 a 29 años;25,41666667;
Canena;2011;Demandantes;Mujeres;De 30 a 44 años;22;
Canena;2011;Demandantes;Mujeres;De 45 a 64 años;20,00000001;
Canena;2011;Demandantes;Mujeres;TOTAL;67,41666668;
Canena;2011;Demandantes;Ambos sexos;De 16 a 29 años;38,08333334;
Canena;2011;Demandantes;Ambos sexos;De 30 a 44 años;37,24999998;
Canena;2011;Demandantes;Ambos sexos;De 45 a 64 años;33,83333334;
Canena;2011;Demandantes;Ambos sexos;TOTAL;109,16666666;
Canena;2012;Demandantes;Hombres;De 16 a 29 años;16,41666664;
Canena;2012;Demandantes;Hombres;De 30 a 44 años;17,33333331;
Canena;2012;Demandantes;Hombres;De 45 a 64 años;19,41666666;
Canena;2012;Demandantes;Hombres;TOTAL;53,16666661;
Canena;2012;Demandantes;Mujeres;De 16 a 29 años;29,66666666;
Canena;2012;Demandantes;Mujeres;De 30 a 44 años;23,41666668;
Canena;2012;Demandantes;Mujeres;De 45 a 64 años;23,16666667;
Canena;2012;Demandantes;Mujeres;TOTAL;76,25000001;
Canena;2012;Demandantes;Ambos sexos;De 16 a 29 años;46,0833333;
Canena;2012;Demandantes;Ambos sexos;De 30 a 44 años;40,74999999;
Canena;2012;Demandantes;Ambos sexos;De 45 a 64 años;42,58333333;
Canena;2012;Demandantes;Ambos sexos;TOTAL;129,41666662;
Carboneros;2010;Demandantes;Hombres;De 16 a 29 años;8,83333333;
Carboneros;2010;Demandantes;Hombres;De 30 a 44 años;10,16666665;
Carboneros;2010;Demandantes;Hombres;De 45 a 64 años;8,83333334;
Carboneros;2010;Demandantes;Hombres;TOTAL;27,83333332;
Carboneros;2010;Demandantes;Mujeres;De 16 a 29 años;5,91666667;
Carboneros;2010;Demandantes;Mujeres;De 30 a 44 años;15,75;
Carboneros;2010;Demandantes;Mujeres;De 45 a 64 años;14,83333333;
Carboneros;2010;Demandantes;Mujeres;TOTAL;36,5;
Carboneros;2010;Demandantes;Ambos sexos;De 16 a 29 años;14,75;
Carboneros;2010;Demandantes;Ambos sexos;De 30 a 44 años;25,91666665;
Carboneros;2010;Demandantes;Ambos sexos;De 45 a 64 años;23,66666667;
Carboneros;2010;Demandantes;Ambos sexos;TOTAL;64,33333332;
Carboneros;2011;Demandantes;Hombres;De 16 a 29 años;10,41666667;
Carboneros;2011;Demandantes;Hombres;De 30 a 44 años;13;
Carboneros;2011;Demandantes;Hombres;De 45 a 64 años;11,25;
Carboneros;2011;Demandantes;Hombres;TOTAL;34,66666667;
Carboneros;2011;Demandantes;Mujeres;De 16 a 29 años;9,91666666;
Carboneros;2011;Demandantes;Mujeres;De 30 a 44 años;18,74999999;
Carboneros;2011;Demandantes;Mujeres;De 45 a 64 años;10,66666668;
Carboneros;2011;Demandantes;Mujeres;TOTAL;39,33333333;
Carboneros;2011;Demandantes;Ambos sexos;De 16 a 29 años;20,33333333;
Carboneros;2011;Demandantes;Ambos sexos;De 30 a 44 años;31,74999999;
Carboneros;2011;Demandantes;Ambos sexos;De 45 a 64 años;21,91666668;
Carboneros;2011;Demandantes;Ambos sexos;TOTAL;74;
Carboneros;2012;Demandantes;Hombres;De 16 a 29 años;10,91666666;
Carboneros;2012;Demandantes;Hombres;De 30 a 44 años;16,91666664;
Carboneros;2012;Demandantes;Hombres;De 45 a 64 años;11,83333334;
Carboneros;2012;Demandantes;Hombres;TOTAL;39,66666664;
Carboneros;2012;Demandantes;Mujeres;De 16 a 29 años;9,33333333;
Carboneros;2012;Demandantes;Mujeres;De 30 a 44 años;18,58333333;
Carboneros;2012;Demandantes;Mujeres;De 45 a 64 años;13,25;
Carboneros;2012;Demandantes;Mujeres;TOTAL;41,16666666;
Carboneros;2012;Demandantes;Ambos sexos;De 16 a 29 años;20,24999999;
Carboneros;2012;Demandantes;Ambos sexos;De 30 a 44 años;35,49999997;
Carboneros;2012;Demandantes;Ambos sexos;De 45 a 64 años;25,08333334;
Carboneros;2012;Demandantes;Ambos sexos;TOTAL;80,8333333;
Cárcheles;2010;Demandantes;Hombres;De 16 a 29 años;7,83333332;
Cárcheles;2010;Demandantes;Hombres;De 30 a 44 años;7,91666666;
Cárcheles;2010;Demandantes;Hombres;De 45 a 64 años;11,25000001;
Cárcheles;2010;Demandantes;Hombres;TOTAL;26,99999999;
Cárcheles;2010;Demandantes;Mujeres;De 16 a 29 años;21,49999999;
Cárcheles;2010;Demandantes;Mujeres;De 30 a 44 años;20,33333333;
Cárcheles;2010;Demandantes;Mujeres;De 45 a 64 años;9,91666666;
Cárcheles;2010;Demandantes;Mujeres;TOTAL;51,74999998;
Cárcheles;2010;Demandantes;Ambos sexos;De 16 a 29 años;29,33333331;
Cárcheles;2010;Demandantes;Ambos sexos;De 30 a 44 años;28,24999999;
Cárcheles;2010;Demandantes;Ambos sexos;De 45 a 64 años;21,16666667;
Cárcheles;2010;Demandantes;Ambos sexos;TOTAL;78,74999997;
Cárcheles;2011;Demandantes;Hombres;De 16 a 29 años;10,16666667;
Cárcheles;2011;Demandantes;Hombres;De 30 a 44 años;10,5;
Cárcheles;2011;Demandantes;Hombres;De 45 a 64 años;15,33333334;
Cárcheles;2011;Demandantes;Hombres;TOTAL;36,00000001;
Cárcheles;2011;Demandantes;Mujeres;De 16 a 29 años;17,75000001;
Cárcheles;2011;Demandantes;Mujeres;De 30 a 44 años;19,66666667;
Cárcheles;2011;Demandantes;Mujeres;De 45 a 64 años;14,41666666;
Cárcheles;2011;Demandantes;Mujeres;TOTAL;51,83333334;
Cárcheles;2011;Demandantes;Ambos sexos;De 16 a 29 años;27,91666668;
Cárcheles;2011;Demandantes;Ambos sexos;De 30 a 44 años;30,16666667;
Cárcheles;2011;Demandantes;Ambos sexos;De 45 a 64 años;29,75;
Cárcheles;2011;Demandantes;Ambos sexos;TOTAL;87,83333335;
Cárcheles;2012;Demandantes;Hombres;De 16 a 29 años;9,33333333;
Cárcheles;2012;Demandantes;Hombres;De 30 a 44 años;16,83333333;
Cárcheles;2012;Demandantes;Hombres;De 45 a 64 años;19,58333334;
Cárcheles;2012;Demandantes;Hombres;TOTAL;45,75;
Cárcheles;2012;Demandantes;Mujeres;De 16 a 29 años;18,16666666;
Cárcheles;2012;Demandantes;Mujeres;De 30 a 44 años;20,50000002;
Cárcheles;2012;Demandantes;Mujeres;De 45 a 64 años;16,83333333;
Cárcheles;2012;Demandantes;Mujeres;TOTAL;55,50000001;
Cárcheles;2012;Demandantes;Ambos sexos;De 16 a 29 años;27,49999999;
Cárcheles;2012;Demandantes;Ambos sexos;De 30 a 44 años;37,33333335;
Cárcheles;2012;Demandantes;Ambos sexos;De 45 a 64 años;36,41666667;
Cárcheles;2012;Demandantes;Ambos sexos;TOTAL;101,25000001;
Castellar;2010;Demandantes;Hombres;De 16 a 29 años;17,08333333;
Castellar;2010;Demandantes;Hombres;De 30 a 44 años;27,91666665;
Castellar;2010;Demandantes;Hombres;De 45 a 64 años;19,49999999;
Castellar;2010;Demandantes;Hombres;TOTAL;64,49999997;
Castellar;2010;Demandantes;Mujeres;De 16 a 29 años;20,91666667;
Castellar;2010;Demandantes;Mujeres;De 30 a 44 años;25,91666667;
Castellar;2010;Demandantes;Mujeres;De 45 a 64 años;19,75000001;
Castellar;2010;Demandantes;Mujeres;TOTAL;66,58333335;
Castellar;2010;Demandantes;Ambos sexos;De 16 a 29 años;38;
Castellar;2010;Demandantes;Ambos sexos;De 30 a 44 años;53,83333332;
Castellar;2010;Demandantes;Ambos sexos;De 45 a 64 años;39,25;
Castellar;2010;Demandantes;Ambos sexos;TOTAL;131,08333332;
Castellar;2011;Demandantes;Hombres;De 16 a 29 años;16,49999999;
Castellar;2011;Demandantes;Hombres;De 30 a 44 años;28,41666667;
Castellar;2011;Demandantes;Hombres;De 45 a 64 años;20,41666666;
Castellar;2011;Demandantes;Hombres;TOTAL;65,33333332;
Castellar;2011;Demandantes;Mujeres;De 16 a 29 años;29,16666666;
Castellar;2011;Demandantes;Mujeres;De 30 a 44 años;25,75;
Castellar;2011;Demandantes;Mujeres;De 45 a 64 años;23,41666667;
Castellar;2011;Demandantes;Mujeres;TOTAL;78,33333333;
Castellar;2011;Demandantes;Ambos sexos;De 16 a 29 años;45,66666665;
Castellar;2011;Demandantes;Ambos sexos;De 30 a 44 años;54,16666667;
Castellar;2011;Demandantes;Ambos sexos;De 45 a 64 años;43,83333333;
Castellar;2011;Demandantes;Ambos sexos;TOTAL;143,66666665;
Castellar;2012;Demandantes;Hombres;De 16 a 29 años;23,66666667;
Castellar;2012;Demandantes;Hombres;De 30 a 44 años;28,25000002;
Castellar;2012;Demandantes;Hombres;De 45 a 64 años;30,00000002;
Castellar;2012;Demandantes;Hombres;TOTAL;81,91666671;
Castellar;2012;Demandantes;Mujeres;De 16 a 29 años;34,08333334;
Castellar;2012;Demandantes;Mujeres;De 30 a 44 años;30,16666667;
Castellar;2012;Demandantes;Mujeres;De 45 a 64 años;25,83333332;
Castellar;2012;Demandantes;Mujeres;TOTAL;90,08333333;
Castellar;2012;Demandantes;Ambos sexos;De 16 a 29 años;57,75000001;
Castellar;2012;Demandantes;Ambos sexos;De 30 a 44 años;58,41666669;
Castellar;2012;Demandantes;Ambos sexos;De 45 a 64 años;55,83333334;
Castellar;2012;Demandantes;Ambos sexos;TOTAL;172,00000004;
Castillo de Locubín;2010;Demandantes;Hombres;De 16 a 29 años;26,24999999;
Castillo de Locubín;2010;Demandantes;Hombres;De 30 a 44 años;31,74999999;
Castillo de Locubín;2010;Demandantes;Hombres;De 45 a 64 años;25,41666667;
Castillo de Locubín;2010;Demandantes;Hombres;TOTAL;83,41666665;
Castillo de Locubín;2010;Demandantes;Mujeres;De 16 a 29 años;25,91666667;
Castillo de Locubín;2010;Demandantes;Mujeres;De 30 a 44 años;18,58333331;
Castillo de Locubín;2010;Demandantes;Mujeres;De 45 a 64 años;16,83333332;
Castillo de Locubín;2010;Demandantes;Mujeres;TOTAL;61,3333333;
Castillo de Locubín;2010;Demandantes;Ambos sexos;De 16 a 29 años;52,16666666;
Castillo de Locubín;2010;Demandantes;Ambos sexos;De 30 a 44 años;50,3333333;
Castillo de Locubín;2010;Demandantes;Ambos sexos;De 45 a 64 años;42,24999999;
Castillo de Locubín;2010;Demandantes;Ambos sexos;TOTAL;144,74999995;
Castillo de Locubín;2011;Demandantes;Hombres;De 16 a 29 años;31,08333335;
Castillo de Locubín;2011;Demandantes;Hombres;De 30 a 44 años;25,66666667;
Castillo de Locubín;2011;Demandantes;Hombres;De 45 a 64 años;38,00000001;
Castillo de Locubín;2011;Demandantes;Hombres;TOTAL;94,75000003;
Castillo de Locubín;2011;Demandantes;Mujeres;De 16 a 29 años;31,58333333;
Castillo de Locubín;2011;Demandantes;Mujeres;De 30 a 44 años;23,58333336;
Castillo de Locubín;2011;Demandantes;Mujeres;De 45 a 64 años;20,58333333;
Castillo de Locubín;2011;Demandantes;Mujeres;TOTAL;75,75000002;
Castillo de Locubín;2011;Demandantes;Ambos sexos;De 16 a 29 años;62,66666668;
Castillo de Locubín;2011;Demandantes;Ambos sexos;De 30 a 44 años;49,25000003;
Castillo de Locubín;2011;Demandantes;Ambos sexos;De 45 a 64 años;58,58333334;
Castillo de Locubín;2011;Demandantes;Ambos sexos;TOTAL;170,50000005;
Castillo de Locubín;2012;Demandantes;Hombres;De 16 a 29 años;30,83333334;
Castillo de Locubín;2012;Demandantes;Hombres;De 30 a 44 años;22,16666666;
Castillo de Locubín;2012;Demandantes;Hombres;De 45 a 64 años;49,33333333;
Castillo de Locubín;2012;Demandantes;Hombres;TOTAL;102,33333333;
Castillo de Locubín;2012;Demandantes;Mujeres;De 16 a 29 años;40,25;
Castillo de Locubín;2012;Demandantes;Mujeres;De 30 a 44 años;28,08333335;
Castillo de Locubín;2012;Demandantes;Mujeres;De 45 a 64 años;19,99999999;
Castillo de Locubín;2012;Demandantes;Mujeres;TOTAL;88,33333334;
Castillo de Locubín;2012;Demandantes;Ambos sexos;De 16 a 29 años;71,08333334;
Castillo de Locubín;2012;Demandantes;Ambos sexos;De 30 a 44 años;50,25000001;
Castillo de Locubín;2012;Demandantes;Ambos sexos;De 45 a 64 años;69,33333332;
Castillo de Locubín;2012;Demandantes;Ambos sexos;TOTAL;190,66666667;
Cazalilla;2010;Demandantes;Hombres;De 16 a 29 años;5,83333333;
Cazalilla;2010;Demandantes;Hombres;De 30 a 44 años;10,74999999;
Cazalilla;2010;Demandantes;Hombres;De 45 a 64 años;8,99999999;
Cazalilla;2010;Demandantes;Hombres;TOTAL;25,58333331;
Cazalilla;2010;Demandantes;Mujeres;De 16 a 29 años;7,24999999;
Cazalilla;2010;Demandantes;Mujeres;De 30 a 44 años;8,58333332;
Cazalilla;2010;Demandantes;Mujeres;De 45 a 64 años;10,41666666;
Cazalilla;2010;Demandantes;Mujeres;TOTAL;26,24999997;
Cazalilla;2010;Demandantes;Ambos sexos;De 16 a 29 años;13,08333332;
Cazalilla;2010;Demandantes;Ambos sexos;De 30 a 44 años;19,33333331;
Cazalilla;2010;Demandantes;Ambos sexos;De 45 a 64 años;19,41666665;
Cazalilla;2010;Demandantes;Ambos sexos;TOTAL;51,83333328;
Cazalilla;2011;Demandantes;Hombres;De 16 a 29 años;11,99999999;
Cazalilla;2011;Demandantes;Hombres;De 30 a 44 años;12,75000001;
Cazalilla;2011;Demandantes;Hombres;De 45 a 64 años;12,08333334;
Cazalilla;2011;Demandantes;Hombres;TOTAL;36,83333334;
Cazalilla;2011;Demandantes;Mujeres;De 16 a 29 años;13;
Cazalilla;2011;Demandantes;Mujeres;De 30 a 44 años;9,00000001;
Cazalilla;2011;Demandantes;Mujeres;De 45 a 64 años;8,08333333;
Cazalilla;2011;Demandantes;Mujeres;TOTAL;30,08333334;
Cazalilla;2011;Demandantes;Ambos sexos;De 16 a 29 años;24,99999999;
Cazalilla;2011;Demandantes;Ambos sexos;De 30 a 44 años;21,75000002;
Cazalilla;2011;Demandantes;Ambos sexos;De 45 a 64 años;20,16666667;
Cazalilla;2011;Demandantes;Ambos sexos;TOTAL;66,91666668;
Cazalilla;2012;Demandantes;Hombres;De 16 a 29 años;10,33333332;
Cazalilla;2012;Demandantes;Hombres;De 30 a 44 años;12,83333334;
Cazalilla;2012;Demandantes;Hombres;De 45 a 64 años;13,58333333;
Cazalilla;2012;Demandantes;Hombres;TOTAL;36,74999999;
Cazalilla;2012;Demandantes;Mujeres;De 16 a 29 años;14,33333334;
Cazalilla;2012;Demandantes;Mujeres;De 30 a 44 años;7,66666667;
Cazalilla;2012;Demandantes;Mujeres;De 45 a 64 años;5,66666668;
Cazalilla;2012;Demandantes;Mujeres;TOTAL;27,66666669;
Cazalilla;2012;Demandantes;Ambos sexos;De 16 a 29 años;24,66666666;
Cazalilla;2012;Demandantes;Ambos sexos;De 30 a 44 años;20,50000001;
Cazalilla;2012;Demandantes;Ambos sexos;De 45 a 64 años;19,25000001;
Cazalilla;2012;Demandantes;Ambos sexos;TOTAL;64,41666668;
Cazorla;2010;Demandantes;Hombres;De 16 a 29 años;62,58333331;
Cazorla;2010;Demandantes;Hombres;De 30 a 44 años;95,08333333;
Cazorla;2010;Demandantes;Hombres;De 45 a 64 años;84,33333333;
Cazorla;2010;Demandantes;Hombres;TOTAL;241,99999997;
Cazorla;2010;Demandantes;Mujeres;De 16 a 29 años;77,08333333;
Cazorla;2010;Demandantes;Mujeres;De 30 a 44 años;129,50000001;
Cazorla;2010;Demandantes;Mujeres;De 45 a 64 años;89,16666667;
Cazorla;2010;Demandantes;Mujeres;TOTAL;295,75000001;
Cazorla;2010;Demandantes;Ambos sexos;De 16 a 29 años;139,66666664;
Cazorla;2010;Demandantes;Ambos sexos;De 30 a 44 años;224,58333334;
Cazorla;2010;Demandantes;Ambos sexos;De 45 a 64 años;173,5;
Cazorla;2010;Demandantes;Ambos sexos;TOTAL;537,74999998;
Cazorla;2011;Demandantes;Hombres;De 16 a 29 años;76,08333333;
Cazorla;2011;Demandantes;Hombres;De 30 a 44 años;107,66666666;
Cazorla;2011;Demandantes;Hombres;De 45 a 64 años;96,66666668;
Cazorla;2011;Demandantes;Hombres;TOTAL;280,41666667;
Cazorla;2011;Demandantes;Mujeres;De 16 a 29 años;99,41666666;
Cazorla;2011;Demandantes;Mujeres;De 30 a 44 años;114,91666668;
Cazorla;2011;Demandantes;Mujeres;De 45 a 64 años;97,33333334;
Cazorla;2011;Demandantes;Mujeres;TOTAL;311,66666668;
Cazorla;2011;Demandantes;Ambos sexos;De 16 a 29 años;175,49999999;
Cazorla;2011;Demandantes;Ambos sexos;De 30 a 44 años;222,58333334;
Cazorla;2011;Demandantes;Ambos sexos;De 45 a 64 años;194,00000002;
Cazorla;2011;Demandantes;Ambos sexos;TOTAL;592,08333335;
Cazorla;2012;Demandantes;Hombres;De 16 a 29 años;93,75000001;
Cazorla;2012;Demandantes;Hombres;De 30 a 44 años;132,91666666;
Cazorla;2012;Demandantes;Hombres;De 45 a 64 años;123,25;
Cazorla;2012;Demandantes;Hombres;TOTAL;349,91666667;
Cazorla;2012;Demandantes;Mujeres;De 16 a 29 años;119,58333334;
Cazorla;2012;Demandantes;Mujeres;De 30 a 44 años;137,83333331;
Cazorla;2012;Demandantes;Mujeres;De 45 a 64 años;111,66666667;
Cazorla;2012;Demandantes;Mujeres;TOTAL;369,08333332;
Cazorla;2012;Demandantes;Ambos sexos;De 16 a 29 años;213,33333335;
Cazorla;2012;Demandantes;Ambos sexos;De 30 a 44 años;270,74999997;
Cazorla;2012;Demandantes;Ambos sexos;De 45 a 64 años;234,91666667;
Cazorla;2012;Demandantes;Ambos sexos;TOTAL;718,99999999;
Chiclana de Segura;2010;Demandantes;Hombres;De 16 a 29 años;0,75;
Chiclana de Segura;2010;Demandantes;Hombres;De 30 a 44 años;3,08333332;
Chiclana de Segura;2010;Demandantes;Hombres;De 45 a 64 años;2,91666667;
Chiclana de Segura;2010;Demandantes;Hombres;TOTAL;6,74999999;
Chiclana de Segura;2010;Demandantes;Mujeres;De 16 a 29 años;6,33333334;
Chiclana de Segura;2010;Demandantes;Mujeres;De 30 a 44 años;1,83333334;
Chiclana de Segura;2010;Demandantes;Mujeres;De 45 a 64 años;3,16666668;
Chiclana de Segura;2010;Demandantes;Mujeres;TOTAL;11,33333336;
Chiclana de Segura;2010;Demandantes;Ambos sexos;De 16 a 29 años;7,08333334;
Chiclana de Segura;2010;Demandantes;Ambos sexos;De 30 a 44 años;4,91666666;
Chiclana de Segura;2010;Demandantes;Ambos sexos;De 45 a 64 años;6,08333335;
Chiclana de Segura;2010;Demandantes;Ambos sexos;TOTAL;18,08333335;
Chiclana de Segura;2011;Demandantes;Hombres;De 16 a 29 años;2,5;
Chiclana de Segura;2011;Demandantes;Hombres;De 30 a 44 años;5,33333333;
Chiclana de Segura;2011;Demandantes;Hombres;De 45 a 64 años;2,08333334;
Chiclana de Segura;2011;Demandantes;Hombres;TOTAL;9,91666667;
Chiclana de Segura;2011;Demandantes;Mujeres;De 16 a 29 años;7,5;
Chiclana de Segura;2011;Demandantes;Mujeres;De 30 a 44 años;3,25000001;
Chiclana de Segura;2011;Demandantes;Mujeres;De 45 a 64 años;1,74999999;
Chiclana de Segura;2011;Demandantes;Mujeres;TOTAL;12,5;
Chiclana de Segura;2011;Demandantes;Ambos sexos;De 16 a 29 años;10;
Chiclana de Segura;2011;Demandantes;Ambos sexos;De 30 a 44 años;8,58333334;
Chiclana de Segura;2011;Demandantes;Ambos sexos;De 45 a 64 años;3,83333333;
Chiclana de Segura;2011;Demandantes;Ambos sexos;TOTAL;22,41666667;
Chiclana de Segura;2012;Demandantes;Hombres;De 16 a 29 años;3,83333334;
Chiclana de Segura;2012;Demandantes;Hombres;De 30 a 44 años;2,83333333;
Chiclana de Segura;2012;Demandantes;Hombres;De 45 a 64 años;4;
Chiclana de Segura;2012;Demandantes;Hombres;TOTAL;10,66666667;
Chiclana de Segura;2012;Demandantes;Mujeres;De 16 a 29 años;12,66666667;
Chiclana de Segura;2012;Demandantes;Mujeres;De 30 a 44 años;6,58333334;
Chiclana de Segura;2012;Demandantes;Mujeres;De 45 a 64 años;6,33333333;
Chiclana de Segura;2012;Demandantes;Mujeres;TOTAL;25,58333334;
Chiclana de Segura;2012;Demandantes;Ambos sexos;De 16 a 29 años;16,50000001;
Chiclana de Segura;2012;Demandantes;Ambos sexos;De 30 a 44 años;9,41666667;
Chiclana de Segura;2012;Demandantes;Ambos sexos;De 45 a 64 años;10,33333333;
Chiclana de Segura;2012;Demandantes;Ambos sexos;TOTAL;36,25000001;
Chilluévar;2010;Demandantes;Hombres;De 16 a 29 años;5,83333334;
Chilluévar;2010;Demandantes;Hombres;De 30 a 44 años;10,50000001;
Chilluévar;2010;Demandantes;Hombres;De 45 a 64 años;8,33333333;
Chilluévar;2010;Demandantes;Hombres;TOTAL;24,66666668;
Chilluévar;2010;Demandantes;Mujeres;De 16 a 29 años;7,83333333;
Chilluévar;2010;Demandantes;Mujeres;De 30 a 44 años;6,83333333;
Chilluévar;2010;Demandantes;Mujeres;De 45 a 64 años;3,83333334;
Chilluévar;2010;Demandantes;Mujeres;TOTAL;18,5;
Chilluévar;2010;Demandantes;Ambos sexos;De 16 a 29 años;13,66666667;
Chilluévar;2010;Demandantes;Ambos sexos;De 30 a 44 años;17,33333334;
Chilluévar;2010;Demandantes;Ambos sexos;De 45 a 64 años;12,16666667;
Chilluévar;2010;Demandantes;Ambos sexos;TOTAL;43,16666668;
Chilluévar;2011;Demandantes;Hombres;De 16 a 29 años;10,58333332;
Chilluévar;2011;Demandantes;Hombres;De 30 a 44 años;11,99999999;
Chilluévar;2011;Demandantes;Hombres;De 45 a 64 años;13,91666667;
Chilluévar;2011;Demandantes;Hombres;TOTAL;36,49999998;
Chilluévar;2011;Demandantes;Mujeres;De 16 a 29 años;12,08333333;
Chilluévar;2011;Demandantes;Mujeres;De 30 a 44 años;8,33333334;
Chilluévar;2011;Demandantes;Mujeres;De 45 a 64 años;1,91666667;
Chilluévar;2011;Demandantes;Mujeres;TOTAL;22,33333334;
Chilluévar;2011;Demandantes;Ambos sexos;De 16 a 29 años;22,66666665;
Chilluévar;2011;Demandantes;Ambos sexos;De 30 a 44 años;20,33333333;
Chilluévar;2011;Demandantes;Ambos sexos;De 45 a 64 años;15,83333334;
Chilluévar;2011;Demandantes;Ambos sexos;TOTAL;58,83333332;
Chilluévar;2012;Demandantes;Hombres;De 16 a 29 años;12,83333333;
Chilluévar;2012;Demandantes;Hombres;De 30 a 44 años;15,58333333;
Chilluévar;2012;Demandantes;Hombres;De 45 a 64 años;17,5;
Chilluévar;2012;Demandantes;Hombres;TOTAL;45,91666666;
Chilluévar;2012;Demandantes;Mujeres;De 16 a 29 años;15,49999999;
Chilluévar;2012;Demandantes;Mujeres;De 30 a 44 años;11,66666667;
Chilluévar;2012;Demandantes;Mujeres;De 45 a 64 años;1,99999999;
Chilluévar;2012;Demandantes;Mujeres;TOTAL;29,16666665;
Chilluévar;2012;Demandantes;Ambos sexos;De 16 a 29 años;28,33333332;
Chilluévar;2012;Demandantes;Ambos sexos;De 30 a 44 años;27,25;
Chilluévar;2012;Demandantes;Ambos sexos;De 45 a 64 años;19,49999999;
Chilluévar;2012;Demandantes;Ambos sexos;TOTAL;75,08333331;
Escañuela;2010;Demandantes;Hombres;De 16 a 29 años;5,24999999;
Escañuela;2010;Demandantes;Hombres;De 30 a 44 años;6,41666665;
Escañuela;2010;Demandantes;Hombres;De 45 a 64 años;7,75000001;
Escañuela;2010;Demandantes;Hombres;TOTAL;19,41666665;
Escañuela;2010;Demandantes;Mujeres;De 16 a 29 años;4,5;
Escañuela;2010;Demandantes;Mujeres;De 30 a 44 años;5,25000001;
Escañuela;2010;Demandantes;Mujeres;De 45 a 64 años;2;
Escañuela;2010;Demandantes;Mujeres;TOTAL;11,75000001;
Escañuela;2010;Demandantes;Ambos sexos;De 16 a 29 años;9,74999999;
Escañuela;2010;Demandantes;Ambos sexos;De 30 a 44 años;11,66666666;
Escañuela;2010;Demandantes;Ambos sexos;De 45 a 64 años;9,75000001;
Escañuela;2010;Demandantes;Ambos sexos;TOTAL;31,16666666;
Escañuela;2011;Demandantes;Hombres;De 16 a 29 años;7,16666665;
Escañuela;2011;Demandantes;Hombres;De 30 a 44 años;12,08333334;
Escañuela;2011;Demandantes;Hombres;De 45 a 64 años;9,08333334;
Escañuela;2011;Demandantes;Hombres;TOTAL;28,33333333;
Escañuela;2011;Demandantes;Mujeres;De 16 a 29 años;3,74999999;
Escañuela;2011;Demandantes;Mujeres;De 30 a 44 años;3,16666666;
Escañuela;2011;Demandantes;Mujeres;De 45 a 64 años;2,08333332;
Escañuela;2011;Demandantes;Mujeres;TOTAL;8,99999997;
Escañuela;2011;Demandantes;Ambos sexos;De 16 a 29 años;10,91666664;
Escañuela;2011;Demandantes;Ambos sexos;De 30 a 44 años;15,25;
Escañuela;2011;Demandantes;Ambos sexos;De 45 a 64 años;11,16666666;
Escañuela;2011;Demandantes;Ambos sexos;TOTAL;37,3333333;
Escañuela;2012;Demandantes;Hombres;De 16 a 29 años;6;
Escañuela;2012;Demandantes;Hombres;De 30 a 44 años;11,91666665;
Escañuela;2012;Demandantes;Hombres;De 45 a 64 años;15,08333335;
Escañuela;2012;Demandantes;Hombres;TOTAL;33;
Escañuela;2012;Demandantes;Mujeres;De 16 a 29 años;10,66666667;
Escañuela;2012;Demandantes;Mujeres;De 30 a 44 años;4,16666668;
Escañuela;2012;Demandantes;Mujeres;De 45 a 64 años;3,25;
Escañuela;2012;Demandantes;Mujeres;TOTAL;18,08333335;
Escañuela;2012;Demandantes;Ambos sexos;De 16 a 29 años;16,66666667;
Escañuela;2012;Demandantes;Ambos sexos;De 30 a 44 años;16,08333333;
Escañuela;2012;Demandantes;Ambos sexos;De 45 a 64 años;18,33333335;
Escañuela;2012;Demandantes;Ambos sexos;TOTAL;51,08333335;
Espeluy;2010;Demandantes;Hombres;De 16 a 29 años;8,16666667;
Espeluy;2010;Demandantes;Hombres;De 30 a 44 años;6,83333332;
Espeluy;2010;Demandantes;Hombres;De 45 a 64 años;7,41666666;
Espeluy;2010;Demandantes;Hombres;TOTAL;22,41666665;
Espeluy;2010;Demandantes;Mujeres;De 16 a 29 años;6,75;
Espeluy;2010;Demandantes;Mujeres;De 30 a 44 años;10;
Espeluy;2010;Demandantes;Mujeres;De 45 a 64 años;7,08333334;
Espeluy;2010;Demandantes;Mujeres;TOTAL;23,83333334;
Espeluy;2010;Demandantes;Ambos sexos;De 16 a 29 años;14,91666667;
Espeluy;2010;Demandantes;Ambos sexos;De 30 a 44 años;16,83333332;
Espeluy;2010;Demandantes;Ambos sexos;De 45 a 64 años;14,5;
Espeluy;2010;Demandantes;Ambos sexos;TOTAL;46,24999999;
Espeluy;2011;Demandantes;Hombres;De 16 a 29 años;6,99999999;
Espeluy;2011;Demandantes;Hombres;De 30 a 44 años;5,91666666;
Espeluy;2011;Demandantes;Hombres;De 45 a 64 años;7,5;
Espeluy;2011;Demandantes;Hombres;TOTAL;20,41666665;
Espeluy;2011;Demandantes;Mujeres;De 16 a 29 años;6,08333333;
Espeluy;2011;Demandantes;Mujeres;De 30 a 44 años;9,08333333;
Espeluy;2011;Demandantes;Mujeres;De 45 a 64 años;7,49999999;
Espeluy;2011;Demandantes;Mujeres;TOTAL;22,66666665;
Espeluy;2011;Demandantes;Ambos sexos;De 16 a 29 años;13,08333332;
Espeluy;2011;Demandantes;Ambos sexos;De 30 a 44 años;14,99999999;
Espeluy;2011;Demandantes;Ambos sexos;De 45 a 64 años;14,99999999;
Espeluy;2011;Demandantes;Ambos sexos;TOTAL;43,0833333;
Espeluy;2012;Demandantes;Hombres;De 16 a 29 años;9,58333333;
Espeluy;2012;Demandantes;Hombres;De 30 a 44 años;6,41666666;
Espeluy;2012;Demandantes;Hombres;De 45 a 64 años;10,49999998;
Espeluy;2012;Demandantes;Hombres;TOTAL;26,49999997;
Espeluy;2012;Demandantes;Mujeres;De 16 a 29 años;10,33333334;
Espeluy;2012;Demandantes;Mujeres;De 30 a 44 años;13,16666666;
Espeluy;2012;Demandantes;Mujeres;De 45 a 64 años;8,5;
Espeluy;2012;Demandantes;Mujeres;TOTAL;32;
Espeluy;2012;Demandantes;Ambos sexos;De 16 a 29 años;19,91666667;
Espeluy;2012;Demandantes;Ambos sexos;De 30 a 44 años;19,58333332;
Espeluy;2012;Demandantes;Ambos sexos;De 45 a 64 años;18,99999998;
Espeluy;2012;Demandantes;Ambos sexos;TOTAL;58,49999997;
Frailes;2010;Demandantes;Hombres;De 16 a 29 años;8,33333332;
Frailes;2010;Demandantes;Hombres;De 30 a 44 años;7,83333333;
Frailes;2010;Demandantes;Hombres;De 45 a 64 años;9,00000001;
Frailes;2010;Demandantes;Hombres;TOTAL;25,16666666;
Frailes;2010;Demandantes;Mujeres;De 16 a 29 años;8,83333333;
Frailes;2010;Demandantes;Mujeres;De 30 a 44 años;6,83333334;
Frailes;2010;Demandantes;Mujeres;De 45 a 64 años;4,08333334;
Frailes;2010;Demandantes;Mujeres;TOTAL;19,75000001;
Frailes;2010;Demandantes;Ambos sexos;De 16 a 29 años;17,16666665;
Frailes;2010;Demandantes;Ambos sexos;De 30 a 44 años;14,66666667;
Frailes;2010;Demandantes;Ambos sexos;De 45 a 64 años;13,08333335;
Frailes;2010;Demandantes;Ambos sexos;TOTAL;44,91666667;
Frailes;2011;Demandantes;Hombres;De 16 a 29 años;12,58333333;
Frailes;2011;Demandantes;Hombres;De 30 a 44 años;7;
Frailes;2011;Demandantes;Hombres;De 45 a 64 años;8,08333334;
Frailes;2011;Demandantes;Hombres;TOTAL;27,66666667;
Frailes;2011;Demandantes;Mujeres;De 16 a 29 años;7,16666666;
Frailes;2011;Demandantes;Mujeres;De 30 a 44 años;6,24999999;
Frailes;2011;Demandantes;Mujeres;De 45 a 64 años;4,83333332;
Frailes;2011;Demandantes;Mujeres;TOTAL;18,24999997;
Frailes;2011;Demandantes;Ambos sexos;De 16 a 29 años;19,74999999;
Frailes;2011;Demandantes;Ambos sexos;De 30 a 44 años;13,24999999;
Frailes;2011;Demandantes;Ambos sexos;De 45 a 64 años;12,91666666;
Frailes;2011;Demandantes;Ambos sexos;TOTAL;45,91666664;
Frailes;2012;Demandantes;Hombres;De 16 a 29 años;11,83333332;
Frailes;2012;Demandantes;Hombres;De 30 a 44 años;10,66666665;
Frailes;2012;Demandantes;Hombres;De 45 a 64 años;8,41666665;
Frailes;2012;Demandantes;Hombres;TOTAL;30,91666662;
Frailes;2012;Demandantes;Mujeres;De 16 a 29 años;8,74999999;
Frailes;2012;Demandantes;Mujeres;De 30 a 44 años;9,91666667;
Frailes;2012;Demandantes;Mujeres;De 45 a 64 años;3,41666667;
Frailes;2012;Demandantes;Mujeres;TOTAL;22,08333333;
Frailes;2012;Demandantes;Ambos sexos;De 16 a 29 años;20,58333331;
Frailes;2012;Demandantes;Ambos sexos;De 30 a 44 años;20,58333332;
Frailes;2012;Demandantes;Ambos sexos;De 45 a 64 años;11,83333332;
Frailes;2012;Demandantes;Ambos sexos;TOTAL;52,99999995;
Fuensanta de Martos;2010;Demandantes;Hombres;De 16 a 29 años;20,25000002;
Fuensanta de Martos;2010;Demandantes;Hombres;De 30 a 44 años;28,41666667;
Fuensanta de Martos;2010;Demandantes;Hombres;De 45 a 64 años;19,25000001;
Fuensanta de Martos;2010;Demandantes;Hombres;TOTAL;67,9166667;
Fuensanta de Martos;2010;Demandantes;Mujeres;De 16 a 29 años;21,91666667;
Fuensanta de Martos;2010;Demandantes;Mujeres;De 30 a 44 años;29,58333334;
Fuensanta de Martos;2010;Demandantes;Mujeres;De 45 a 64 años;13,16666666;
Fuensanta de Martos;2010;Demandantes;Mujeres;TOTAL;64,66666667;
Fuensanta de Martos;2010;Demandantes;Ambos sexos;De 16 a 29 años;42,16666669;
Fuensanta de Martos;2010;Demandantes;Ambos sexos;De 30 a 44 años;58,00000001;
Fuensanta de Martos;2010;Demandantes;Ambos sexos;De 45 a 64 años;32,41666667;
Fuensanta de Martos;2010;Demandantes;Ambos sexos;TOTAL;132,58333337;
Fuensanta de Martos;2011;Demandantes;Hombres;De 16 a 29 años;24,33333333;
Fuensanta de Martos;2011;Demandantes;Hombres;De 30 a 44 años;29,83333334;
Fuensanta de Martos;2011;Demandantes;Hombres;De 45 a 64 años;20,50000002;
Fuensanta de Martos;2011;Demandantes;Hombres;TOTAL;74,66666669;
Fuensanta de Martos;2011;Demandantes;Mujeres;De 16 a 29 años;27,83333332;
Fuensanta de Martos;2011;Demandantes;Mujeres;De 30 a 44 años;26,08333333;
Fuensanta de Martos;2011;Demandantes;Mujeres;De 45 a 64 años;12,58333334;
Fuensanta de Martos;2011;Demandantes;Mujeres;TOTAL;66,49999999;
Fuensanta de Martos;2011;Demandantes;Ambos sexos;De 16 a 29 años;52,16666665;
Fuensanta de Martos;2011;Demandantes;Ambos sexos;De 30 a 44 años;55,91666667;
Fuensanta de Martos;2011;Demandantes;Ambos sexos;De 45 a 64 años;33,08333336;
Fuensanta de Martos;2011;Demandantes;Ambos sexos;TOTAL;141,16666668;
Fuensanta de Martos;2012;Demandantes;Hombres;De 16 a 29 años;36,66666665;
Fuensanta de Martos;2012;Demandantes;Hombres;De 30 a 44 años;44,08333332;
Fuensanta de Martos;2012;Demandantes;Hombres;De 45 a 64 años;28,41666666;
Fuensanta de Martos;2012;Demandantes;Hombres;TOTAL;109,16666663;
Fuensanta de Martos;2012;Demandantes;Mujeres;De 16 a 29 años;37,25;
Fuensanta de Martos;2012;Demandantes;Mujeres;De 30 a 44 años;32,75000001;
Fuensanta de Martos;2012;Demandantes;Mujeres;De 45 a 64 años;15,24999999;
Fuensanta de Martos;2012;Demandantes;Mujeres;TOTAL;85,25;
Fuensanta de Martos;2012;Demandantes;Ambos sexos;De 16 a 29 años;73,91666665;
Fuensanta de Martos;2012;Demandantes;Ambos sexos;De 30 a 44 años;76,83333333;
Fuensanta de Martos;2012;Demandantes;Ambos sexos;De 45 a 64 años;43,66666665;
Fuensanta de Martos;2012;Demandantes;Ambos sexos;TOTAL;194,41666663;
Fuerte del Rey;2010;Demandantes;Hombres;De 16 a 29 años;8,16666665;
Fuerte del Rey;2010;Demandantes;Hombres;De 30 a 44 años;18;
Fuerte del Rey;2010;Demandantes;Hombres;De 45 a 64 años;10;
Fuerte del Rey;2010;Demandantes;Hombres;TOTAL;36,16666665;
Fuerte del Rey;2010;Demandantes;Mujeres;De 16 a 29 años;11,25;
Fuerte del Rey;2010;Demandantes;Mujeres;De 30 a 44 años;20,41666667;
Fuerte del Rey;2010;Demandantes;Mujeres;De 45 a 64 años;9,25;
Fuerte del Rey;2010;Demandantes;Mujeres;TOTAL;40,91666667;
Fuerte del Rey;2010;Demandantes;Ambos sexos;De 16 a 29 años;19,41666665;
Fuerte del Rey;2010;Demandantes;Ambos sexos;De 30 a 44 años;38,41666667;
Fuerte del Rey;2010;Demandantes;Ambos sexos;De 45 a 64 años;19,25;
Fuerte del Rey;2010;Demandantes;Ambos sexos;TOTAL;77,08333332;
Fuerte del Rey;2011;Demandantes;Hombres;De 16 a 29 años;5,58333333;
Fuerte del Rey;2011;Demandantes;Hombres;De 30 a 44 años;14,25000002;
Fuerte del Rey;2011;Demandantes;Hombres;De 45 a 64 años;9,49999999;
Fuerte del Rey;2011;Demandantes;Hombres;TOTAL;29,33333334;
Fuerte del Rey;2011;Demandantes;Mujeres;De 16 a 29 años;16,08333334;
Fuerte del Rey;2011;Demandantes;Mujeres;De 30 a 44 años;18,41666667;
Fuerte del Rey;2011;Demandantes;Mujeres;De 45 a 64 años;7,66666666;
Fuerte del Rey;2011;Demandantes;Mujeres;TOTAL;42,16666667;
Fuerte del Rey;2011;Demandantes;Ambos sexos;De 16 a 29 años;21,66666667;
Fuerte del Rey;2011;Demandantes;Ambos sexos;De 30 a 44 años;32,66666669;
Fuerte del Rey;2011;Demandantes;Ambos sexos;De 45 a 64 años;17,16666665;
Fuerte del Rey;2011;Demandantes;Ambos sexos;TOTAL;71,50000001;
Fuerte del Rey;2012;Demandantes;Hombres;De 16 a 29 años;11,16666666;
Fuerte del Rey;2012;Demandantes;Hombres;De 30 a 44 años;18,74999999;
Fuerte del Rey;2012;Demandantes;Hombres;De 45 a 64 años;17;
Fuerte del Rey;2012;Demandantes;Hombres;TOTAL;46,91666665;
Fuerte del Rey;2012;Demandantes;Mujeres;De 16 a 29 años;16,50000001;
Fuerte del Rey;2012;Demandantes;Mujeres;De 30 a 44 años;24,16666667;
Fuerte del Rey;2012;Demandantes;Mujeres;De 45 a 64 años;14,08333335;
Fuerte del Rey;2012;Demandantes;Mujeres;TOTAL;54,75000003;
Fuerte del Rey;2012;Demandantes;Ambos sexos;De 16 a 29 años;27,66666667;
Fuerte del Rey;2012;Demandantes;Ambos sexos;De 30 a 44 años;42,91666666;
Fuerte del Rey;2012;Demandantes;Ambos sexos;De 45 a 64 años;31,08333335;
Fuerte del Rey;2012;Demandantes;Ambos sexos;TOTAL;101,66666668;
Génave;2010;Demandantes;Hombres;De 16 a 29 años;2,58333334;
Génave;2010;Demandantes;Hombres;De 30 a 44 años;3,83333333;
Génave;2010;Demandantes;Hombres;De 45 a 64 años;5,16666667;
Génave;2010;Demandantes;Hombres;TOTAL;11,58333334;
Génave;2010;Demandantes;Mujeres;De 16 a 29 años;7,08333333;
Génave;2010;Demandantes;Mujeres;De 30 a 44 años;4;
Génave;2010;Demandantes;Mujeres;De 45 a 64 años;3,41666667;
Génave;2010;Demandantes;Mujeres;TOTAL;14,5;
Génave;2010;Demandantes;Ambos sexos;De 16 a 29 años;9,66666667;
Génave;2010;Demandantes;Ambos sexos;De 30 a 44 años;7,83333333;
Génave;2010;Demandantes;Ambos sexos;De 45 a 64 años;8,58333334;
Génave;2010;Demandantes;Ambos sexos;TOTAL;26,08333334;
Génave;2011;Demandantes;Hombres;De 16 a 29 años;3,58333333;
Génave;2011;Demandantes;Hombres;De 30 a 44 años;4,33333333;
Génave;2011;Demandantes;Hombres;De 45 a 64 años;5;
Génave;2011;Demandantes;Hombres;TOTAL;12,91666666;
Génave;2011;Demandantes;Mujeres;De 16 a 29 años;7,25;
Génave;2011;Demandantes;Mujeres;De 30 a 44 años;2,83333335;
Génave;2011;Demandantes;Mujeres;De 45 a 64 años;2,58333333;
Génave;2011;Demandantes;Mujeres;TOTAL;12,66666668;
Génave;2011;Demandantes;Ambos sexos;De 16 a 29 años;10,83333333;
Génave;2011;Demandantes;Ambos sexos;De 30 a 44 años;7,16666668;
Génave;2011;Demandantes;Ambos sexos;De 45 a 64 años;7,58333333;
Génave;2011;Demandantes;Ambos sexos;TOTAL;25,58333334;
Génave;2012;Demandantes;Hombres;De 16 a 29 años;5,41666666;
Génave;2012;Demandantes;Hombres;De 30 a 44 años;3,41666667;
Génave;2012;Demandantes;Hombres;De 45 a 64 años;7,66666667;
Génave;2012;Demandantes;Hombres;TOTAL;16,5;
Génave;2012;Demandantes;Mujeres;De 16 a 29 años;8,25;
Génave;2012;Demandantes;Mujeres;De 30 a 44 años;6,50000001;
Génave;2012;Demandantes;Mujeres;De 45 a 64 años;3,16666667;
Génave;2012;Demandantes;Mujeres;TOTAL;17,91666668;
Génave;2012;Demandantes;Ambos sexos;De 16 a 29 años;13,66666666;
Génave;2012;Demandantes;Ambos sexos;De 30 a 44 años;9,91666668;
Génave;2012;Demandantes;Ambos sexos;De 45 a 64 años;10,83333334;
Génave;2012;Demandantes;Ambos sexos;TOTAL;34,41666668;
Guarromán;2010;Demandantes;Hombres;De 16 a 29 años;33,74999999;
Guarromán;2010;Demandantes;Hombres;De 30 a 44 años;50,41666666;
Guarromán;2010;Demandantes;Hombres;De 45 a 64 años;44,83333333;
Guarromán;2010;Demandantes;Hombres;TOTAL;128,99999998;
Guarromán;2010;Demandantes;Mujeres;De 16 a 29 años;38,91666666;
Guarromán;2010;Demandantes;Mujeres;De 30 a 44 años;71,66666667;
Guarromán;2010;Demandantes;Mujeres;De 45 a 64 años;89,08333333;
Guarromán;2010;Demandantes;Mujeres;TOTAL;199,66666666;
Guarromán;2010;Demandantes;Ambos sexos;De 16 a 29 años;72,66666665;
Guarromán;2010;Demandantes;Ambos sexos;De 30 a 44 años;122,08333333;
Guarromán;2010;Demandantes;Ambos sexos;De 45 a 64 años;133,91666666;
Guarromán;2010;Demandantes;Ambos sexos;TOTAL;328,66666664;
Guarromán;2011;Demandantes;Hombres;De 16 a 29 años;45,5;
Guarromán;2011;Demandantes;Hombres;De 30 a 44 años;55,08333334;
Guarromán;2011;Demandantes;Hombres;De 45 a 64 años;64,16666665;
Guarromán;2011;Demandantes;Hombres;TOTAL;164,74999999;
Guarromán;2011;Demandantes;Mujeres;De 16 a 29 años;44,16666666;
Guarromán;2011;Demandantes;Mujeres;De 30 a 44 años;66,91666667;
Guarromán;2011;Demandantes;Mujeres;De 45 a 64 años;100,08333332;
Guarromán;2011;Demandantes;Mujeres;TOTAL;211,16666665;
Guarromán;2011;Demandantes;Ambos sexos;De 16 a 29 años;89,66666666;
Guarromán;2011;Demandantes;Ambos sexos;De 30 a 44 años;122,00000001;
Guarromán;2011;Demandantes;Ambos sexos;De 45 a 64 años;164,24999997;
Guarromán;2011;Demandantes;Ambos sexos;TOTAL;375,91666664;
Guarromán;2012;Demandantes;Hombres;De 16 a 29 años;47,25;
Guarromán;2012;Demandantes;Hombres;De 30 a 44 años;57,25000002;
Guarromán;2012;Demandantes;Hombres;De 45 a 64 años;81,66666664;
Guarromán;2012;Demandantes;Hombres;TOTAL;186,16666666;
Guarromán;2012;Demandantes;Mujeres;De 16 a 29 años;50,00000001;
Guarromán;2012;Demandantes;Mujeres;De 30 a 44 años;70,74999999;
Guarromán;2012;Demandantes;Mujeres;De 45 a 64 años;110,08333336;
Guarromán;2012;Demandantes;Mujeres;TOTAL;230,83333336;
Guarromán;2012;Demandantes;Ambos sexos;De 16 a 29 años;97,25000001;
Guarromán;2012;Demandantes;Ambos sexos;De 30 a 44 años;128,00000001;
Guarromán;2012;Demandantes;Ambos sexos;De 45 a 64 años;191,75;
Guarromán;2012;Demandantes;Ambos sexos;TOTAL;417,00000002;
Higuera de Calatrava;2010;Demandantes;Hombres;De 16 a 29 años;2,33333332;
Higuera de Calatrava;2010;Demandantes;Hombres;De 30 a 44 años;2,5;
Higuera de Calatrava;2010;Demandantes;Hombres;De 45 a 64 años;7,08333333;
Higuera de Calatrava;2010;Demandantes;Hombres;TOTAL;11,91666665;
Higuera de Calatrava;2010;Demandantes;Mujeres;De 16 a 29 años;3;
Higuera de Calatrava;2010;Demandantes;Mujeres;De 30 a 44 años;1,33333333;
Higuera de Calatrava;2010;Demandantes;Mujeres;De 45 a 64 años;2,08333333;
Higuera de Calatrava;2010;Demandantes;Mujeres;TOTAL;6,41666666;
Higuera de Calatrava;2010;Demandantes;Ambos sexos;De 16 a 29 años;5,33333332;
Higuera de Calatrava;2010;Demandantes;Ambos sexos;De 30 a 44 años;3,83333333;
Higuera de Calatrava;2010;Demandantes;Ambos sexos;De 45 a 64 años;9,16666666;
Higuera de Calatrava;2010;Demandantes;Ambos sexos;TOTAL;18,33333331;
Higuera de Calatrava;2011;Demandantes;Hombres;De 16 a 29 años;3,58333333;
Higuera de Calatrava;2011;Demandantes;Hombres;De 30 a 44 años;3,16666667;
Higuera de Calatrava;2011;Demandantes;Hombres;De 45 a 64 años;6,83333335;
Higuera de Calatrava;2011;Demandantes;Hombres;TOTAL;13,58333335;
Higuera de Calatrava;2011;Demandantes;Mujeres;De 16 a 29 años;1,91666666;
Higuera de Calatrava;2011;Demandantes;Mujeres;De 30 a 44 años;2,33333334;
Higuera de Calatrava;2011;Demandantes;Mujeres;De 45 a 64 años;1,99999999;
Higuera de Calatrava;2011;Demandantes;Mujeres;TOTAL;6,24999999;
Higuera de Calatrava;2011;Demandantes;Ambos sexos;De 16 a 29 años;5,49999999;
Higuera de Calatrava;2011;Demandantes;Ambos sexos;De 30 a 44 años;5,50000001;
Higuera de Calatrava;2011;Demandantes;Ambos sexos;De 45 a 64 años;8,83333334;
Higuera de Calatrava;2011;Demandantes;Ambos sexos;TOTAL;19,83333334;
Higuera de Calatrava;2012;Demandantes;Hombres;De 16 a 29 años;2,33333333;
Higuera de Calatrava;2012;Demandantes;Hombres;De 30 a 44 años;2,16666665;
Higuera de Calatrava;2012;Demandantes;Hombres;De 45 a 64 años;6,91666665;
Higuera de Calatrava;2012;Demandantes;Hombres;TOTAL;11,41666663;
Higuera de Calatrava;2012;Demandantes;Mujeres;De 16 a 29 años;3,50000001;
Higuera de Calatrava;2012;Demandantes;Mujeres;De 30 a 44 años;3;
Higuera de Calatrava;2012;Demandantes;Mujeres;De 45 a 64 años;1,58333333;
Higuera de Calatrava;2012;Demandantes;Mujeres;TOTAL;8,08333334;
Higuera de Calatrava;2012;Demandantes;Ambos sexos;De 16 a 29 años;5,83333334;
Higuera de Calatrava;2012;Demandantes;Ambos sexos;De 30 a 44 años;5,16666665;
Higuera de Calatrava;2012;Demandantes;Ambos sexos;De 45 a 64 años;8,49999998;
Higuera de Calatrava;2012;Demandantes;Ambos sexos;TOTAL;19,49999997;
Hinojares;2010;Demandantes;Hombres;De 16 a 29 años;2,16666666;
Hinojares;2010;Demandantes;Hombres;De 30 a 44 años;4,25;
Hinojares;2010;Demandantes;Hombres;De 45 a 64 años;4,99999999;
Hinojares;2010;Demandantes;Hombres;TOTAL;11,41666665;
Hinojares;2010;Demandantes;Mujeres;De 16 a 29 años;2,58333334;
Hinojares;2010;Demandantes;Mujeres;De 30 a 44 años;5,41666667;
Hinojares;2010;Demandantes;Mujeres;De 45 a 64 años;2,08333333;
Hinojares;2010;Demandantes;Mujeres;TOTAL;10,08333334;
Hinojares;2010;Demandantes;Ambos sexos;De 16 a 29 años;4,75;
Hinojares;2010;Demandantes;Ambos sexos;De 30 a 44 años;9,66666667;
Hinojares;2010;Demandantes;Ambos sexos;De 45 a 64 años;7,08333332;
Hinojares;2010;Demandantes;Ambos sexos;TOTAL;21,49999999;
Hinojares;2011;Demandantes;Hombres;De 16 a 29 años;3,50000001;
Hinojares;2011;Demandantes;Hombres;De 30 a 44 años;5,83333333;
Hinojares;2011;Demandantes;Hombres;De 45 a 64 años;6,49999999;
Hinojares;2011;Demandantes;Hombres;TOTAL;15,83333333;
Hinojares;2011;Demandantes;Mujeres;De 16 a 29 años;2,16666667;
Hinojares;2011;Demandantes;Mujeres;De 30 a 44 años;4,66666667;
Hinojares;2011;Demandantes;Mujeres;De 45 a 64 años;2,33333334;
Hinojares;2011;Demandantes;Mujeres;TOTAL;9,16666668;
Hinojares;2011;Demandantes;Ambos sexos;De 16 a 29 años;5,66666668;
Hinojares;2011;Demandantes;Ambos sexos;De 30 a 44 años;10,5;
Hinojares;2011;Demandantes;Ambos sexos;De 45 a 64 años;8,83333333;
Hinojares;2011;Demandantes;Ambos sexos;TOTAL;25,00000001;
Hinojares;2012;Demandantes;Hombres;De 16 a 29 años;5,5;
Hinojares;2012;Demandantes;Hombres;De 30 a 44 años;4,08333333;
Hinojares;2012;Demandantes;Hombres;De 45 a 64 años;9,08333333;
Hinojares;2012;Demandantes;Hombres;TOTAL;18,66666666;
Hinojares;2012;Demandantes;Mujeres;De 16 a 29 años;2,08333335;
Hinojares;2012;Demandantes;Mujeres;De 30 a 44 años;8,33333333;
Hinojares;2012;Demandantes;Mujeres;De 45 a 64 años;5;
Hinojares;2012;Demandantes;Mujeres;TOTAL;15,41666668;
Hinojares;2012;Demandantes;Ambos sexos;De 16 a 29 años;7,58333335;
Hinojares;2012;Demandantes;Ambos sexos;De 30 a 44 años;12,41666666;
Hinojares;2012;Demandantes;Ambos sexos;De 45 a 64 años;14,08333333;
Hinojares;2012;Demandantes;Ambos sexos;TOTAL;34,08333334;
Hornos;2010;Demandantes;Hombres;De 16 a 29 años;1,33333333;
Hornos;2010;Demandantes;Hombres;De 30 a 44 años;1,5;
Hornos;2010;Demandantes;Hombres;De 45 a 64 años;3,5;
Hornos;2010;Demandantes;Hombres;TOTAL;6,33333333;
Hornos;2010;Demandantes;Mujeres;De 16 a 29 años;2,41666666;
Hornos;2010;Demandantes;Mujeres;De 30 a 44 años;0,75;
Hornos;2010;Demandantes;Mujeres;De 45 a 64 años;2;
Hornos;2010;Demandantes;Mujeres;TOTAL;5,16666666;
Hornos;2010;Demandantes;Ambos sexos;De 16 a 29 años;3,74999999;
Hornos;2010;Demandantes;Ambos sexos;De 30 a 44 años;2,25;
Hornos;2010;Demandantes;Ambos sexos;De 45 a 64 años;5,5;
Hornos;2010;Demandantes;Ambos sexos;TOTAL;11,49999999;
Hornos;2011;Demandantes;Hombres;De 16 a 29 años;2,66666668;
Hornos;2011;Demandantes;Hombres;De 30 a 44 años;2,33333334;
Hornos;2011;Demandantes;Hombres;De 45 a 64 años;4,91666666;
Hornos;2011;Demandantes;Hombres;TOTAL;9,91666668;
Hornos;2011;Demandantes;Mujeres;De 16 a 29 años;3,41666666;
Hornos;2011;Demandantes;Mujeres;De 30 a 44 años;0,74999999;
Hornos;2011;Demandantes;Mujeres;De 45 a 64 años;4,91666667;
Hornos;2011;Demandantes;Mujeres;TOTAL;9,08333332;
Hornos;2011;Demandantes;Ambos sexos;De 16 a 29 años;6,08333334;
Hornos;2011;Demandantes;Ambos sexos;De 30 a 44 años;3,08333333;
Hornos;2011;Demandantes;Ambos sexos;De 45 a 64 años;9,83333333;
Hornos;2011;Demandantes;Ambos sexos;TOTAL;19;
Hornos;2012;Demandantes;Hombres;De 16 a 29 años;3,74999999;
Hornos;2012;Demandantes;Hombres;De 30 a 44 años;2,66666667;
Hornos;2012;Demandantes;Hombres;De 45 a 64 años;5,41666666;
Hornos;2012;Demandantes;Hombres;TOTAL;11,83333332;
Hornos;2012;Demandantes;Mujeres;De 16 a 29 años;5,66666666;
Hornos;2012;Demandantes;Mujeres;De 30 a 44 años;0,66666667;
Hornos;2012;Demandantes;Mujeres;De 45 a 64 años;5,99999999;
Hornos;2012;Demandantes;Mujeres;TOTAL;12,33333332;
Hornos;2012;Demandantes;Ambos sexos;De 16 a 29 años;9,41666665;
Hornos;2012;Demandantes;Ambos sexos;De 30 a 44 años;3,33333334;
Hornos;2012;Demandantes;Ambos sexos;De 45 a 64 años;11,41666665;
Hornos;2012;Demandantes;Ambos sexos;TOTAL;24,16666664;
Huelma;2010;Demandantes;Hombres;De 16 a 29 años;40,83333331;
Huelma;2010;Demandantes;Hombres;De 30 a 44 años;70,99999999;
Huelma;2010;Demandantes;Hombres;De 45 a 64 años;51,50000002;
Huelma;2010;Demandantes;Hombres;TOTAL;163,33333332;
Huelma;2010;Demandantes;Mujeres;De 16 a 29 años;62,33333333;
Huelma;2010;Demandantes;Mujeres;De 30 a 44 años;125,83333332;
Huelma;2010;Demandantes;Mujeres;De 45 a 64 años;61,00000001;
Huelma;2010;Demandantes;Mujeres;TOTAL;249,16666666;
Huelma;2010;Demandantes;Ambos sexos;De 16 a 29 años;103,16666664;
Huelma;2010;Demandantes;Ambos sexos;De 30 a 44 años;196,83333331;
Huelma;2010;Demandantes;Ambos sexos;De 45 a 64 años;112,50000003;
Huelma;2010;Demandantes;Ambos sexos;TOTAL;412,49999998;
Huelma;2011;Demandantes;Hombres;De 16 a 29 años;49,66666664;
Huelma;2011;Demandantes;Hombres;De 30 a 44 años;69,91666664;
Huelma;2011;Demandantes;Hombres;De 45 a 64 años;70,24999998;
Huelma;2011;Demandantes;Hombres;TOTAL;189,83333326;
Huelma;2011;Demandantes;Mujeres;De 16 a 29 años;70,33333331;
Huelma;2011;Demandantes;Mujeres;De 30 a 44 años;120,5;
Huelma;2011;Demandantes;Mujeres;De 45 a 64 años;63,41666668;
Huelma;2011;Demandantes;Mujeres;TOTAL;254,24999999;
Huelma;2011;Demandantes;Ambos sexos;De 16 a 29 años;119,99999995;
Huelma;2011;Demandantes;Ambos sexos;De 30 a 44 años;190,41666664;
Huelma;2011;Demandantes;Ambos sexos;De 45 a 64 años;133,66666666;
Huelma;2011;Demandantes;Ambos sexos;TOTAL;444,08333325;
Huelma;2012;Demandantes;Hombres;De 16 a 29 años;49,25;
Huelma;2012;Demandantes;Hombres;De 30 a 44 años;90,16666665;
Huelma;2012;Demandantes;Hombres;De 45 a 64 años;81,08333334;
Huelma;2012;Demandantes;Hombres;TOTAL;220,49999999;
Huelma;2012;Demandantes;Mujeres;De 16 a 29 años;85,66666666;
Huelma;2012;Demandantes;Mujeres;De 30 a 44 años;130;
Huelma;2012;Demandantes;Mujeres;De 45 a 64 años;67,58333334;
Huelma;2012;Demandantes;Mujeres;TOTAL;283,25;
Huelma;2012;Demandantes;Ambos sexos;De 16 a 29 años;134,91666666;
Huelma;2012;Demandantes;Ambos sexos;De 30 a 44 años;220,16666665;
Huelma;2012;Demandantes;Ambos sexos;De 45 a 64 años;148,66666668;
Huelma;2012;Demandantes;Ambos sexos;TOTAL;503,74999999;
Huesa;2010;Demandantes;Hombres;De 16 a 29 años;8,74999999;
Huesa;2010;Demandantes;Hombres;De 30 a 44 años;12,41666665;
Huesa;2010;Demandantes;Hombres;De 45 a 64 años;13,16666666;
Huesa;2010;Demandantes;Hombres;TOTAL;34,3333333;
Huesa;2010;Demandantes;Mujeres;De 16 a 29 años;12,58333331;
Huesa;2010;Demandantes;Mujeres;De 30 a 44 años;13,41666667;
Huesa;2010;Demandantes;Mujeres;De 45 a 64 años;6,83333333;
Huesa;2010;Demandantes;Mujeres;TOTAL;32,83333331;
Huesa;2010;Demandantes;Ambos sexos;De 16 a 29 años;21,3333333;
Huesa;2010;Demandantes;Ambos sexos;De 30 a 44 años;25,83333332;
Huesa;2010;Demandantes;Ambos sexos;De 45 a 64 años;19,99999999;
Huesa;2010;Demandantes;Ambos sexos;TOTAL;67,16666661;
Huesa;2011;Demandantes;Hombres;De 16 a 29 años;6,74999999;
Huesa;2011;Demandantes;Hombres;De 30 a 44 años;17,66666668;
Huesa;2011;Demandantes;Hombres;De 45 a 64 años;16,33333332;
Huesa;2011;Demandantes;Hombres;TOTAL;40,74999999;
Huesa;2011;Demandantes;Mujeres;De 16 a 29 años;12,66666666;
Huesa;2011;Demandantes;Mujeres;De 30 a 44 años;11,33333334;
Huesa;2011;Demandantes;Mujeres;De 45 a 64 años;5,16666666;
Huesa;2011;Demandantes;Mujeres;TOTAL;29,16666666;
Huesa;2011;Demandantes;Ambos sexos;De 16 a 29 años;19,41666665;
Huesa;2011;Demandantes;Ambos sexos;De 30 a 44 años;29,00000002;
Huesa;2011;Demandantes;Ambos sexos;De 45 a 64 años;21,49999998;
Huesa;2011;Demandantes;Ambos sexos;TOTAL;69,91666665;
Huesa;2012;Demandantes;Hombres;De 16 a 29 años;6,58333332;
Huesa;2012;Demandantes;Hombres;De 30 a 44 años;16,5;
Huesa;2012;Demandantes;Hombres;De 45 a 64 años;19,41666665;
Huesa;2012;Demandantes;Hombres;TOTAL;42,49999997;
Huesa;2012;Demandantes;Mujeres;De 16 a 29 años;12,58333335;
Huesa;2012;Demandantes;Mujeres;De 30 a 44 años;9,08333335;
Huesa;2012;Demandantes;Mujeres;De 45 a 64 años;7;
Huesa;2012;Demandantes;Mujeres;TOTAL;28,6666667;
Huesa;2012;Demandantes;Ambos sexos;De 16 a 29 años;19,16666667;
Huesa;2012;Demandantes;Ambos sexos;De 30 a 44 años;25,58333335;
Huesa;2012;Demandantes;Ambos sexos;De 45 a 64 años;26,41666665;
Huesa;2012;Demandantes;Ambos sexos;TOTAL;71,16666667;
Ibros;2010;Demandantes;Hombres;De 16 a 29 años;24,00000001;
Ibros;2010;Demandantes;Hombres;De 30 a 44 años;39,25000001;
Ibros;2010;Demandantes;Hombres;De 45 a 64 años;38,33333334;
Ibros;2010;Demandantes;Hombres;TOTAL;101,58333336;
Ibros;2010;Demandantes;Mujeres;De 16 a 29 años;32,25000001;
Ibros;2010;Demandantes;Mujeres;De 30 a 44 años;38,74999999;
Ibros;2010;Demandantes;Mujeres;De 45 a 64 años;30,91666667;
Ibros;2010;Demandantes;Mujeres;TOTAL;101,91666667;
Ibros;2010;Demandantes;Ambos sexos;De 16 a 29 años;56,25000002;
Ibros;2010;Demandantes;Ambos sexos;De 30 a 44 años;78;
Ibros;2010;Demandantes;Ambos sexos;De 45 a 64 años;69,25000001;
Ibros;2010;Demandantes;Ambos sexos;TOTAL;203,50000003;
Ibros;2011;Demandantes;Hombres;De 16 a 29 años;30,66666665;
Ibros;2011;Demandantes;Hombres;De 30 a 44 años;37,91666664;
Ibros;2011;Demandantes;Hombres;De 45 a 64 años;44,58333335;
Ibros;2011;Demandantes;Hombres;TOTAL;113,16666664;
Ibros;2011;Demandantes;Mujeres;De 16 a 29 años;37,83333332;
Ibros;2011;Demandantes;Mujeres;De 30 a 44 años;40,08333334;
Ibros;2011;Demandantes;Mujeres;De 45 a 64 años;33,66666668;
Ibros;2011;Demandantes;Mujeres;TOTAL;111,58333334;
Ibros;2011;Demandantes;Ambos sexos;De 16 a 29 años;68,49999997;
Ibros;2011;Demandantes;Ambos sexos;De 30 a 44 años;77,99999998;
Ibros;2011;Demandantes;Ambos sexos;De 45 a 64 años;78,25000003;
Ibros;2011;Demandantes;Ambos sexos;TOTAL;224,74999998;
Ibros;2012;Demandantes;Hombres;De 16 a 29 años;43,33333334;
Ibros;2012;Demandantes;Hombres;De 30 a 44 años;38,50000001;
Ibros;2012;Demandantes;Hombres;De 45 a 64 años;57,91666664;
Ibros;2012;Demandantes;Hombres;TOTAL;139,74999999;
Ibros;2012;Demandantes;Mujeres;De 16 a 29 años;38,83333334;
Ibros;2012;Demandantes;Mujeres;De 30 a 44 años;44,08333335;
Ibros;2012;Demandantes;Mujeres;De 45 a 64 años;43,83333334;
Ibros;2012;Demandantes;Mujeres;TOTAL;126,75000003;
Ibros;2012;Demandantes;Ambos sexos;De 16 a 29 años;82,16666668;
Ibros;2012;Demandantes;Ambos sexos;De 30 a 44 años;82,58333336;
Ibros;2012;Demandantes;Ambos sexos;De 45 a 64 años;101,74999998;
Ibros;2012;Demandantes;Ambos sexos;TOTAL;266,50000002;
Iznatoraf;2010;Demandantes;Hombres;De 16 a 29 años;1,24999999;
Iznatoraf;2010;Demandantes;Hombres;De 30 a 44 años;5,41666668;
Iznatoraf;2010;Demandantes;Hombres;De 45 a 64 años;3,83333333;
Iznatoraf;2010;Demandantes;Hombres;TOTAL;10,5;
Iznatoraf;2010;Demandantes;Mujeres;De 16 a 29 años;7,83333333;
Iznatoraf;2010;Demandantes;Mujeres;De 30 a 44 años;3,08333333;
Iznatoraf;2010;Demandantes;Mujeres;De 45 a 64 años;2,08333333;
Iznatoraf;2010;Demandantes;Mujeres;TOTAL;12,99999999;
Iznatoraf;2010;Demandantes;Ambos sexos;De 16 a 29 años;9,08333332;
Iznatoraf;2010;Demandantes;Ambos sexos;De 30 a 44 años;8,50000001;
Iznatoraf;2010;Demandantes;Ambos sexos;De 45 a 64 años;5,91666666;
Iznatoraf;2010;Demandantes;Ambos sexos;TOTAL;23,49999999;
Iznatoraf;2011;Demandantes;Hombres;De 16 a 29 años;3,25000001;
Iznatoraf;2011;Demandantes;Hombres;De 30 a 44 años;4,50000001;
Iznatoraf;2011;Demandantes;Hombres;De 45 a 64 años;2,83333332;
Iznatoraf;2011;Demandantes;Hombres;TOTAL;10,58333334;
Iznatoraf;2011;Demandantes;Mujeres;De 16 a 29 años;5,16666667;
Iznatoraf;2011;Demandantes;Mujeres;De 30 a 44 años;0,41666667;
Iznatoraf;2011;Demandantes;Mujeres;De 45 a 64 años;3,16666666;
Iznatoraf;2011;Demandantes;Mujeres;TOTAL;8,75;
Iznatoraf;2011;Demandantes;Ambos sexos;De 16 a 29 años;8,41666668;
Iznatoraf;2011;Demandantes;Ambos sexos;De 30 a 44 años;4,91666668;
Iznatoraf;2011;Demandantes;Ambos sexos;De 45 a 64 años;5,99999998;
Iznatoraf;2011;Demandantes;Ambos sexos;TOTAL;19,33333334;
Iznatoraf;2012;Demandantes;Hombres;De 16 a 29 años;4,08333333;
Iznatoraf;2012;Demandantes;Hombres;De 30 a 44 años;5,99999999;
Iznatoraf;2012;Demandantes;Hombres;De 45 a 64 años;4,66666666;
Iznatoraf;2012;Demandantes;Hombres;TOTAL;14,74999998;
Iznatoraf;2012;Demandantes;Mujeres;De 16 a 29 años;6,91666666;
Iznatoraf;2012;Demandantes;Mujeres;De 30 a 44 años;1,58333333;
Iznatoraf;2012;Demandantes;Mujeres;De 45 a 64 años;3;
Iznatoraf;2012;Demandantes;Mujeres;TOTAL;11,49999999;
Iznatoraf;2012;Demandantes;Ambos sexos;De 16 a 29 años;10,99999999;
Iznatoraf;2012;Demandantes;Ambos sexos;De 30 a 44 años;7,58333332;
Iznatoraf;2012;Demandantes;Ambos sexos;De 45 a 64 años;7,66666666;
Iznatoraf;2012;Demandantes;Ambos sexos;TOTAL;26,24999997;
Jabalquinto;2010;Demandantes;Hombres;De 16 a 29 años;12,83333331;
Jabalquinto;2010;Demandantes;Hombres;De 30 a 44 años;26,16666666;
Jabalquinto;2010;Demandantes;Hombres;De 45 a 64 años;23,74999999;
Jabalquinto;2010;Demandantes;Hombres;TOTAL;62,74999996;
Jabalquinto;2010;Demandantes;Mujeres;De 16 a 29 años;17,75;
Jabalquinto;2010;Demandantes;Mujeres;De 30 a 44 años;22,75;
Jabalquinto;2010;Demandantes;Mujeres;De 45 a 64 años;9,33333333;
Jabalquinto;2010;Demandantes;Mujeres;TOTAL;49,83333333;
Jabalquinto;2010;Demandantes;Ambos sexos;De 16 a 29 años;30,58333331;
Jabalquinto;2010;Demandantes;Ambos sexos;De 30 a 44 años;48,91666666;
Jabalquinto;2010;Demandantes;Ambos sexos;De 45 a 64 años;33,08333332;
Jabalquinto;2010;Demandantes;Ambos sexos;TOTAL;112,58333329;
Jabalquinto;2011;Demandantes;Hombres;De 16 a 29 años;12,83333335;
Jabalquinto;2011;Demandantes;Hombres;De 30 a 44 años;24,66666666;
Jabalquinto;2011;Demandantes;Hombres;De 45 a 64 años;31,49999999;
Jabalquinto;2011;Demandantes;Hombres;TOTAL;69;
Jabalquinto;2011;Demandantes;Mujeres;De 16 a 29 años;17,99999999;
Jabalquinto;2011;Demandantes;Mujeres;De 30 a 44 años;16,66666666;
Jabalquinto;2011;Demandantes;Mujeres;De 45 a 64 años;10,41666666;
Jabalquinto;2011;Demandantes;Mujeres;TOTAL;45,08333331;
Jabalquinto;2011;Demandantes;Ambos sexos;De 16 a 29 años;30,83333334;
Jabalquinto;2011;Demandantes;Ambos sexos;De 30 a 44 años;41,33333332;
Jabalquinto;2011;Demandantes;Ambos sexos;De 45 a 64 años;41,91666665;
Jabalquinto;2011;Demandantes;Ambos sexos;TOTAL;114,08333331;
Jabalquinto;2012;Demandantes;Hombres;De 16 a 29 años;16,75000002;
Jabalquinto;2012;Demandantes;Hombres;De 30 a 44 años;24,16666667;
Jabalquinto;2012;Demandantes;Hombres;De 45 a 64 años;42,00000002;
Jabalquinto;2012;Demandantes;Hombres;TOTAL;82,91666671;
Jabalquinto;2012;Demandantes;Mujeres;De 16 a 29 años;21,66666665;
Jabalquinto;2012;Demandantes;Mujeres;De 30 a 44 años;18,83333334;
Jabalquinto;2012;Demandantes;Mujeres;De 45 a 64 años;12,24999999;
Jabalquinto;2012;Demandantes;Mujeres;TOTAL;52,74999998;
Jabalquinto;2012;Demandantes;Ambos sexos;De 16 a 29 años;38,41666667;
Jabalquinto;2012;Demandantes;Ambos sexos;De 30 a 44 años;43,00000001;
Jabalquinto;2012;Demandantes;Ambos sexos;De 45 a 64 años;54,25000001;
Jabalquinto;2012;Demandantes;Ambos sexos;TOTAL;135,66666669;
Jaén (capital);2010;Demandantes;Hombres;De 16 a 29 años;1374,25000002;
Jaén (capital);2010;Demandantes;Hombres;De 30 a 44 años;1690,41666666;
Jaén (capital);2010;Demandantes;Hombres;De 45 a 64 años;1292,08333333;
Jaén (capital);2010;Demandantes;Hombres;TOTAL;4356,75000001;
Jaén (capital);2010;Demandantes;Mujeres;De 16 a 29 años;1403,75;
Jaén (capital);2010;Demandantes;Mujeres;De 30 a 44 años;2463,24999997;
Jaén (capital);2010;Demandantes;Mujeres;De 45 a 64 años;1864,33333335;
Jaén (capital);2010;Demandantes;Mujeres;TOTAL;5731,33333332;
Jaén (capital);2010;Demandantes;Ambos sexos;De 16 a 29 años;2778,00000002;
Jaén (capital);2010;Demandantes;Ambos sexos;De 30 a 44 años;4153,66666663;
Jaén (capital);2010;Demandantes;Ambos sexos;De 45 a 64 años;3156,41666668;
Jaén (capital);2010;Demandantes;Ambos sexos;TOTAL;10088,08333333;
Jaén (capital);2011;Demandantes;Hombres;De 16 a 29 años;1486,50000001;
Jaén (capital);2011;Demandantes;Hombres;De 30 a 44 años;1843,58333336;
Jaén (capital);2011;Demandantes;Hombres;De 45 a 64 años;1417,00000001;
Jaén (capital);2011;Demandantes;Hombres;TOTAL;4747,08333338;
Jaén (capital);2011;Demandantes;Mujeres;De 16 a 29 años;1452,91666667;
Jaén (capital);2011;Demandantes;Mujeres;De 30 a 44 años;2471,66666667;
Jaén (capital);2011;Demandantes;Mujeres;De 45 a 64 años;1966,41666665;
Jaén (capital);2011;Demandantes;Mujeres;TOTAL;5890,99999999;
Jaén (capital);2011;Demandantes;Ambos sexos;De 16 a 29 años;2939,41666668;
Jaén (capital);2011;Demandantes;Ambos sexos;De 30 a 44 años;4315,25000003;
Jaén (capital);2011;Demandantes;Ambos sexos;De 45 a 64 años;3383,41666666;
Jaén (capital);2011;Demandantes;Ambos sexos;TOTAL;10638,08333337;
Jaén (capital);2012;Demandantes;Hombres;De 16 a 29 años;1685,08333334;
Jaén (capital);2012;Demandantes;Hombres;De 30 a 44 años;2199,41666667;
Jaén (capital);2012;Demandantes;Hombres;De 45 a 64 años;1794,41666666;
Jaén (capital);2012;Demandantes;Hombres;TOTAL;5678,91666667;
Jaén (capital);2012;Demandantes;Mujeres;De 16 a 29 años;1782,91666667;
Jaén (capital);2012;Demandantes;Mujeres;De 30 a 44 años;2720,08333331;
Jaén (capital);2012;Demandantes;Mujeres;De 45 a 64 años;2211,41666664;
Jaén (capital);2012;Demandantes;Mujeres;TOTAL;6714,41666662;
Jaén (capital);2012;Demandantes;Ambos sexos;De 16 a 29 años;3468,00000001;
Jaén (capital);2012;Demandantes;Ambos sexos;De 30 a 44 años;4919,49999998;
Jaén (capital);2012;Demandantes;Ambos sexos;De 45 a 64 años;4005,8333333;
Jaén (capital);2012;Demandantes;Ambos sexos;TOTAL;12393,33333329;
Jamilena;2010;Demandantes;Hombres;De 16 a 29 años;20,91666666;
Jamilena;2010;Demandantes;Hombres;De 30 a 44 años;42,75000001;
Jamilena;2010;Demandantes;Hombres;De 45 a 64 años;40,50000001;
Jamilena;2010;Demandantes;Hombres;TOTAL;104,16666668;
Jamilena;2010;Demandantes;Mujeres;De 16 a 29 años;27,75;
Jamilena;2010;Demandantes;Mujeres;De 30 a 44 años;31,91666667;
Jamilena;2010;Demandantes;Mujeres;De 45 a 64 años;15,41666667;
Jamilena;2010;Demandantes;Mujeres;TOTAL;75,08333334;
Jamilena;2010;Demandantes;Ambos sexos;De 16 a 29 años;48,66666666;
Jamilena;2010;Demandantes;Ambos sexos;De 30 a 44 años;74,66666668;
Jamilena;2010;Demandantes;Ambos sexos;De 45 a 64 años;55,91666668;
Jamilena;2010;Demandantes;Ambos sexos;TOTAL;179,25000002;
Jamilena;2011;Demandantes;Hombres;De 16 a 29 años;34,08333333;
Jamilena;2011;Demandantes;Hombres;De 30 a 44 años;42,83333333;
Jamilena;2011;Demandantes;Hombres;De 45 a 64 años;47,75;
Jamilena;2011;Demandantes;Hombres;TOTAL;124,66666666;
Jamilena;2011;Demandantes;Mujeres;De 16 a 29 años;32,83333332;
Jamilena;2011;Demandantes;Mujeres;De 30 a 44 años;35,75000001;
Jamilena;2011;Demandantes;Mujeres;De 45 a 64 años;17,33333332;
Jamilena;2011;Demandantes;Mujeres;TOTAL;85,91666665;
Jamilena;2011;Demandantes;Ambos sexos;De 16 a 29 años;66,91666665;
Jamilena;2011;Demandantes;Ambos sexos;De 30 a 44 años;78,58333334;
Jamilena;2011;Demandantes;Ambos sexos;De 45 a 64 años;65,08333332;
Jamilena;2011;Demandantes;Ambos sexos;TOTAL;210,58333331;
Jamilena;2012;Demandantes;Hombres;De 16 a 29 años;43,41666666;
Jamilena;2012;Demandantes;Hombres;De 30 a 44 años;59,08333334;
Jamilena;2012;Demandantes;Hombres;De 45 a 64 años;58,08333335;
Jamilena;2012;Demandantes;Hombres;TOTAL;160,58333335;
Jamilena;2012;Demandantes;Mujeres;De 16 a 29 años;46,83333334;
Jamilena;2012;Demandantes;Mujeres;De 30 a 44 años;45,58333333;
Jamilena;2012;Demandantes;Mujeres;De 45 a 64 años;21,08333334;
Jamilena;2012;Demandantes;Mujeres;TOTAL;113,50000001;
Jamilena;2012;Demandantes;Ambos sexos;De 16 a 29 años;90,25;
Jamilena;2012;Demandantes;Ambos sexos;De 30 a 44 años;104,66666667;
Jamilena;2012;Demandantes;Ambos sexos;De 45 a 64 años;79,16666669;
Jamilena;2012;Demandantes;Ambos sexos;TOTAL;274,08333336;
Jimena;2010;Demandantes;Hombres;De 16 a 29 años;7,83333335;
Jimena;2010;Demandantes;Hombres;De 30 a 44 años;9,16666667;
Jimena;2010;Demandantes;Hombres;De 45 a 64 años;6,99999999;
Jimena;2010;Demandantes;Hombres;TOTAL;24,00000001;
Jimena;2010;Demandantes;Mujeres;De 16 a 29 años;8,91666667;
Jimena;2010;Demandantes;Mujeres;De 30 a 44 años;6,41666667;
Jimena;2010;Demandantes;Mujeres;De 45 a 64 años;3,25;
Jimena;2010;Demandantes;Mujeres;TOTAL;18,58333334;
Jimena;2010;Demandantes;Ambos sexos;De 16 a 29 años;16,75000002;
Jimena;2010;Demandantes;Ambos sexos;De 30 a 44 años;15,58333334;
Jimena;2010;Demandantes;Ambos sexos;De 45 a 64 años;10,24999999;
Jimena;2010;Demandantes;Ambos sexos;TOTAL;42,58333335;
Jimena;2011;Demandantes;Hombres;De 16 a 29 años;8,41666666;
Jimena;2011;Demandantes;Hombres;De 30 a 44 años;9,91666666;
Jimena;2011;Demandantes;Hombres;De 45 a 64 años;7,58333334;
Jimena;2011;Demandantes;Hombres;TOTAL;25,91666666;
Jimena;2011;Demandantes;Mujeres;De 16 a 29 años;11,08333334;
Jimena;2011;Demandantes;Mujeres;De 30 a 44 años;9,66666667;
Jimena;2011;Demandantes;Mujeres;De 45 a 64 años;5,83333333;
Jimena;2011;Demandantes;Mujeres;TOTAL;26,58333334;
Jimena;2011;Demandantes;Ambos sexos;De 16 a 29 años;19,5;
Jimena;2011;Demandantes;Ambos sexos;De 30 a 44 años;19,58333333;
Jimena;2011;Demandantes;Ambos sexos;De 45 a 64 años;13,41666667;
Jimena;2011;Demandantes;Ambos sexos;TOTAL;52,5;
Jimena;2012;Demandantes;Hombres;De 16 a 29 años;14,74999999;
Jimena;2012;Demandantes;Hombres;De 30 a 44 años;8,83333333;
Jimena;2012;Demandantes;Hombres;De 45 a 64 años;10,25;
Jimena;2012;Demandantes;Hombres;TOTAL;33,83333332;
Jimena;2012;Demandantes;Mujeres;De 16 a 29 años;17,58333333;
Jimena;2012;Demandantes;Mujeres;De 30 a 44 años;9,91666667;
Jimena;2012;Demandantes;Mujeres;De 45 a 64 años;9,33333334;
Jimena;2012;Demandantes;Mujeres;TOTAL;36,83333334;
Jimena;2012;Demandantes;Ambos sexos;De 16 a 29 años;32,33333332;
Jimena;2012;Demandantes;Ambos sexos;De 30 a 44 años;18,75;
Jimena;2012;Demandantes;Ambos sexos;De 45 a 64 años;19,58333334;
Jimena;2012;Demandantes;Ambos sexos;TOTAL;70,66666666;
Jódar;2010;Demandantes;Hombres;De 16 a 29 años;108,08333334;
Jódar;2010;Demandantes;Hombres;De 30 a 44 años;152,41666666;
Jódar;2010;Demandantes;Hombres;De 45 a 64 años;108,5;
Jódar;2010;Demandantes;Hombres;TOTAL;369;
Jódar;2010;Demandantes;Mujeres;De 16 a 29 años;72,08333334;
Jódar;2010;Demandantes;Mujeres;De 30 a 44 años;87,33333333;
Jódar;2010;Demandantes;Mujeres;De 45 a 64 años;59,33333334;
Jódar;2010;Demandantes;Mujeres;TOTAL;218,75000001;
Jódar;2010;Demandantes;Ambos sexos;De 16 a 29 años;180,16666668;
Jódar;2010;Demandantes;Ambos sexos;De 30 a 44 años;239,74999999;
Jódar;2010;Demandantes;Ambos sexos;De 45 a 64 años;167,83333334;
Jódar;2010;Demandantes;Ambos sexos;TOTAL;587,75000001;
Jódar;2011;Demandantes;Hombres;De 16 a 29 años;107,74999998;
Jódar;2011;Demandantes;Hombres;De 30 a 44 años;162,91666668;
Jódar;2011;Demandantes;Hombres;De 45 a 64 años;124,50000001;
Jódar;2011;Demandantes;Hombres;TOTAL;395,16666667;
Jódar;2011;Demandantes;Mujeres;De 16 a 29 años;110,66666667;
Jódar;2011;Demandantes;Mujeres;De 30 a 44 años;95,33333333;
Jódar;2011;Demandantes;Mujeres;De 45 a 64 años;65,33333333;
Jódar;2011;Demandantes;Mujeres;TOTAL;271,33333333;
Jódar;2011;Demandantes;Ambos sexos;De 16 a 29 años;218,41666665;
Jódar;2011;Demandantes;Ambos sexos;De 30 a 44 años;258,25000001;
Jódar;2011;Demandantes;Ambos sexos;De 45 a 64 años;189,83333334;
Jódar;2011;Demandantes;Ambos sexos;TOTAL;666,5;
Jódar;2012;Demandantes;Hombres;De 16 a 29 años;121,50000004;
Jódar;2012;Demandantes;Hombres;De 30 a 44 años;179,91666668;
Jódar;2012;Demandantes;Hombres;De 45 a 64 años;156,16666667;
Jódar;2012;Demandantes;Hombres;TOTAL;457,58333339;
Jódar;2012;Demandantes;Mujeres;De 16 a 29 años;132,66666666;
Jódar;2012;Demandantes;Mujeres;De 30 a 44 años;102,25000001;
Jódar;2012;Demandantes;Mujeres;De 45 a 64 años;73,58333334;
Jódar;2012;Demandantes;Mujeres;TOTAL;308,50000001;
Jódar;2012;Demandantes;Ambos sexos;De 16 a 29 años;254,1666667;
Jódar;2012;Demandantes;Ambos sexos;De 30 a 44 años;282,16666669;
Jódar;2012;Demandantes;Ambos sexos;De 45 a 64 años;229,75000001;
Jódar;2012;Demandantes;Ambos sexos;TOTAL;766,0833334;
La Carolina;2010;Demandantes;Hombres;De 16 a 29 años;305,5;
La Carolina;2010;Demandantes;Hombres;De 30 a 44 años;343,16666667;
La Carolina;2010;Demandantes;Hombres;De 45 a 64 años;271,25;
La Carolina;2010;Demandantes;Hombres;TOTAL;919,91666667;
La Carolina;2010;Demandantes;Mujeres;De 16 a 29 años;304,41666665;
La Carolina;2010;Demandantes;Mujeres;De 30 a 44 años;481,91666666;
La Carolina;2010;Demandantes;Mujeres;De 45 a 64 años;567,25;
La Carolina;2010;Demandantes;Mujeres;TOTAL;1353,58333331;
La Carolina;2010;Demandantes;Ambos sexos;De 16 a 29 años;609,91666665;
La Carolina;2010;Demandantes;Ambos sexos;De 30 a 44 años;825,08333333;
La Carolina;2010;Demandantes;Ambos sexos;De 45 a 64 años;838,5;
La Carolina;2010;Demandantes;Ambos sexos;TOTAL;2273,49999998;
La Carolina;2011;Demandantes;Hombres;De 16 a 29 años;332,16666667;
La Carolina;2011;Demandantes;Hombres;De 30 a 44 años;362,91666667;
La Carolina;2011;Demandantes;Hombres;De 45 a 64 años;324,66666668;
La Carolina;2011;Demandantes;Hombres;TOTAL;1019,75000002;
La Carolina;2011;Demandantes;Mujeres;De 16 a 29 años;327,25;
La Carolina;2011;Demandantes;Mujeres;De 30 a 44 años;486,33333332;
La Carolina;2011;Demandantes;Mujeres;De 45 a 64 años;600,58333332;
La Carolina;2011;Demandantes;Mujeres;TOTAL;1414,16666664;
La Carolina;2011;Demandantes;Ambos sexos;De 16 a 29 años;659,41666667;
La Carolina;2011;Demandantes;Ambos sexos;De 30 a 44 años;849,24999999;
La Carolina;2011;Demandantes;Ambos sexos;De 45 a 64 años;925,25;
La Carolina;2011;Demandantes;Ambos sexos;TOTAL;2433,91666666;
La Carolina;2012;Demandantes;Hombres;De 16 a 29 años;386,16666665;
La Carolina;2012;Demandantes;Hombres;De 30 a 44 años;415,41666668;
La Carolina;2012;Demandantes;Hombres;De 45 a 64 años;405,16666665;
La Carolina;2012;Demandantes;Hombres;TOTAL;1206,74999998;
La Carolina;2012;Demandantes;Mujeres;De 16 a 29 años;388,83333333;
La Carolina;2012;Demandantes;Mujeres;De 30 a 44 años;541,75000002;
La Carolina;2012;Demandantes;Mujeres;De 45 a 64 años;653,75;
La Carolina;2012;Demandantes;Mujeres;TOTAL;1584,33333335;
La Carolina;2012;Demandantes;Ambos sexos;De 16 a 29 años;774,99999998;
La Carolina;2012;Demandantes;Ambos sexos;De 30 a 44 años;957,1666667;
La Carolina;2012;Demandantes;Ambos sexos;De 45 a 64 años;1058,91666665;
La Carolina;2012;Demandantes;Ambos sexos;TOTAL;2791,08333333;
La Guardia de Jaén;2010;Demandantes;Hombres;De 16 a 29 años;23,33333334;
La Guardia de Jaén;2010;Demandantes;Hombres;De 30 a 44 años;35,33333333;
La Guardia de Jaén;2010;Demandantes;Hombres;De 45 a 64 años;40,08333333;
La Guardia de Jaén;2010;Demandantes;Hombres;TOTAL;98,75;
La Guardia de Jaén;2010;Demandantes;Mujeres;De 16 a 29 años;22,91666666;
La Guardia de Jaén;2010;Demandantes;Mujeres;De 30 a 44 años;65,16666666;
La Guardia de Jaén;2010;Demandantes;Mujeres;De 45 a 64 años;19,83333333;
La Guardia de Jaén;2010;Demandantes;Mujeres;TOTAL;107,91666665;
La Guardia de Jaén;2010;Demandantes;Ambos sexos;De 16 a 29 años;46,25;
La Guardia de Jaén;2010;Demandantes;Ambos sexos;De 30 a 44 años;100,49999999;
La Guardia de Jaén;2010;Demandantes;Ambos sexos;De 45 a 64 años;59,91666666;
La Guardia de Jaén;2010;Demandantes;Ambos sexos;TOTAL;206,66666665;
La Guardia de Jaén;2011;Demandantes;Hombres;De 16 a 29 años;31,75;
La Guardia de Jaén;2011;Demandantes;Hombres;De 30 a 44 años;42,33333333;
La Guardia de Jaén;2011;Demandantes;Hombres;De 45 a 64 años;52,16666667;
La Guardia de Jaén;2011;Demandantes;Hombres;TOTAL;126,25;
La Guardia de Jaén;2011;Demandantes;Mujeres;De 16 a 29 años;28,75;
La Guardia de Jaén;2011;Demandantes;Mujeres;De 30 a 44 años;68,25000001;
La Guardia de Jaén;2011;Demandantes;Mujeres;De 45 a 64 años;23,16666666;
La Guardia de Jaén;2011;Demandantes;Mujeres;TOTAL;120,16666667;
La Guardia de Jaén;2011;Demandantes;Ambos sexos;De 16 a 29 años;60,5;
La Guardia de Jaén;2011;Demandantes;Ambos sexos;De 30 a 44 años;110,58333334;
La Guardia de Jaén;2011;Demandantes;Ambos sexos;De 45 a 64 años;75,33333333;
La Guardia de Jaén;2011;Demandantes;Ambos sexos;TOTAL;246,41666667;
La Guardia de Jaén;2012;Demandantes;Hombres;De 16 a 29 años;45,83333333;
La Guardia de Jaén;2012;Demandantes;Hombres;De 30 a 44 años;60,74999999;
La Guardia de Jaén;2012;Demandantes;Hombres;De 45 a 64 años;69,74999998;
La Guardia de Jaén;2012;Demandantes;Hombres;TOTAL;176,3333333;
La Guardia de Jaén;2012;Demandantes;Mujeres;De 16 a 29 años;41,16666667;
La Guardia de Jaén;2012;Demandantes;Mujeres;De 30 a 44 años;79,41666668;
La Guardia de Jaén;2012;Demandantes;Mujeres;De 45 a 64 años;30,58333332;
La Guardia de Jaén;2012;Demandantes;Mujeres;TOTAL;151,16666667;
La Guardia de Jaén;2012;Demandantes;Ambos sexos;De 16 a 29 años;87;
La Guardia de Jaén;2012;Demandantes;Ambos sexos;De 30 a 44 años;140,16666667;
La Guardia de Jaén;2012;Demandantes;Ambos sexos;De 45 a 64 años;100,3333333;
La Guardia de Jaén;2012;Demandantes;Ambos sexos;TOTAL;327,49999997;
La Iruela;2010;Demandantes;Hombres;De 16 a 29 años;15,58333334;
La Iruela;2010;Demandantes;Hombres;De 30 a 44 años;11,75;
La Iruela;2010;Demandantes;Hombres;De 45 a 64 años;15,49999999;
La Iruela;2010;Demandantes;Hombres;TOTAL;42,83333333;
La Iruela;2010;Demandantes;Mujeres;De 16 a 29 años;18,16666669;
La Iruela;2010;Demandantes;Mujeres;De 30 a 44 años;24,91666667;
La Iruela;2010;Demandantes;Mujeres;De 45 a 64 años;8,24999998;
La Iruela;2010;Demandantes;Mujeres;TOTAL;51,33333334;
La Iruela;2010;Demandantes;Ambos sexos;De 16 a 29 años;33,75000003;
La Iruela;2010;Demandantes;Ambos sexos;De 30 a 44 años;36,66666667;
La Iruela;2010;Demandantes;Ambos sexos;De 45 a 64 años;23,74999997;
La Iruela;2010;Demandantes;Ambos sexos;TOTAL;94,16666667;
La Iruela;2011;Demandantes;Hombres;De 16 a 29 años;12,58333332;
La Iruela;2011;Demandantes;Hombres;De 30 a 44 años;14,75;
La Iruela;2011;Demandantes;Hombres;De 45 a 64 años;19,74999999;
La Iruela;2011;Demandantes;Hombres;TOTAL;47,08333331;
La Iruela;2011;Demandantes;Mujeres;De 16 a 29 años;20,16666667;
La Iruela;2011;Demandantes;Mujeres;De 30 a 44 años;25,58333333;
La Iruela;2011;Demandantes;Mujeres;De 45 a 64 años;13,08333334;
La Iruela;2011;Demandantes;Mujeres;TOTAL;58,83333334;
La Iruela;2011;Demandantes;Ambos sexos;De 16 a 29 años;32,74999999;
La Iruela;2011;Demandantes;Ambos sexos;De 30 a 44 años;40,33333333;
La Iruela;2011;Demandantes;Ambos sexos;De 45 a 64 años;32,83333333;
La Iruela;2011;Demandantes;Ambos sexos;TOTAL;105,91666665;
La Iruela;2012;Demandantes;Hombres;De 16 a 29 años;19,16666668;
La Iruela;2012;Demandantes;Hombres;De 30 a 44 años;16,83333334;
La Iruela;2012;Demandantes;Hombres;De 45 a 64 años;28,50000001;
La Iruela;2012;Demandantes;Hombres;TOTAL;64,50000003;
La Iruela;2012;Demandantes;Mujeres;De 16 a 29 años;23,66666666;
La Iruela;2012;Demandantes;Mujeres;De 30 a 44 años;32,16666668;
La Iruela;2012;Demandantes;Mujeres;De 45 a 64 años;14,41666667;
La Iruela;2012;Demandantes;Mujeres;TOTAL;70,25000001;
La Iruela;2012;Demandantes;Ambos sexos;De 16 a 29 años;42,83333334;
La Iruela;2012;Demandantes;Ambos sexos;De 30 a 44 años;49,00000002;
La Iruela;2012;Demandantes;Ambos sexos;De 45 a 64 años;42,91666668;
La Iruela;2012;Demandantes;Ambos sexos;TOTAL;134,75000004;
La Puerta de Segura;2010;Demandantes;Hombres;De 16 a 29 años;16,08333332;
La Puerta de Segura;2010;Demandantes;Hombres;De 30 a 44 años;27,66666666;
La Puerta de Segura;2010;Demandantes;Hombres;De 45 a 64 años;20;
La Puerta de Segura;2010;Demandantes;Hombres;TOTAL;63,74999998;
La Puerta de Segura;2010;Demandantes;Mujeres;De 16 a 29 años;19,24999999;
La Puerta de Segura;2010;Demandantes;Mujeres;De 30 a 44 años;18,41666667;
La Puerta de Segura;2010;Demandantes;Mujeres;De 45 a 64 años;18,41666666;
La Puerta de Segura;2010;Demandantes;Mujeres;TOTAL;56,08333332;
La Puerta de Segura;2010;Demandantes;Ambos sexos;De 16 a 29 años;35,33333331;
La Puerta de Segura;2010;Demandantes;Ambos sexos;De 30 a 44 años;46,08333333;
La Puerta de Segura;2010;Demandantes;Ambos sexos;De 45 a 64 años;38,41666666;
La Puerta de Segura;2010;Demandantes;Ambos sexos;TOTAL;119,8333333;
La Puerta de Segura;2011;Demandantes;Hombres;De 16 a 29 años;24,83333334;
La Puerta de Segura;2011;Demandantes;Hombres;De 30 a 44 años;26,66666663;
La Puerta de Segura;2011;Demandantes;Hombres;De 45 a 64 años;22,75;
La Puerta de Segura;2011;Demandantes;Hombres;TOTAL;74,24999997;
La Puerta de Segura;2011;Demandantes;Mujeres;De 16 a 29 años;27,16666666;
La Puerta de Segura;2011;Demandantes;Mujeres;De 30 a 44 años;18,41666667;
La Puerta de Segura;2011;Demandantes;Mujeres;De 45 a 64 años;22,83333335;
La Puerta de Segura;2011;Demandantes;Mujeres;TOTAL;68,41666668;
La Puerta de Segura;2011;Demandantes;Ambos sexos;De 16 a 29 años;52;
La Puerta de Segura;2011;Demandantes;Ambos sexos;De 30 a 44 años;45,0833333;
La Puerta de Segura;2011;Demandantes;Ambos sexos;De 45 a 64 años;45,58333335;
La Puerta de Segura;2011;Demandantes;Ambos sexos;TOTAL;142,66666665;
La Puerta de Segura;2012;Demandantes;Hombres;De 16 a 29 años;26,83333335;
La Puerta de Segura;2012;Demandantes;Hombres;De 30 a 44 años;32,91666664;
La Puerta de Segura;2012;Demandantes;Hombres;De 45 a 64 años;34,08333336;
La Puerta de Segura;2012;Demandantes;Hombres;TOTAL;93,83333335;
La Puerta de Segura;2012;Demandantes;Mujeres;De 16 a 29 años;34,58333333;
La Puerta de Segura;2012;Demandantes;Mujeres;De 30 a 44 años;24,83333332;
La Puerta de Segura;2012;Demandantes;Mujeres;De 45 a 64 años;32,83333333;
La Puerta de Segura;2012;Demandantes;Mujeres;TOTAL;92,24999998;
La Puerta de Segura;2012;Demandantes;Ambos sexos;De 16 a 29 años;61,41666668;
La Puerta de Segura;2012;Demandantes;Ambos sexos;De 30 a 44 años;57,74999996;
La Puerta de Segura;2012;Demandantes;Ambos sexos;De 45 a 64 años;66,91666669;
La Puerta de Segura;2012;Demandantes;Ambos sexos;TOTAL;186,08333333;
Lahiguera;2010;Demandantes;Hombres;De 16 a 29 años;8,99999999;
Lahiguera;2010;Demandantes;Hombres;De 30 a 44 años;16,75000002;
Lahiguera;2010;Demandantes;Hombres;De 45 a 64 años;10,33333334;
Lahiguera;2010;Demandantes;Hombres;TOTAL;36,08333335;
Lahiguera;2010;Demandantes;Mujeres;De 16 a 29 años;11,99999999;
Lahiguera;2010;Demandantes;Mujeres;De 30 a 44 años;9,75;
Lahiguera;2010;Demandantes;Mujeres;De 45 a 64 años;5,41666667;
Lahiguera;2010;Demandantes;Mujeres;TOTAL;27,16666666;
Lahiguera;2010;Demandantes;Ambos sexos;De 16 a 29 años;20,99999998;
Lahiguera;2010;Demandantes;Ambos sexos;De 30 a 44 años;26,50000002;
Lahiguera;2010;Demandantes;Ambos sexos;De 45 a 64 años;15,75000001;
Lahiguera;2010;Demandantes;Ambos sexos;TOTAL;63,25000001;
Lahiguera;2011;Demandantes;Hombres;De 16 a 29 años;6,58333334;
Lahiguera;2011;Demandantes;Hombres;De 30 a 44 años;17,16666669;
Lahiguera;2011;Demandantes;Hombres;De 45 a 64 años;17,08333334;
Lahiguera;2011;Demandantes;Hombres;TOTAL;40,83333337;
Lahiguera;2011;Demandantes;Mujeres;De 16 a 29 años;9,16666668;
Lahiguera;2011;Demandantes;Mujeres;De 30 a 44 años;10,58333333;
Lahiguera;2011;Demandantes;Mujeres;De 45 a 64 años;6;
Lahiguera;2011;Demandantes;Mujeres;TOTAL;25,75000001;
Lahiguera;2011;Demandantes;Ambos sexos;De 16 a 29 años;15,75000002;
Lahiguera;2011;Demandantes;Ambos sexos;De 30 a 44 años;27,75000002;
Lahiguera;2011;Demandantes;Ambos sexos;De 45 a 64 años;23,08333334;
Lahiguera;2011;Demandantes;Ambos sexos;TOTAL;66,58333338;
Lahiguera;2012;Demandantes;Hombres;De 16 a 29 años;8,16666666;
Lahiguera;2012;Demandantes;Hombres;De 30 a 44 años;18,24999998;
Lahiguera;2012;Demandantes;Hombres;De 45 a 64 años;21,50000001;
Lahiguera;2012;Demandantes;Hombres;TOTAL;47,91666665;
Lahiguera;2012;Demandantes;Mujeres;De 16 a 29 años;11,74999999;
Lahiguera;2012;Demandantes;Mujeres;De 30 a 44 años;11,83333335;
Lahiguera;2012;Demandantes;Mujeres;De 45 a 64 años;7,66666666;
Lahiguera;2012;Demandantes;Mujeres;TOTAL;31,25;
Lahiguera;2012;Demandantes;Ambos sexos;De 16 a 29 años;19,91666665;
Lahiguera;2012;Demandantes;Ambos sexos;De 30 a 44 años;30,08333333;
Lahiguera;2012;Demandantes;Ambos sexos;De 45 a 64 años;29,16666667;
Lahiguera;2012;Demandantes;Ambos sexos;TOTAL;79,16666665;
Larva;2010;Demandantes;Hombres;De 16 a 29 años;0,75;
Larva;2010;Demandantes;Hombres;De 30 a 44 años;2,41666667;
Larva;2010;Demandantes;Hombres;De 45 a 64 años;1,83333334;
Larva;2010;Demandantes;Hombres;TOTAL;5,00000001;
Larva;2010;Demandantes;Mujeres;De 16 a 29 años;1,83333333;
Larva;2010;Demandantes;Mujeres;De 30 a 44 años;2,08333333;
Larva;2010;Demandantes;Mujeres;De 45 a 64 años;0,58333333;
Larva;2010;Demandantes;Mujeres;TOTAL;4,49999999;
Larva;2010;Demandantes;Ambos sexos;De 16 a 29 años;2,58333333;
Larva;2010;Demandantes;Ambos sexos;De 30 a 44 años;4,5;
Larva;2010;Demandantes;Ambos sexos;De 45 a 64 años;2,41666667;
Larva;2010;Demandantes;Ambos sexos;TOTAL;9,5;
Larva;2011;Demandantes;Hombres;De 16 a 29 años;2,91666666;
Larva;2011;Demandantes;Hombres;De 30 a 44 años;0,33333333;
Larva;2011;Demandantes;Hombres;De 45 a 64 años;2;
Larva;2011;Demandantes;Hombres;TOTAL;5,24999999;
Larva;2011;Demandantes;Mujeres;De 16 a 29 años;0,83333333;
Larva;2011;Demandantes;Mujeres;De 30 a 44 años;1,83333333;
Larva;2011;Demandantes;Mujeres;De 45 a 64 años;0,91666667;
Larva;2011;Demandantes;Mujeres;TOTAL;3,58333333;
Larva;2011;Demandantes;Ambos sexos;De 16 a 29 años;3,74999999;
Larva;2011;Demandantes;Ambos sexos;De 30 a 44 años;2,16666666;
Larva;2011;Demandantes;Ambos sexos;De 45 a 64 años;2,91666667;
Larva;2011;Demandantes;Ambos sexos;TOTAL;8,83333332;
Larva;2012;Demandantes;Hombres;De 16 a 29 años;2,66666666;
Larva;2012;Demandantes;Hombres;De 30 a 44 años;1,33333333;
Larva;2012;Demandantes;Hombres;De 45 a 64 años;2,24999999;
Larva;2012;Demandantes;Hombres;TOTAL;6,24999998;
Larva;2012;Demandantes;Mujeres;De 16 a 29 años;1,5;
Larva;2012;Demandantes;Mujeres;De 30 a 44 años;2,41666666;
Larva;2012;Demandantes;Mujeres;De 45 a 64 años;1,41666666;
Larva;2012;Demandantes;Mujeres;TOTAL;5,33333332;
Larva;2012;Demandantes;Ambos sexos;De 16 a 29 años;4,16666666;
Larva;2012;Demandantes;Ambos sexos;De 30 a 44 años;3,74999999;
Larva;2012;Demandantes;Ambos sexos;De 45 a 64 años;3,66666665;
Larva;2012;Demandantes;Ambos sexos;TOTAL;11,5833333;
Linares;2010;Demandantes;Hombres;De 16 a 29 años;870,33333333;
Linares;2010;Demandantes;Hombres;De 30 a 44 años;1114,58333333;
Linares;2010;Demandantes;Hombres;De 45 a 64 años;904,83333333;
Linares;2010;Demandantes;Hombres;TOTAL;2889,74999999;
Linares;2010;Demandantes;Mujeres;De 16 a 29 años;853,91666667;
Linares;2010;Demandantes;Mujeres;De 30 a 44 años;1493,16666666;
Linares;2010;Demandantes;Mujeres;De 45 a 64 años;1774,83333334;
Linares;2010;Demandantes;Mujeres;TOTAL;4121,91666667;
Linares;2010;Demandantes;Ambos sexos;De 16 a 29 años;1724,25;
Linares;2010;Demandantes;Ambos sexos;De 30 a 44 años;2607,74999999;
Linares;2010;Demandantes;Ambos sexos;De 45 a 64 años;2679,66666667;
Linares;2010;Demandantes;Ambos sexos;TOTAL;7011,66666666;
Linares;2011;Demandantes;Hombres;De 16 a 29 años;922,91666669;
Linares;2011;Demandantes;Hombres;De 30 a 44 años;1181,41666667;
Linares;2011;Demandantes;Hombres;De 45 a 64 años;1207,33333333;
Linares;2011;Demandantes;Hombres;TOTAL;3311,66666669;
Linares;2011;Demandantes;Mujeres;De 16 a 29 años;914,75;
Linares;2011;Demandantes;Mujeres;De 30 a 44 años;1524,58333335;
Linares;2011;Demandantes;Mujeres;De 45 a 64 años;1796,5;
Linares;2011;Demandantes;Mujeres;TOTAL;4235,83333335;
Linares;2011;Demandantes;Ambos sexos;De 16 a 29 años;1837,66666669;
Linares;2011;Demandantes;Ambos sexos;De 30 a 44 años;2706,00000002;
Linares;2011;Demandantes;Ambos sexos;De 45 a 64 años;3003,83333333;
Linares;2011;Demandantes;Ambos sexos;TOTAL;7547,50000004;
Linares;2012;Demandantes;Hombres;De 16 a 29 años;1027,41666663;
Linares;2012;Demandantes;Hombres;De 30 a 44 años;1360,50000002;
Linares;2012;Demandantes;Hombres;De 45 a 64 años;1664,24999999;
Linares;2012;Demandantes;Hombres;TOTAL;4052,16666664;
Linares;2012;Demandantes;Mujeres;De 16 a 29 años;1090,33333329;
Linares;2012;Demandantes;Mujeres;De 30 a 44 años;1691,83333331;
Linares;2012;Demandantes;Mujeres;De 45 a 64 años;1909,33333334;
Linares;2012;Demandantes;Mujeres;TOTAL;4691,49999994;
Linares;2012;Demandantes;Ambos sexos;De 16 a 29 años;2117,74999992;
Linares;2012;Demandantes;Ambos sexos;De 30 a 44 años;3052,33333333;
Linares;2012;Demandantes;Ambos sexos;De 45 a 64 años;3573,58333333;
Linares;2012;Demandantes;Ambos sexos;TOTAL;8743,66666658;
Lopera;2010;Demandantes;Hombres;De 16 a 29 años;31,83333333;
Lopera;2010;Demandantes;Hombres;De 30 a 44 años;38,66666665;
Lopera;2010;Demandantes;Hombres;De 45 a 64 años;37,66666666;
Lopera;2010;Demandantes;Hombres;TOTAL;108,16666664;
Lopera;2010;Demandantes;Mujeres;De 16 a 29 años;34,50000001;
Lopera;2010;Demandantes;Mujeres;De 30 a 44 años;24,66666665;
Lopera;2010;Demandantes;Mujeres;De 45 a 64 años;10,16666667;
Lopera;2010;Demandantes;Mujeres;TOTAL;69,33333333;
Lopera;2010;Demandantes;Ambos sexos;De 16 a 29 años;66,33333334;
Lopera;2010;Demandantes;Ambos sexos;De 30 a 44 años;63,3333333;
Lopera;2010;Demandantes;Ambos sexos;De 45 a 64 años;47,83333333;
Lopera;2010;Demandantes;Ambos sexos;TOTAL;177,49999997;
Lopera;2011;Demandantes;Hombres;De 16 a 29 años;33,83333333;
Lopera;2011;Demandantes;Hombres;De 30 a 44 años;48,16666667;
Lopera;2011;Demandantes;Hombres;De 45 a 64 años;52,16666665;
Lopera;2011;Demandantes;Hombres;TOTAL;134,16666665;
Lopera;2011;Demandantes;Mujeres;De 16 a 29 años;46,83333335;
Lopera;2011;Demandantes;Mujeres;De 30 a 44 años;27,75000002;
Lopera;2011;Demandantes;Mujeres;De 45 a 64 años;11,08333334;
Lopera;2011;Demandantes;Mujeres;TOTAL;85,66666671;
Lopera;2011;Demandantes;Ambos sexos;De 16 a 29 años;80,66666668;
Lopera;2011;Demandantes;Ambos sexos;De 30 a 44 años;75,91666669;
Lopera;2011;Demandantes;Ambos sexos;De 45 a 64 años;63,24999999;
Lopera;2011;Demandantes;Ambos sexos;TOTAL;219,83333336;
Lopera;2012;Demandantes;Hombres;De 16 a 29 años;29;
Lopera;2012;Demandantes;Hombres;De 30 a 44 años;54,08333332;
Lopera;2012;Demandantes;Hombres;De 45 a 64 años;66,16666667;
Lopera;2012;Demandantes;Hombres;TOTAL;149,24999999;
Lopera;2012;Demandantes;Mujeres;De 16 a 29 años;48,58333334;
Lopera;2012;Demandantes;Mujeres;De 30 a 44 años;31,33333332;
Lopera;2012;Demandantes;Mujeres;De 45 a 64 años;13,83333333;
Lopera;2012;Demandantes;Mujeres;TOTAL;93,74999999;
Lopera;2012;Demandantes;Ambos sexos;De 16 a 29 años;77,58333334;
Lopera;2012;Demandantes;Ambos sexos;De 30 a 44 años;85,41666664;
Lopera;2012;Demandantes;Ambos sexos;De 45 a 64 años;80;
Lopera;2012;Demandantes;Ambos sexos;TOTAL;242,99999998;
Los Villares;2010;Demandantes;Hombres;De 16 a 29 años;38,41666668;
Los Villares;2010;Demandantes;Hombres;De 30 a 44 años;52,41666664;
Los Villares;2010;Demandantes;Hombres;De 45 a 64 años;31,75;
Los Villares;2010;Demandantes;Hombres;TOTAL;122,58333332;
Los Villares;2010;Demandantes;Mujeres;De 16 a 29 años;45,91666666;
Los Villares;2010;Demandantes;Mujeres;De 30 a 44 años;54,58333333;
Los Villares;2010;Demandantes;Mujeres;De 45 a 64 años;22,33333334;
Los Villares;2010;Demandantes;Mujeres;TOTAL;122,83333333;
Los Villares;2010;Demandantes;Ambos sexos;De 16 a 29 años;84,33333334;
Los Villares;2010;Demandantes;Ambos sexos;De 30 a 44 años;106,99999997;
Los Villares;2010;Demandantes;Ambos sexos;De 45 a 64 años;54,08333334;
Los Villares;2010;Demandantes;Ambos sexos;TOTAL;245,41666665;
Los Villares;2011;Demandantes;Hombres;De 16 a 29 años;45,66666667;
Los Villares;2011;Demandantes;Hombres;De 30 a 44 años;57,83333335;
Los Villares;2011;Demandantes;Hombres;De 45 a 64 años;37;
Los Villares;2011;Demandantes;Hombres;TOTAL;140,50000002;
Los Villares;2011;Demandantes;Mujeres;De 16 a 29 años;47,25000001;
Los Villares;2011;Demandantes;Mujeres;De 30 a 44 años;52,50000001;
Los Villares;2011;Demandantes;Mujeres;De 45 a 64 años;30,16666666;
Los Villares;2011;Demandantes;Mujeres;TOTAL;129,91666668;
Los Villares;2011;Demandantes;Ambos sexos;De 16 a 29 años;92,91666668;
Los Villares;2011;Demandantes;Ambos sexos;De 30 a 44 años;110,33333336;
Los Villares;2011;Demandantes;Ambos sexos;De 45 a 64 años;67,16666666;
Los Villares;2011;Demandantes;Ambos sexos;TOTAL;270,4166667;
Los Villares;2012;Demandantes;Hombres;De 16 a 29 años;42,66666666;
Los Villares;2012;Demandantes;Hombres;De 30 a 44 años;54,33333333;
Los Villares;2012;Demandantes;Hombres;De 45 a 64 años;40,50000001;
Los Villares;2012;Demandantes;Hombres;TOTAL;137,5;
Los Villares;2012;Demandantes;Mujeres;De 16 a 29 años;58,5;
Los Villares;2012;Demandantes;Mujeres;De 30 a 44 años;54,33333333;
Los Villares;2012;Demandantes;Mujeres;De 45 a 64 años;34,75000001;
Los Villares;2012;Demandantes;Mujeres;TOTAL;147,58333334;
Los Villares;2012;Demandantes;Ambos sexos;De 16 a 29 años;101,16666666;
Los Villares;2012;Demandantes;Ambos sexos;De 30 a 44 años;108,66666666;
Los Villares;2012;Demandantes;Ambos sexos;De 45 a 64 años;75,25000002;
Los Villares;2012;Demandantes;Ambos sexos;TOTAL;285,08333334;
Lupión;2010;Demandantes;Hombres;De 16 a 29 años;8,24999999;
Lupión;2010;Demandantes;Hombres;De 30 a 44 años;8,5;
Lupión;2010;Demandantes;Hombres;De 45 a 64 años;12,58333333;
Lupión;2010;Demandantes;Hombres;TOTAL;29,33333332;
Lupión;2010;Demandantes;Mujeres;De 16 a 29 años;6,91666666;
Lupión;2010;Demandantes;Mujeres;De 30 a 44 años;5,5;
Lupión;2010;Demandantes;Mujeres;De 45 a 64 años;5,49999999;
Lupión;2010;Demandantes;Mujeres;TOTAL;17,91666665;
Lupión;2010;Demandantes;Ambos sexos;De 16 a 29 años;15,16666665;
Lupión;2010;Demandantes;Ambos sexos;De 30 a 44 años;14;
Lupión;2010;Demandantes;Ambos sexos;De 45 a 64 años;18,08333332;
Lupión;2010;Demandantes;Ambos sexos;TOTAL;47,24999997;
Lupión;2011;Demandantes;Hombres;De 16 a 29 años;6,58333333;
Lupión;2011;Demandantes;Hombres;De 30 a 44 años;7,91666666;
Lupión;2011;Demandantes;Hombres;De 45 a 64 años;13,00000001;
Lupión;2011;Demandantes;Hombres;TOTAL;27,5;
Lupión;2011;Demandantes;Mujeres;De 16 a 29 años;8,66666666;
Lupión;2011;Demandantes;Mujeres;De 30 a 44 años;6,58333333;
Lupión;2011;Demandantes;Mujeres;De 45 a 64 años;4,91666665;
Lupión;2011;Demandantes;Mujeres;TOTAL;20,16666664;
Lupión;2011;Demandantes;Ambos sexos;De 16 a 29 años;15,24999999;
Lupión;2011;Demandantes;Ambos sexos;De 30 a 44 años;14,49999999;
Lupión;2011;Demandantes;Ambos sexos;De 45 a 64 años;17,91666666;
Lupión;2011;Demandantes;Ambos sexos;TOTAL;47,66666664;
Lupión;2012;Demandantes;Hombres;De 16 a 29 años;4,41666667;
Lupión;2012;Demandantes;Hombres;De 30 a 44 años;12;
Lupión;2012;Demandantes;Hombres;De 45 a 64 años;18,08333334;
Lupión;2012;Demandantes;Hombres;TOTAL;34,50000001;
Lupión;2012;Demandantes;Mujeres;De 16 a 29 años;9,25;
Lupión;2012;Demandantes;Mujeres;De 30 a 44 años;5,83333333;
Lupión;2012;Demandantes;Mujeres;De 45 a 64 años;6,25;
Lupión;2012;Demandantes;Mujeres;TOTAL;21,33333333;
Lupión;2012;Demandantes;Ambos sexos;De 16 a 29 años;13,66666667;
Lupión;2012;Demandantes;Ambos sexos;De 30 a 44 años;17,83333333;
Lupión;2012;Demandantes;Ambos sexos;De 45 a 64 años;24,33333334;
Lupión;2012;Demandantes;Ambos sexos;TOTAL;55,83333334;
Mancha Real;2010;Demandantes;Hombres;De 16 a 29 años;89,58333333;
Mancha Real;2010;Demandantes;Hombres;De 30 a 44 años;132,33333332;
Mancha Real;2010;Demandantes;Hombres;De 45 a 64 años;78,41666666;
Mancha Real;2010;Demandantes;Hombres;TOTAL;300,33333331;
Mancha Real;2010;Demandantes;Mujeres;De 16 a 29 años;83,16666669;
Mancha Real;2010;Demandantes;Mujeres;De 30 a 44 años;173,50000002;
Mancha Real;2010;Demandantes;Mujeres;De 45 a 64 años;55,66666666;
Mancha Real;2010;Demandantes;Mujeres;TOTAL;312,33333337;
Mancha Real;2010;Demandantes;Ambos sexos;De 16 a 29 años;172,75000002;
Mancha Real;2010;Demandantes;Ambos sexos;De 30 a 44 años;305,83333334;
Mancha Real;2010;Demandantes;Ambos sexos;De 45 a 64 años;134,08333332;
Mancha Real;2010;Demandantes;Ambos sexos;TOTAL;612,66666668;
Mancha Real;2011;Demandantes;Hombres;De 16 a 29 años;93,66666667;
Mancha Real;2011;Demandantes;Hombres;De 30 a 44 años;147,41666669;
Mancha Real;2011;Demandantes;Hombres;De 45 a 64 años;107,58333333;
Mancha Real;2011;Demandantes;Hombres;TOTAL;348,66666669;
Mancha Real;2011;Demandantes;Mujeres;De 16 a 29 años;104,08333333;
Mancha Real;2011;Demandantes;Mujeres;De 30 a 44 años;186,25;
Mancha Real;2011;Demandantes;Mujeres;De 45 a 64 años;66,16666668;
Mancha Real;2011;Demandantes;Mujeres;TOTAL;356,50000001;
Mancha Real;2011;Demandantes;Ambos sexos;De 16 a 29 años;197,75;
Mancha Real;2011;Demandantes;Ambos sexos;De 30 a 44 años;333,66666669;
Mancha Real;2011;Demandantes;Ambos sexos;De 45 a 64 años;173,75000001;
Mancha Real;2011;Demandantes;Ambos sexos;TOTAL;705,1666667;
Mancha Real;2012;Demandantes;Hombres;De 16 a 29 años;126,16666667;
Mancha Real;2012;Demandantes;Hombres;De 30 a 44 años;190,08333334;
Mancha Real;2012;Demandantes;Hombres;De 45 a 64 años;132,66666667;
Mancha Real;2012;Demandantes;Hombres;TOTAL;448,91666668;
Mancha Real;2012;Demandantes;Mujeres;De 16 a 29 años;133,75000001;
Mancha Real;2012;Demandantes;Mujeres;De 30 a 44 años;223;
Mancha Real;2012;Demandantes;Mujeres;De 45 a 64 años;86,91666666;
Mancha Real;2012;Demandantes;Mujeres;TOTAL;443,66666667;
Mancha Real;2012;Demandantes;Ambos sexos;De 16 a 29 años;259,91666668;
Mancha Real;2012;Demandantes;Ambos sexos;De 30 a 44 años;413,08333334;
Mancha Real;2012;Demandantes;Ambos sexos;De 45 a 64 años;219,58333333;
Mancha Real;2012;Demandantes;Ambos sexos;TOTAL;892,58333335;
Marmolejo;2010;Demandantes;Hombres;De 16 a 29 años;77,08333334;
Marmolejo;2010;Demandantes;Hombres;De 30 a 44 años;122,83333333;
Marmolejo;2010;Demandantes;Hombres;De 45 a 64 años;76,33333333;
Marmolejo;2010;Demandantes;Hombres;TOTAL;276,25;
Marmolejo;2010;Demandantes;Mujeres;De 16 a 29 años;76,91666666;
Marmolejo;2010;Demandantes;Mujeres;De 30 a 44 años;100,58333333;
Marmolejo;2010;Demandantes;Mujeres;De 45 a 64 años;36,16666666;
Marmolejo;2010;Demandantes;Mujeres;TOTAL;213,66666665;
Marmolejo;2010;Demandantes;Ambos sexos;De 16 a 29 años;154;
Marmolejo;2010;Demandantes;Ambos sexos;De 30 a 44 años;223,41666666;
Marmolejo;2010;Demandantes;Ambos sexos;De 45 a 64 años;112,49999999;
Marmolejo;2010;Demandantes;Ambos sexos;TOTAL;489,91666665;
Marmolejo;2011;Demandantes;Hombres;De 16 a 29 años;88,33333334;
Marmolejo;2011;Demandantes;Hombres;De 30 a 44 años;123,25000001;
Marmolejo;2011;Demandantes;Hombres;De 45 a 64 años;98,75000002;
Marmolejo;2011;Demandantes;Hombres;TOTAL;310,33333337;
Marmolejo;2011;Demandantes;Mujeres;De 16 a 29 años;94,91666666;
Marmolejo;2011;Demandantes;Mujeres;De 30 a 44 años;108,25000001;
Marmolejo;2011;Demandantes;Mujeres;De 45 a 64 años;46,08333333;
Marmolejo;2011;Demandantes;Mujeres;TOTAL;249,25;
Marmolejo;2011;Demandantes;Ambos sexos;De 16 a 29 años;183,25;
Marmolejo;2011;Demandantes;Ambos sexos;De 30 a 44 años;231,50000002;
Marmolejo;2011;Demandantes;Ambos sexos;De 45 a 64 años;144,83333335;
Marmolejo;2011;Demandantes;Ambos sexos;TOTAL;559,58333337;
Marmolejo;2012;Demandantes;Hombres;De 16 a 29 años;88,58333333;
Marmolejo;2012;Demandantes;Hombres;De 30 a 44 años;125,49999999;
Marmolejo;2012;Demandantes;Hombres;De 45 a 64 años;122,00000002;
Marmolejo;2012;Demandantes;Hombres;TOTAL;336,08333334;
Marmolejo;2012;Demandantes;Mujeres;De 16 a 29 años;105,75;
Marmolejo;2012;Demandantes;Mujeres;De 30 a 44 años;113,66666663;
Marmolejo;2012;Demandantes;Mujeres;De 45 a 64 años;64,41666667;
Marmolejo;2012;Demandantes;Mujeres;TOTAL;283,8333333;
Marmolejo;2012;Demandantes;Ambos sexos;De 16 a 29 años;194,33333333;
Marmolejo;2012;Demandantes;Ambos sexos;De 30 a 44 años;239,16666662;
Marmolejo;2012;Demandantes;Ambos sexos;De 45 a 64 años;186,41666669;
Marmolejo;2012;Demandantes;Ambos sexos;TOTAL;619,91666664;
Martos;2010;Demandantes;Hombres;De 16 a 29 años;258,58333334;
Martos;2010;Demandantes;Hombres;De 30 a 44 años;275,25000001;
Martos;2010;Demandantes;Hombres;De 45 a 64 años;198,66666666;
Martos;2010;Demandantes;Hombres;TOTAL;732,50000001;
Martos;2010;Demandantes;Mujeres;De 16 a 29 años;331,16666667;
Martos;2010;Demandantes;Mujeres;De 30 a 44 años;488,24999999;
Martos;2010;Demandantes;Mujeres;De 45 a 64 años;299,5;
Martos;2010;Demandantes;Mujeres;TOTAL;1118,91666666;
Martos;2010;Demandantes;Ambos sexos;De 16 a 29 años;589,75000001;
Martos;2010;Demandantes;Ambos sexos;De 30 a 44 años;763,5;
Martos;2010;Demandantes;Ambos sexos;De 45 a 64 años;498,16666666;
Martos;2010;Demandantes;Ambos sexos;TOTAL;1851,41666667;
Martos;2011;Demandantes;Hombres;De 16 a 29 años;279,75;
Martos;2011;Demandantes;Hombres;De 30 a 44 años;284,41666664;
Martos;2011;Demandantes;Hombres;De 45 a 64 años;234,25;
Martos;2011;Demandantes;Hombres;TOTAL;798,41666664;
Martos;2011;Demandantes;Mujeres;De 16 a 29 años;356,41666667;
Martos;2011;Demandantes;Mujeres;De 30 a 44 años;491,5;
Martos;2011;Demandantes;Mujeres;De 45 a 64 años;317,25000002;
Martos;2011;Demandantes;Mujeres;TOTAL;1165,16666669;
Martos;2011;Demandantes;Ambos sexos;De 16 a 29 años;636,16666667;
Martos;2011;Demandantes;Ambos sexos;De 30 a 44 años;775,91666664;
Martos;2011;Demandantes;Ambos sexos;De 45 a 64 años;551,50000002;
Martos;2011;Demandantes;Ambos sexos;TOTAL;1963,58333333;
Martos;2012;Demandantes;Hombres;De 16 a 29 años;402,25;
Martos;2012;Demandantes;Hombres;De 30 a 44 años;354,58333334;
Martos;2012;Demandantes;Hombres;De 45 a 64 años;313,33333334;
Martos;2012;Demandantes;Hombres;TOTAL;1070,16666668;
Martos;2012;Demandantes;Mujeres;De 16 a 29 años;442;
Martos;2012;Demandantes;Mujeres;De 30 a 44 años;560,33333334;
Martos;2012;Demandantes;Mujeres;De 45 a 64 años;381,49999999;
Martos;2012;Demandantes;Mujeres;TOTAL;1383,83333333;
Martos;2012;Demandantes;Ambos sexos;De 16 a 29 años;844,25;
Martos;2012;Demandantes;Ambos sexos;De 30 a 44 años;914,91666668;
Martos;2012;Demandantes;Ambos sexos;De 45 a 64 años;694,83333333;
Martos;2012;Demandantes;Ambos sexos;TOTAL;2454,00000001;
Mengíbar;2010;Demandantes;Hombres;De 16 a 29 años;149,41666665;
Mengíbar;2010;Demandantes;Hombres;De 30 a 44 años;162,91666665;
Mengíbar;2010;Demandantes;Hombres;De 45 a 64 años;155,49999999;
Mengíbar;2010;Demandantes;Hombres;TOTAL;467,83333329;
Mengíbar;2010;Demandantes;Mujeres;De 16 a 29 años;108,83333333;
Mengíbar;2010;Demandantes;Mujeres;De 30 a 44 años;170,33333334;
Mengíbar;2010;Demandantes;Mujeres;De 45 a 64 años;106,91666665;
Mengíbar;2010;Demandantes;Mujeres;TOTAL;386,08333332;
Mengíbar;2010;Demandantes;Ambos sexos;De 16 a 29 años;258,24999998;
Mengíbar;2010;Demandantes;Ambos sexos;De 30 a 44 años;333,24999999;
Mengíbar;2010;Demandantes;Ambos sexos;De 45 a 64 años;262,41666664;
Mengíbar;2010;Demandantes;Ambos sexos;TOTAL;853,91666661;
Mengíbar;2011;Demandantes;Hombres;De 16 a 29 años;170,00000001;
Mengíbar;2011;Demandantes;Hombres;De 30 a 44 años;173,58333336;
Mengíbar;2011;Demandantes;Hombres;De 45 a 64 años;178,25000001;
Mengíbar;2011;Demandantes;Hombres;TOTAL;521,83333338;
Mengíbar;2011;Demandantes;Mujeres;De 16 a 29 años;129,24999999;
Mengíbar;2011;Demandantes;Mujeres;De 30 a 44 años;162,58333331;
Mengíbar;2011;Demandantes;Mujeres;De 45 a 64 años;141,41666666;
Mengíbar;2011;Demandantes;Mujeres;TOTAL;433,24999996;
Mengíbar;2011;Demandantes;Ambos sexos;De 16 a 29 años;299,25;
Mengíbar;2011;Demandantes;Ambos sexos;De 30 a 44 años;336,16666667;
Mengíbar;2011;Demandantes;Ambos sexos;De 45 a 64 años;319,66666667;
Mengíbar;2011;Demandantes;Ambos sexos;TOTAL;955,08333334;
Mengíbar;2012;Demandantes;Hombres;De 16 a 29 años;178,16666668;
Mengíbar;2012;Demandantes;Hombres;De 30 a 44 años;221,91666668;
Mengíbar;2012;Demandantes;Hombres;De 45 a 64 años;230,91666667;
Mengíbar;2012;Demandantes;Hombres;TOTAL;631,00000003;
Mengíbar;2012;Demandantes;Mujeres;De 16 a 29 años;152,33333333;
Mengíbar;2012;Demandantes;Mujeres;De 30 a 44 años;181,74999999;
Mengíbar;2012;Demandantes;Mujeres;De 45 a 64 años;176,58333333;
Mengíbar;2012;Demandantes;Mujeres;TOTAL;510,66666665;
Mengíbar;2012;Demandantes;Ambos sexos;De 16 a 29 años;330,50000001;
Mengíbar;2012;Demandantes;Ambos sexos;De 30 a 44 años;403,66666667;
Mengíbar;2012;Demandantes;Ambos sexos;De 45 a 64 años;407,5;
Mengíbar;2012;Demandantes;Ambos sexos;TOTAL;1141,66666668;
Montizón;2010;Demandantes;Hombres;De 16 a 29 años;6,16666667;
Montizón;2010;Demandantes;Hombres;De 30 a 44 años;5,25;
Montizón;2010;Demandantes;Hombres;De 45 a 64 años;4,25;
Montizón;2010;Demandantes;Hombres;TOTAL;15,66666667;
Montizón;2010;Demandantes;Mujeres;De 16 a 29 años;13,08333333;
Montizón;2010;Demandantes;Mujeres;De 30 a 44 años;8,41666666;
Montizón;2010;Demandantes;Mujeres;De 45 a 64 años;6,91666666;
Montizón;2010;Demandantes;Mujeres;TOTAL;28,41666665;
Montizón;2010;Demandantes;Ambos sexos;De 16 a 29 años;19,25;
Montizón;2010;Demandantes;Ambos sexos;De 30 a 44 años;13,66666666;
Montizón;2010;Demandantes;Ambos sexos;De 45 a 64 años;11,16666666;
Montizón;2010;Demandantes;Ambos sexos;TOTAL;44,08333332;
Montizón;2011;Demandantes;Hombres;De 16 a 29 años;6,24999999;
Montizón;2011;Demandantes;Hombres;De 30 a 44 años;4,25000001;
Montizón;2011;Demandantes;Hombres;De 45 a 64 años;6;
Montizón;2011;Demandantes;Hombres;TOTAL;16,5;
Montizón;2011;Demandantes;Mujeres;De 16 a 29 años;13,25;
Montizón;2011;Demandantes;Mujeres;De 30 a 44 años;7,83333332;
Montizón;2011;Demandantes;Mujeres;De 45 a 64 años;8,00000001;
Montizón;2011;Demandantes;Mujeres;TOTAL;29,08333333;
Montizón;2011;Demandantes;Ambos sexos;De 16 a 29 años;19,49999999;
Montizón;2011;Demandantes;Ambos sexos;De 30 a 44 años;12,08333333;
Montizón;2011;Demandantes;Ambos sexos;De 45 a 64 años;14,00000001;
Montizón;2011;Demandantes;Ambos sexos;TOTAL;45,58333333;
Montizón;2012;Demandantes;Hombres;De 16 a 29 años;9,16666666;
Montizón;2012;Demandantes;Hombres;De 30 a 44 años;3,83333333;
Montizón;2012;Demandantes;Hombres;De 45 a 64 años;6,58333332;
Montizón;2012;Demandantes;Hombres;TOTAL;19,58333331;
Montizón;2012;Demandantes;Mujeres;De 16 a 29 años;17,25;
Montizón;2012;Demandantes;Mujeres;De 30 a 44 años;10,24999999;
Montizón;2012;Demandantes;Mujeres;De 45 a 64 años;8,00000001;
Montizón;2012;Demandantes;Mujeres;TOTAL;35,5;
Montizón;2012;Demandantes;Ambos sexos;De 16 a 29 años;26,41666666;
Montizón;2012;Demandantes;Ambos sexos;De 30 a 44 años;14,08333332;
Montizón;2012;Demandantes;Ambos sexos;De 45 a 64 años;14,58333333;
Montizón;2012;Demandantes;Ambos sexos;TOTAL;55,08333331;
Navas de San Juan;2010;Demandantes;Hombres;De 16 a 29 años;21,24999999;
Navas de San Juan;2010;Demandantes;Hombres;De 30 a 44 años;37,91666665;
Navas de San Juan;2010;Demandantes;Hombres;De 45 a 64 años;30,16666667;
Navas de San Juan;2010;Demandantes;Hombres;TOTAL;89,33333331;
Navas de San Juan;2010;Demandantes;Mujeres;De 16 a 29 años;21,75;
Navas de San Juan;2010;Demandantes;Mujeres;De 30 a 44 años;31,25000001;
Navas de San Juan;2010;Demandantes;Mujeres;De 45 a 64 años;19,08333332;
Navas de San Juan;2010;Demandantes;Mujeres;TOTAL;72,08333333;
Navas de San Juan;2010;Demandantes;Ambos sexos;De 16 a 29 años;42,99999999;
Navas de San Juan;2010;Demandantes;Ambos sexos;De 30 a 44 años;69,16666666;
Navas de San Juan;2010;Demandantes;Ambos sexos;De 45 a 64 años;49,24999999;
Navas de San Juan;2010;Demandantes;Ambos sexos;TOTAL;161,41666664;
Navas de San Juan;2011;Demandantes;Hombres;De 16 a 29 años;32,49999999;
Navas de San Juan;2011;Demandantes;Hombres;De 30 a 44 años;49,16666667;
Navas de San Juan;2011;Demandantes;Hombres;De 45 a 64 años;58;
Navas de San Juan;2011;Demandantes;Hombres;TOTAL;139,66666666;
Navas de San Juan;2011;Demandantes;Mujeres;De 16 a 29 años;23,49999998;
Navas de San Juan;2011;Demandantes;Mujeres;De 30 a 44 años;34,66666666;
Navas de San Juan;2011;Demandantes;Mujeres;De 45 a 64 años;20,83333334;
Navas de San Juan;2011;Demandantes;Mujeres;TOTAL;78,99999998;
Navas de San Juan;2011;Demandantes;Ambos sexos;De 16 a 29 años;55,99999997;
Navas de San Juan;2011;Demandantes;Ambos sexos;De 30 a 44 años;83,83333333;
Navas de San Juan;2011;Demandantes;Ambos sexos;De 45 a 64 años;78,83333334;
Navas de San Juan;2011;Demandantes;Ambos sexos;TOTAL;218,66666664;
Navas de San Juan;2012;Demandantes;Hombres;De 16 a 29 años;43;
Navas de San Juan;2012;Demandantes;Hombres;De 30 a 44 años;53,33333334;
Navas de San Juan;2012;Demandantes;Hombres;De 45 a 64 años;75,41666666;
Navas de San Juan;2012;Demandantes;Hombres;TOTAL;171,75;
Navas de San Juan;2012;Demandantes;Mujeres;De 16 a 29 años;45,83333335;
Navas de San Juan;2012;Demandantes;Mujeres;De 30 a 44 años;43,41666665;
Navas de San Juan;2012;Demandantes;Mujeres;De 45 a 64 años;31,83333333;
Navas de San Juan;2012;Demandantes;Mujeres;TOTAL;121,08333333;
Navas de San Juan;2012;Demandantes;Ambos sexos;De 16 a 29 años;88,83333335;
Navas de San Juan;2012;Demandantes;Ambos sexos;De 30 a 44 años;96,74999999;
Navas de San Juan;2012;Demandantes;Ambos sexos;De 45 a 64 años;107,24999999;
Navas de San Juan;2012;Demandantes;Ambos sexos;TOTAL;292,83333333;
Noalejo;2010;Demandantes;Hombres;De 16 a 29 años;8,33333333;
Noalejo;2010;Demandantes;Hombres;De 30 a 44 años;13,33333333;
Noalejo;2010;Demandantes;Hombres;De 45 a 64 años;9,66666666;
Noalejo;2010;Demandantes;Hombres;TOTAL;31,33333332;
Noalejo;2010;Demandantes;Mujeres;De 16 a 29 años;8,49999999;
Noalejo;2010;Demandantes;Mujeres;De 30 a 44 años;10,16666666;
Noalejo;2010;Demandantes;Mujeres;De 45 a 64 años;6,16666666;
Noalejo;2010;Demandantes;Mujeres;TOTAL;24,83333331;
Noalejo;2010;Demandantes;Ambos sexos;De 16 a 29 años;16,83333332;
Noalejo;2010;Demandantes;Ambos sexos;De 30 a 44 años;23,49999999;
Noalejo;2010;Demandantes;Ambos sexos;De 45 a 64 años;15,83333332;
Noalejo;2010;Demandantes;Ambos sexos;TOTAL;56,16666663;
Noalejo;2011;Demandantes;Hombres;De 16 a 29 años;8,25;
Noalejo;2011;Demandantes;Hombres;De 30 a 44 años;15,08333332;
Noalejo;2011;Demandantes;Hombres;De 45 a 64 años;11,00000001;
Noalejo;2011;Demandantes;Hombres;TOTAL;34,33333333;
Noalejo;2011;Demandantes;Mujeres;De 16 a 29 años;11,50000001;
Noalejo;2011;Demandantes;Mujeres;De 30 a 44 años;7,25000001;
Noalejo;2011;Demandantes;Mujeres;De 45 a 64 años;4,75000001;
Noalejo;2011;Demandantes;Mujeres;TOTAL;23,50000003;
Noalejo;2011;Demandantes;Ambos sexos;De 16 a 29 años;19,75000001;
Noalejo;2011;Demandantes;Ambos sexos;De 30 a 44 años;22,33333333;
Noalejo;2011;Demandantes;Ambos sexos;De 45 a 64 años;15,75000002;
Noalejo;2011;Demandantes;Ambos sexos;TOTAL;57,83333336;
Noalejo;2012;Demandantes;Hombres;De 16 a 29 años;9,83333334;
Noalejo;2012;Demandantes;Hombres;De 30 a 44 años;13,74999999;
Noalejo;2012;Demandantes;Hombres;De 45 a 64 años;15,91666666;
Noalejo;2012;Demandantes;Hombres;TOTAL;39,49999999;
Noalejo;2012;Demandantes;Mujeres;De 16 a 29 años;18,75;
Noalejo;2012;Demandantes;Mujeres;De 30 a 44 años;10,08333333;
Noalejo;2012;Demandantes;Mujeres;De 45 a 64 años;6,91666667;
Noalejo;2012;Demandantes;Mujeres;TOTAL;35,75;
Noalejo;2012;Demandantes;Ambos sexos;De 16 a 29 años;28,58333334;
Noalejo;2012;Demandantes;Ambos sexos;De 30 a 44 años;23,83333332;
Noalejo;2012;Demandantes;Ambos sexos;De 45 a 64 años;22,83333333;
Noalejo;2012;Demandantes;Ambos sexos;TOTAL;75,24999999;
Orcera;2010;Demandantes;Hombres;De 16 a 29 años;11,74999999;
Orcera;2010;Demandantes;Hombres;De 30 a 44 años;20,41666667;
Orcera;2010;Demandantes;Hombres;De 45 a 64 años;16,58333333;
Orcera;2010;Demandantes;Hombres;TOTAL;48,74999999;
Orcera;2010;Demandantes;Mujeres;De 16 a 29 años;15,66666667;
Orcera;2010;Demandantes;Mujeres;De 30 a 44 años;25,58333332;
Orcera;2010;Demandantes;Mujeres;De 45 a 64 años;25,58333333;
Orcera;2010;Demandantes;Mujeres;TOTAL;66,83333332;
Orcera;2010;Demandantes;Ambos sexos;De 16 a 29 años;27,41666666;
Orcera;2010;Demandantes;Ambos sexos;De 30 a 44 años;45,99999999;
Orcera;2010;Demandantes;Ambos sexos;De 45 a 64 años;42,16666666;
Orcera;2010;Demandantes;Ambos sexos;TOTAL;115,58333331;
Orcera;2011;Demandantes;Hombres;De 16 a 29 años;15,99999998;
Orcera;2011;Demandantes;Hombres;De 30 a 44 años;21,74999996;
Orcera;2011;Demandantes;Hombres;De 45 a 64 años;22,41666666;
Orcera;2011;Demandantes;Hombres;TOTAL;60,1666666;
Orcera;2011;Demandantes;Mujeres;De 16 a 29 años;16,99999999;
Orcera;2011;Demandantes;Mujeres;De 30 a 44 años;31,16666666;
Orcera;2011;Demandantes;Mujeres;De 45 a 64 años;27,50000001;
Orcera;2011;Demandantes;Mujeres;TOTAL;75,66666666;
Orcera;2011;Demandantes;Ambos sexos;De 16 a 29 años;32,99999997;
Orcera;2011;Demandantes;Ambos sexos;De 30 a 44 años;52,91666662;
Orcera;2011;Demandantes;Ambos sexos;De 45 a 64 años;49,91666667;
Orcera;2011;Demandantes;Ambos sexos;TOTAL;135,83333326;
Orcera;2012;Demandantes;Hombres;De 16 a 29 años;19,83333332;
Orcera;2012;Demandantes;Hombres;De 30 a 44 años;25,49999998;
Orcera;2012;Demandantes;Hombres;De 45 a 64 años;27,08333333;
Orcera;2012;Demandantes;Hombres;TOTAL;72,41666663;
Orcera;2012;Demandantes;Mujeres;De 16 a 29 años;26,5;
Orcera;2012;Demandantes;Mujeres;De 30 a 44 años;32,49999998;
Orcera;2012;Demandantes;Mujeres;De 45 a 64 años;28,75;
Orcera;2012;Demandantes;Mujeres;TOTAL;87,74999998;
Orcera;2012;Demandantes;Ambos sexos;De 16 a 29 años;46,33333332;
Orcera;2012;Demandantes;Ambos sexos;De 30 a 44 años;57,99999996;
Orcera;2012;Demandantes;Ambos sexos;De 45 a 64 años;55,83333333;
Orcera;2012;Demandantes;Ambos sexos;TOTAL;160,16666661;
Peal de Becerro;2010;Demandantes;Hombres;De 16 a 29 años;33,41666666;
Peal de Becerro;2010;Demandantes;Hombres;De 30 a 44 años;57;
Peal de Becerro;2010;Demandantes;Hombres;De 45 a 64 años;44,33333332;
Peal de Becerro;2010;Demandantes;Hombres;TOTAL;134,74999998;
Peal de Becerro;2010;Demandantes;Mujeres;De 16 a 29 años;43,08333335;
Peal de Becerro;2010;Demandantes;Mujeres;De 30 a 44 años;53,00000001;
Peal de Becerro;2010;Demandantes;Mujeres;De 45 a 64 años;26,75;
Peal de Becerro;2010;Demandantes;Mujeres;TOTAL;122,83333336;
Peal de Becerro;2010;Demandantes;Ambos sexos;De 16 a 29 años;76,50000001;
Peal de Becerro;2010;Demandantes;Ambos sexos;De 30 a 44 años;110,00000001;
Peal de Becerro;2010;Demandantes;Ambos sexos;De 45 a 64 años;71,08333332;
Peal de Becerro;2010;Demandantes;Ambos sexos;TOTAL;257,58333334;
Peal de Becerro;2011;Demandantes;Hombres;De 16 a 29 años;50,41666666;
Peal de Becerro;2011;Demandantes;Hombres;De 30 a 44 años;52,75;
Peal de Becerro;2011;Demandantes;Hombres;De 45 a 64 años;52,33333332;
Peal de Becerro;2011;Demandantes;Hombres;TOTAL;155,49999998;
Peal de Becerro;2011;Demandantes;Mujeres;De 16 a 29 años;47,16666667;
Peal de Becerro;2011;Demandantes;Mujeres;De 30 a 44 años;56,83333332;
Peal de Becerro;2011;Demandantes;Mujeres;De 45 a 64 años;32,58333333;
Peal de Becerro;2011;Demandantes;Mujeres;TOTAL;136,58333332;
Peal de Becerro;2011;Demandantes;Ambos sexos;De 16 a 29 años;97,58333333;
Peal de Becerro;2011;Demandantes;Ambos sexos;De 30 a 44 años;109,58333332;
Peal de Becerro;2011;Demandantes;Ambos sexos;De 45 a 64 años;84,91666665;
Peal de Becerro;2011;Demandantes;Ambos sexos;TOTAL;292,0833333;
Peal de Becerro;2012;Demandantes;Hombres;De 16 a 29 años;61,58333332;
Peal de Becerro;2012;Demandantes;Hombres;De 30 a 44 años;56,16666668;
Peal de Becerro;2012;Demandantes;Hombres;De 45 a 64 años;64,75;
Peal de Becerro;2012;Demandantes;Hombres;TOTAL;182,5;
Peal de Becerro;2012;Demandantes;Mujeres;De 16 a 29 años;67,74999999;
Peal de Becerro;2012;Demandantes;Mujeres;De 30 a 44 años;65,99999998;
Peal de Becerro;2012;Demandantes;Mujeres;De 45 a 64 años;36,83333333;
Peal de Becerro;2012;Demandantes;Mujeres;TOTAL;170,5833333;
Peal de Becerro;2012;Demandantes;Ambos sexos;De 16 a 29 años;129,33333331;
Peal de Becerro;2012;Demandantes;Ambos sexos;De 30 a 44 años;122,16666666;
Peal de Becerro;2012;Demandantes;Ambos sexos;De 45 a 64 años;101,58333333;
Peal de Becerro;2012;Demandantes;Ambos sexos;TOTAL;353,0833333;
Pegalajar;2010;Demandantes;Hombres;De 16 a 29 años;30,41666666;
Pegalajar;2010;Demandantes;Hombres;De 30 a 44 años;46,16666667;
Pegalajar;2010;Demandantes;Hombres;De 45 a 64 años;37,16666665;
Pegalajar;2010;Demandantes;Hombres;TOTAL;113,74999998;
Pegalajar;2010;Demandantes;Mujeres;De 16 a 29 años;24,25;
Pegalajar;2010;Demandantes;Mujeres;De 30 a 44 años;41,25000002;
Pegalajar;2010;Demandantes;Mujeres;De 45 a 64 años;26,58333333;
Pegalajar;2010;Demandantes;Mujeres;TOTAL;92,08333335;
Pegalajar;2010;Demandantes;Ambos sexos;De 16 a 29 años;54,66666666;
Pegalajar;2010;Demandantes;Ambos sexos;De 30 a 44 años;87,41666669;
Pegalajar;2010;Demandantes;Ambos sexos;De 45 a 64 años;63,74999998;
Pegalajar;2010;Demandantes;Ambos sexos;TOTAL;205,83333333;
Pegalajar;2011;Demandantes;Hombres;De 16 a 29 años;35,25;
Pegalajar;2011;Demandantes;Hombres;De 30 a 44 años;57,74999999;
Pegalajar;2011;Demandantes;Hombres;De 45 a 64 años;38,75;
Pegalajar;2011;Demandantes;Hombres;TOTAL;131,74999999;
Pegalajar;2011;Demandantes;Mujeres;De 16 a 29 años;27,58333335;
Pegalajar;2011;Demandantes;Mujeres;De 30 a 44 años;42,66666665;
Pegalajar;2011;Demandantes;Mujeres;De 45 a 64 años;22,91666666;
Pegalajar;2011;Demandantes;Mujeres;TOTAL;93,16666666;
Pegalajar;2011;Demandantes;Ambos sexos;De 16 a 29 años;62,83333335;
Pegalajar;2011;Demandantes;Ambos sexos;De 30 a 44 años;100,41666664;
Pegalajar;2011;Demandantes;Ambos sexos;De 45 a 64 años;61,66666666;
Pegalajar;2011;Demandantes;Ambos sexos;TOTAL;224,91666665;
Pegalajar;2012;Demandantes;Hombres;De 16 a 29 años;39,25000001;
Pegalajar;2012;Demandantes;Hombres;De 30 a 44 años;66,16666667;
Pegalajar;2012;Demandantes;Hombres;De 45 a 64 años;50,91666668;
Pegalajar;2012;Demandantes;Hombres;TOTAL;156,33333336;
Pegalajar;2012;Demandantes;Mujeres;De 16 a 29 años;34,66666668;
Pegalajar;2012;Demandantes;Mujeres;De 30 a 44 años;41,24999999;
Pegalajar;2012;Demandantes;Mujeres;De 45 a 64 años;29,74999999;
Pegalajar;2012;Demandantes;Mujeres;TOTAL;105,66666666;
Pegalajar;2012;Demandantes;Ambos sexos;De 16 a 29 años;73,91666669;
Pegalajar;2012;Demandantes;Ambos sexos;De 30 a 44 años;107,41666666;
Pegalajar;2012;Demandantes;Ambos sexos;De 45 a 64 años;80,66666667;
Pegalajar;2012;Demandantes;Ambos sexos;TOTAL;262,00000002;
Porcuna;2010;Demandantes;Hombres;De 16 a 29 años;24,41666666;
Porcuna;2010;Demandantes;Hombres;De 30 a 44 años;36,75000002;
Porcuna;2010;Demandantes;Hombres;De 45 a 64 años;32,66666667;
Porcuna;2010;Demandantes;Hombres;TOTAL;93,83333335;
Porcuna;2010;Demandantes;Mujeres;De 16 a 29 años;34,41666665;
Porcuna;2010;Demandantes;Mujeres;De 30 a 44 años;41,08333333;
Porcuna;2010;Demandantes;Mujeres;De 45 a 64 años;16,33333333;
Porcuna;2010;Demandantes;Mujeres;TOTAL;91,83333331;
Porcuna;2010;Demandantes;Ambos sexos;De 16 a 29 años;58,83333331;
Porcuna;2010;Demandantes;Ambos sexos;De 30 a 44 años;77,83333335;
Porcuna;2010;Demandantes;Ambos sexos;De 45 a 64 años;49;
Porcuna;2010;Demandantes;Ambos sexos;TOTAL;185,66666666;
Porcuna;2011;Demandantes;Hombres;De 16 a 29 años;35,41666667;
Porcuna;2011;Demandantes;Hombres;De 30 a 44 años;52,00000002;
Porcuna;2011;Demandantes;Hombres;De 45 a 64 años;42,99999999;
Porcuna;2011;Demandantes;Hombres;TOTAL;130,41666668;
Porcuna;2011;Demandantes;Mujeres;De 16 a 29 años;41,08333332;
Porcuna;2011;Demandantes;Mujeres;De 30 a 44 años;43,33333332;
Porcuna;2011;Demandantes;Mujeres;De 45 a 64 años;20,08333335;
Porcuna;2011;Demandantes;Mujeres;TOTAL;104,49999999;
Porcuna;2011;Demandantes;Ambos sexos;De 16 a 29 años;76,49999999;
Porcuna;2011;Demandantes;Ambos sexos;De 30 a 44 años;95,33333334;
Porcuna;2011;Demandantes;Ambos sexos;De 45 a 64 años;63,08333334;
Porcuna;2011;Demandantes;Ambos sexos;TOTAL;234,91666667;
Porcuna;2012;Demandantes;Hombres;De 16 a 29 años;48,08333333;
Porcuna;2012;Demandantes;Hombres;De 30 a 44 años;55,33333334;
Porcuna;2012;Demandantes;Hombres;De 45 a 64 años;50,91666665;
Porcuna;2012;Demandantes;Hombres;TOTAL;154,33333332;
Porcuna;2012;Demandantes;Mujeres;De 16 a 29 años;57,66666669;
Porcuna;2012;Demandantes;Mujeres;De 30 a 44 años;49,08333334;
Porcuna;2012;Demandantes;Mujeres;De 45 a 64 años;22,91666667;
Porcuna;2012;Demandantes;Mujeres;TOTAL;129,6666667;
Porcuna;2012;Demandantes;Ambos sexos;De 16 a 29 años;105,75000002;
Porcuna;2012;Demandantes;Ambos sexos;De 30 a 44 años;104,41666668;
Porcuna;2012;Demandantes;Ambos sexos;De 45 a 64 años;73,83333332;
Porcuna;2012;Demandantes;Ambos sexos;TOTAL;284,00000002;
Pozo Alcón;2010;Demandantes;Hombres;De 16 a 29 años;48,99999998;
Pozo Alcón;2010;Demandantes;Hombres;De 30 a 44 años;91,41666671;
Pozo Alcón;2010;Demandantes;Hombres;De 45 a 64 años;77,49999999;
Pozo Alcón;2010;Demandantes;Hombres;TOTAL;217,91666668;
Pozo Alcón;2010;Demandantes;Mujeres;De 16 a 29 años;70,24999998;
Pozo Alcón;2010;Demandantes;Mujeres;De 30 a 44 años;91,41666666;
Pozo Alcón;2010;Demandantes;Mujeres;De 45 a 64 años;120;
Pozo Alcón;2010;Demandantes;Mujeres;TOTAL;281,66666664;
Pozo Alcón;2010;Demandantes;Ambos sexos;De 16 a 29 años;119,24999996;
Pozo Alcón;2010;Demandantes;Ambos sexos;De 30 a 44 años;182,83333337;
Pozo Alcón;2010;Demandantes;Ambos sexos;De 45 a 64 años;197,49999999;
Pozo Alcón;2010;Demandantes;Ambos sexos;TOTAL;499,58333332;
Pozo Alcón;2011;Demandantes;Hombres;De 16 a 29 años;61,24999999;
Pozo Alcón;2011;Demandantes;Hombres;De 30 a 44 años;98,58333332;
Pozo Alcón;2011;Demandantes;Hombres;De 45 a 64 años;101,08333335;
Pozo Alcón;2011;Demandantes;Hombres;TOTAL;260,91666666;
Pozo Alcón;2011;Demandantes;Mujeres;De 16 a 29 años;74,33333333;
Pozo Alcón;2011;Demandantes;Mujeres;De 30 a 44 años;95,50000001;
Pozo Alcón;2011;Demandantes;Mujeres;De 45 a 64 años;110,66666666;
Pozo Alcón;2011;Demandantes;Mujeres;TOTAL;280,5;
Pozo Alcón;2011;Demandantes;Ambos sexos;De 16 a 29 años;135,58333332;
Pozo Alcón;2011;Demandantes;Ambos sexos;De 30 a 44 años;194,08333333;
Pozo Alcón;2011;Demandantes;Ambos sexos;De 45 a 64 años;211,75000001;
Pozo Alcón;2011;Demandantes;Ambos sexos;TOTAL;541,41666666;
Pozo Alcón;2012;Demandantes;Hombres;De 16 a 29 años;76;
Pozo Alcón;2012;Demandantes;Hombres;De 30 a 44 años;97,74999999;
Pozo Alcón;2012;Demandantes;Hombres;De 45 a 64 años;118,25000001;
Pozo Alcón;2012;Demandantes;Hombres;TOTAL;292;
Pozo Alcón;2012;Demandantes;Mujeres;De 16 a 29 años;80,00000003;
Pozo Alcón;2012;Demandantes;Mujeres;De 30 a 44 años;99,08333333;
Pozo Alcón;2012;Demandantes;Mujeres;De 45 a 64 años;109,74999999;
Pozo Alcón;2012;Demandantes;Mujeres;TOTAL;288,83333335;
Pozo Alcón;2012;Demandantes;Ambos sexos;De 16 a 29 años;156,00000003;
Pozo Alcón;2012;Demandantes;Ambos sexos;De 30 a 44 años;196,83333332;
Pozo Alcón;2012;Demandantes;Ambos sexos;De 45 a 64 años;228;
Pozo Alcón;2012;Demandantes;Ambos sexos;TOTAL;580,83333335;
Puente de Génave;2010;Demandantes;Hombres;De 16 a 29 años;19,41666667;
Puente de Génave;2010;Demandantes;Hombres;De 30 a 44 años;23,58333333;
Puente de Génave;2010;Demandantes;Hombres;De 45 a 64 años;19,00000001;
Puente de Génave;2010;Demandantes;Hombres;TOTAL;62,00000001;
Puente de Génave;2010;Demandantes;Mujeres;De 16 a 29 años;18,66666666;
Puente de Génave;2010;Demandantes;Mujeres;De 30 a 44 años;31,5;
Puente de Génave;2010;Demandantes;Mujeres;De 45 a 64 años;15,49999998;
Puente de Génave;2010;Demandantes;Mujeres;TOTAL;65,66666664;
Puente de Génave;2010;Demandantes;Ambos sexos;De 16 a 29 años;38,08333333;
Puente de Génave;2010;Demandantes;Ambos sexos;De 30 a 44 años;55,08333333;
Puente de Génave;2010;Demandantes;Ambos sexos;De 45 a 64 años;34,49999999;
Puente de Génave;2010;Demandantes;Ambos sexos;TOTAL;127,66666665;
Puente de Génave;2011;Demandantes;Hombres;De 16 a 29 años;19,66666665;
Puente de Génave;2011;Demandantes;Hombres;De 30 a 44 años;27,33333331;
Puente de Génave;2011;Demandantes;Hombres;De 45 a 64 años;26,16666668;
Puente de Génave;2011;Demandantes;Hombres;TOTAL;73,16666664;
Puente de Génave;2011;Demandantes;Mujeres;De 16 a 29 años;25,08333332;
Puente de Génave;2011;Demandantes;Mujeres;De 30 a 44 años;35,66666668;
Puente de Génave;2011;Demandantes;Mujeres;De 45 a 64 años;24,58333334;
Puente de Génave;2011;Demandantes;Mujeres;TOTAL;85,33333334;
Puente de Génave;2011;Demandantes;Ambos sexos;De 16 a 29 años;44,74999997;
Puente de Génave;2011;Demandantes;Ambos sexos;De 30 a 44 años;62,99999999;
Puente de Génave;2011;Demandantes;Ambos sexos;De 45 a 64 años;50,75000002;
Puente de Génave;2011;Demandantes;Ambos sexos;TOTAL;158,49999998;
Puente de Génave;2012;Demandantes;Hombres;De 16 a 29 años;21,41666666;
Puente de Génave;2012;Demandantes;Hombres;De 30 a 44 años;28,75;
Puente de Génave;2012;Demandantes;Hombres;De 45 a 64 años;32,16666667;
Puente de Génave;2012;Demandantes;Hombres;TOTAL;82,33333333;
Puente de Génave;2012;Demandantes;Mujeres;De 16 a 29 años;28,41666666;
Puente de Génave;2012;Demandantes;Mujeres;De 30 a 44 años;37,91666667;
Puente de Génave;2012;Demandantes;Mujeres;De 45 a 64 años;35,58333331;
Puente de Génave;2012;Demandantes;Mujeres;TOTAL;101,91666664;
Puente de Génave;2012;Demandantes;Ambos sexos;De 16 a 29 años;49,83333332;
Puente de Génave;2012;Demandantes;Ambos sexos;De 30 a 44 años;66,66666667;
Puente de Génave;2012;Demandantes;Ambos sexos;De 45 a 64 años;67,74999998;
Puente de Génave;2012;Demandantes;Ambos sexos;TOTAL;184,24999997;
Quesada;2010;Demandantes;Hombres;De 16 a 29 años;36,58333334;
Quesada;2010;Demandantes;Hombres;De 30 a 44 años;50,08333334;
Quesada;2010;Demandantes;Hombres;De 45 a 64 años;53,74999998;
Quesada;2010;Demandantes;Hombres;TOTAL;140,41666666;
Quesada;2010;Demandantes;Mujeres;De 16 a 29 años;36,16666668;
Quesada;2010;Demandantes;Mujeres;De 30 a 44 años;54,83333332;
Quesada;2010;Demandantes;Mujeres;De 45 a 64 años;32,75;
Quesada;2010;Demandantes;Mujeres;TOTAL;123,75;
Quesada;2010;Demandantes;Ambos sexos;De 16 a 29 años;72,75000002;
Quesada;2010;Demandantes;Ambos sexos;De 30 a 44 años;104,91666666;
Quesada;2010;Demandantes;Ambos sexos;De 45 a 64 años;86,49999998;
Quesada;2010;Demandantes;Ambos sexos;TOTAL;264,16666666;
Quesada;2011;Demandantes;Hombres;De 16 a 29 años;56,99999999;
Quesada;2011;Demandantes;Hombres;De 30 a 44 años;70,58333333;
Quesada;2011;Demandantes;Hombres;De 45 a 64 años;78,5;
Quesada;2011;Demandantes;Hombres;TOTAL;206,08333332;
Quesada;2011;Demandantes;Mujeres;De 16 a 29 años;53,16666667;
Quesada;2011;Demandantes;Mujeres;De 30 a 44 años;52,83333335;
Quesada;2011;Demandantes;Mujeres;De 45 a 64 años;37,58333333;
Quesada;2011;Demandantes;Mujeres;TOTAL;143,58333335;
Quesada;2011;Demandantes;Ambos sexos;De 16 a 29 años;110,16666666;
Quesada;2011;Demandantes;Ambos sexos;De 30 a 44 años;123,41666668;
Quesada;2011;Demandantes;Ambos sexos;De 45 a 64 años;116,08333333;
Quesada;2011;Demandantes;Ambos sexos;TOTAL;349,66666667;
Quesada;2012;Demandantes;Hombres;De 16 a 29 años;65,16666666;
Quesada;2012;Demandantes;Hombres;De 30 a 44 años;71,66666668;
Quesada;2012;Demandantes;Hombres;De 45 a 64 años;99,74999999;
Quesada;2012;Demandantes;Hombres;TOTAL;236,58333333;
Quesada;2012;Demandantes;Mujeres;De 16 a 29 años;68,91666666;
Quesada;2012;Demandantes;Mujeres;De 30 a 44 años;55,91666668;
Quesada;2012;Demandantes;Mujeres;De 45 a 64 años;37,33333333;
Quesada;2012;Demandantes;Mujeres;TOTAL;162,16666667;
Quesada;2012;Demandantes;Ambos sexos;De 16 a 29 años;134,08333332;
Quesada;2012;Demandantes;Ambos sexos;De 30 a 44 años;127,58333336;
Quesada;2012;Demandantes;Ambos sexos;De 45 a 64 años;137,08333332;
Quesada;2012;Demandantes;Ambos sexos;TOTAL;398,75;
Rus;2010;Demandantes;Hombres;De 16 a 29 años;31,33333333;
Rus;2010;Demandantes;Hombres;De 30 a 44 años;49,24999998;
Rus;2010;Demandantes;Hombres;De 45 a 64 años;48,91666666;
Rus;2010;Demandantes;Hombres;TOTAL;129,49999997;
Rus;2010;Demandantes;Mujeres;De 16 a 29 años;45,58333332;
Rus;2010;Demandantes;Mujeres;De 30 a 44 años;66,25000001;
Rus;2010;Demandantes;Mujeres;De 45 a 64 años;53,41666667;
Rus;2010;Demandantes;Mujeres;TOTAL;165,25;
Rus;2010;Demandantes;Ambos sexos;De 16 a 29 años;76,91666665;
Rus;2010;Demandantes;Ambos sexos;De 30 a 44 años;115,49999999;
Rus;2010;Demandantes;Ambos sexos;De 45 a 64 años;102,33333333;
Rus;2010;Demandantes;Ambos sexos;TOTAL;294,74999997;
Rus;2011;Demandantes;Hombres;De 16 a 29 años;40,49999999;
Rus;2011;Demandantes;Hombres;De 30 a 44 años;60,16666665;
Rus;2011;Demandantes;Hombres;De 45 a 64 años;64,08333332;
Rus;2011;Demandantes;Hombres;TOTAL;164,74999996;
Rus;2011;Demandantes;Mujeres;De 16 a 29 años;56,83333335;
Rus;2011;Demandantes;Mujeres;De 30 a 44 años;76,41666667;
Rus;2011;Demandantes;Mujeres;De 45 a 64 años;61,58333334;
Rus;2011;Demandantes;Mujeres;TOTAL;194,83333336;
Rus;2011;Demandantes;Ambos sexos;De 16 a 29 años;97,33333334;
Rus;2011;Demandantes;Ambos sexos;De 30 a 44 años;136,58333332;
Rus;2011;Demandantes;Ambos sexos;De 45 a 64 años;125,66666666;
Rus;2011;Demandantes;Ambos sexos;TOTAL;359,58333332;
Rus;2012;Demandantes;Hombres;De 16 a 29 años;48,99999998;
Rus;2012;Demandantes;Hombres;De 30 a 44 años;69,83333332;
Rus;2012;Demandantes;Hombres;De 45 a 64 años;77,41666667;
Rus;2012;Demandantes;Hombres;TOTAL;196,24999997;
Rus;2012;Demandantes;Mujeres;De 16 a 29 años;60,41666668;
Rus;2012;Demandantes;Mujeres;De 30 a 44 años;76,50000001;
Rus;2012;Demandantes;Mujeres;De 45 a 64 años;71,16666666;
Rus;2012;Demandantes;Mujeres;TOTAL;208,08333335;
Rus;2012;Demandantes;Ambos sexos;De 16 a 29 años;109,41666666;
Rus;2012;Demandantes;Ambos sexos;De 30 a 44 años;146,33333333;
Rus;2012;Demandantes;Ambos sexos;De 45 a 64 años;148,58333333;
Rus;2012;Demandantes;Ambos sexos;TOTAL;404,33333332;
Sabiote;2010;Demandantes;Hombres;De 16 a 29 años;34,83333334;
Sabiote;2010;Demandantes;Hombres;De 30 a 44 años;61,91666666;
Sabiote;2010;Demandantes;Hombres;De 45 a 64 años;49,5;
Sabiote;2010;Demandantes;Hombres;TOTAL;146,25;
Sabiote;2010;Demandantes;Mujeres;De 16 a 29 años;32,66666666;
Sabiote;2010;Demandantes;Mujeres;De 30 a 44 años;57,08333334;
Sabiote;2010;Demandantes;Mujeres;De 45 a 64 años;38,75;
Sabiote;2010;Demandantes;Mujeres;TOTAL;128,5;
Sabiote;2010;Demandantes;Ambos sexos;De 16 a 29 años;67,5;
Sabiote;2010;Demandantes;Ambos sexos;De 30 a 44 años;119;
Sabiote;2010;Demandantes;Ambos sexos;De 45 a 64 años;88,25;
Sabiote;2010;Demandantes;Ambos sexos;TOTAL;274,75;
Sabiote;2011;Demandantes;Hombres;De 16 a 29 años;39,66666666;
Sabiote;2011;Demandantes;Hombres;De 30 a 44 años;73,33333336;
Sabiote;2011;Demandantes;Hombres;De 45 a 64 años;66,24999999;
Sabiote;2011;Demandantes;Hombres;TOTAL;179,25000001;
Sabiote;2011;Demandantes;Mujeres;De 16 a 29 años;43,91666667;
Sabiote;2011;Demandantes;Mujeres;De 30 a 44 años;58,99999998;
Sabiote;2011;Demandantes;Mujeres;De 45 a 64 años;50,58333332;
Sabiote;2011;Demandantes;Mujeres;TOTAL;153,49999997;
Sabiote;2011;Demandantes;Ambos sexos;De 16 a 29 años;83,58333333;
Sabiote;2011;Demandantes;Ambos sexos;De 30 a 44 años;132,33333334;
Sabiote;2011;Demandantes;Ambos sexos;De 45 a 64 años;116,83333331;
Sabiote;2011;Demandantes;Ambos sexos;TOTAL;332,74999998;
Sabiote;2012;Demandantes;Hombres;De 16 a 29 años;50,91666667;
Sabiote;2012;Demandantes;Hombres;De 30 a 44 años;97,58333333;
Sabiote;2012;Demandantes;Hombres;De 45 a 64 años;94,91666666;
Sabiote;2012;Demandantes;Hombres;TOTAL;243,41666666;
Sabiote;2012;Demandantes;Mujeres;De 16 a 29 años;46;
Sabiote;2012;Demandantes;Mujeres;De 30 a 44 años;58,41666667;
Sabiote;2012;Demandantes;Mujeres;De 45 a 64 años;57,66666667;
Sabiote;2012;Demandantes;Mujeres;TOTAL;162,08333334;
Sabiote;2012;Demandantes;Ambos sexos;De 16 a 29 años;96,91666667;
Sabiote;2012;Demandantes;Ambos sexos;De 30 a 44 años;156;
Sabiote;2012;Demandantes;Ambos sexos;De 45 a 64 años;152,58333333;
Sabiote;2012;Demandantes;Ambos sexos;TOTAL;405,5;
Santa Elena;2010;Demandantes;Hombres;De 16 a 29 años;15,91666664;
Santa Elena;2010;Demandantes;Hombres;De 30 a 44 años;18,83333333;
Santa Elena;2010;Demandantes;Hombres;De 45 a 64 años;17,33333334;
Santa Elena;2010;Demandantes;Hombres;TOTAL;52,08333331;
Santa Elena;2010;Demandantes;Mujeres;De 16 a 29 años;18,5;
Santa Elena;2010;Demandantes;Mujeres;De 30 a 44 años;21,16666666;
Santa Elena;2010;Demandantes;Mujeres;De 45 a 64 años;40,91666666;
Santa Elena;2010;Demandantes;Mujeres;TOTAL;80,58333332;
Santa Elena;2010;Demandantes;Ambos sexos;De 16 a 29 años;34,41666664;
Santa Elena;2010;Demandantes;Ambos sexos;De 30 a 44 años;39,99999999;
Santa Elena;2010;Demandantes;Ambos sexos;De 45 a 64 años;58,25;
Santa Elena;2010;Demandantes;Ambos sexos;TOTAL;132,66666663;
Santa Elena;2011;Demandantes;Hombres;De 16 a 29 años;19,25;
Santa Elena;2011;Demandantes;Hombres;De 30 a 44 años;22,83333334;
Santa Elena;2011;Demandantes;Hombres;De 45 a 64 años;19;
Santa Elena;2011;Demandantes;Hombres;TOTAL;61,08333334;
Santa Elena;2011;Demandantes;Mujeres;De 16 a 29 años;19,66666665;
Santa Elena;2011;Demandantes;Mujeres;De 30 a 44 años;24,16666666;
Santa Elena;2011;Demandantes;Mujeres;De 45 a 64 años;41,91666667;
Santa Elena;2011;Demandantes;Mujeres;TOTAL;85,74999998;
Santa Elena;2011;Demandantes;Ambos sexos;De 16 a 29 años;38,91666665;
Santa Elena;2011;Demandantes;Ambos sexos;De 30 a 44 años;47;
Santa Elena;2011;Demandantes;Ambos sexos;De 45 a 64 años;60,91666667;
Santa Elena;2011;Demandantes;Ambos sexos;TOTAL;146,83333332;
Santa Elena;2012;Demandantes;Hombres;De 16 a 29 años;27,16666665;
Santa Elena;2012;Demandantes;Hombres;De 30 a 44 años;18,16666666;
Santa Elena;2012;Demandantes;Hombres;De 45 a 64 años;25,16666667;
Santa Elena;2012;Demandantes;Hombres;TOTAL;70,49999998;
Santa Elena;2012;Demandantes;Mujeres;De 16 a 29 años;17,41666666;
Santa Elena;2012;Demandantes;Mujeres;De 30 a 44 años;21,75;
Santa Elena;2012;Demandantes;Mujeres;De 45 a 64 años;47,08333334;
Santa Elena;2012;Demandantes;Mujeres;TOTAL;86,25;
Santa Elena;2012;Demandantes;Ambos sexos;De 16 a 29 años;44,58333331;
Santa Elena;2012;Demandantes;Ambos sexos;De 30 a 44 años;39,91666666;
Santa Elena;2012;Demandantes;Ambos sexos;De 45 a 64 años;72,25000001;
Santa Elena;2012;Demandantes;Ambos sexos;TOTAL;156,74999998;
Santiago de Calatrava;2010;Demandantes;Hombres;De 16 a 29 años;3,08333333;
Santiago de Calatrava;2010;Demandantes;Hombres;De 30 a 44 años;4,33333334;
Santiago de Calatrava;2010;Demandantes;Hombres;De 45 a 64 años;0,83333333;
Santiago de Calatrava;2010;Demandantes;Hombres;TOTAL;8,25;
Santiago de Calatrava;2010;Demandantes;Mujeres;De 16 a 29 años;5,58333333;
Santiago de Calatrava;2010;Demandantes;Mujeres;De 30 a 44 años;2;
Santiago de Calatrava;2010;Demandantes;Mujeres;De 45 a 64 años;3,41666667;
Santiago de Calatrava;2010;Demandantes;Mujeres;TOTAL;11;
Santiago de Calatrava;2010;Demandantes;Ambos sexos;De 16 a 29 años;8,66666666;
Santiago de Calatrava;2010;Demandantes;Ambos sexos;De 30 a 44 años;6,33333334;
Santiago de Calatrava;2010;Demandantes;Ambos sexos;De 45 a 64 años;4,25;
Santiago de Calatrava;2010;Demandantes;Ambos sexos;TOTAL;19,25;
Santiago de Calatrava;2011;Demandantes;Hombres;De 16 a 29 años;1,58333333;
Santiago de Calatrava;2011;Demandantes;Hombres;De 30 a 44 años;4,25000001;
Santiago de Calatrava;2011;Demandantes;Hombres;De 45 a 64 años;2,16666667;
Santiago de Calatrava;2011;Demandantes;Hombres;TOTAL;8,00000001;
Santiago de Calatrava;2011;Demandantes;Mujeres;De 16 a 29 años;6;
Santiago de Calatrava;2011;Demandantes;Mujeres;De 30 a 44 años;2,25;
Santiago de Calatrava;2011;Demandantes;Mujeres;De 45 a 64 años;2,08333333;
Santiago de Calatrava;2011;Demandantes;Mujeres;TOTAL;10,33333333;
Santiago de Calatrava;2011;Demandantes;Ambos sexos;De 16 a 29 años;7,58333333;
Santiago de Calatrava;2011;Demandantes;Ambos sexos;De 30 a 44 años;6,50000001;
Santiago de Calatrava;2011;Demandantes;Ambos sexos;De 45 a 64 años;4,25;
Santiago de Calatrava;2011;Demandantes;Ambos sexos;TOTAL;18,33333334;
Santiago de Calatrava;2012;Demandantes;Hombres;De 16 a 29 años;4,00000001;
Santiago de Calatrava;2012;Demandantes;Hombres;De 30 a 44 años;6,08333333;
Santiago de Calatrava;2012;Demandantes;Hombres;De 45 a 64 años;1,08333333;
Santiago de Calatrava;2012;Demandantes;Hombres;TOTAL;11,16666667;
Santiago de Calatrava;2012;Demandantes;Mujeres;De 16 a 29 años;5,66666666;
Santiago de Calatrava;2012;Demandantes;Mujeres;De 30 a 44 años;4,66666666;
Santiago de Calatrava;2012;Demandantes;Mujeres;De 45 a 64 años;3,25;
Santiago de Calatrava;2012;Demandantes;Mujeres;TOTAL;13,58333332;
Santiago de Calatrava;2012;Demandantes;Ambos sexos;De 16 a 29 años;9,66666667;
Santiago de Calatrava;2012;Demandantes;Ambos sexos;De 30 a 44 años;10,74999999;
Santiago de Calatrava;2012;Demandantes;Ambos sexos;De 45 a 64 años;4,33333333;
Santiago de Calatrava;2012;Demandantes;Ambos sexos;TOTAL;24,74999999;
Santiago-Pontones;2010;Demandantes;Hombres;De 16 a 29 años;11,25000001;
Santiago-Pontones;2010;Demandantes;Hombres;De 30 a 44 años;12,33333333;
Santiago-Pontones;2010;Demandantes;Hombres;De 45 a 64 años;18,41666667;
Santiago-Pontones;2010;Demandantes;Hombres;TOTAL;42,00000001;
Santiago-Pontones;2010;Demandantes;Mujeres;De 16 a 29 años;14,33333333;
Santiago-Pontones;2010;Demandantes;Mujeres;De 30 a 44 años;17,75;
Santiago-Pontones;2010;Demandantes;Mujeres;De 45 a 64 años;4,16666666;
Santiago-Pontones;2010;Demandantes;Mujeres;TOTAL;36,24999999;
Santiago-Pontones;2010;Demandantes;Ambos sexos;De 16 a 29 años;25,58333334;
Santiago-Pontones;2010;Demandantes;Ambos sexos;De 30 a 44 años;30,08333333;
Santiago-Pontones;2010;Demandantes;Ambos sexos;De 45 a 64 años;22,58333333;
Santiago-Pontones;2010;Demandantes;Ambos sexos;TOTAL;78,25;
Santiago-Pontones;2011;Demandantes;Hombres;De 16 a 29 años;20,83333334;
Santiago-Pontones;2011;Demandantes;Hombres;De 30 a 44 años;20,91666667;
Santiago-Pontones;2011;Demandantes;Hombres;De 45 a 64 años;22,99999998;
Santiago-Pontones;2011;Demandantes;Hombres;TOTAL;64,74999999;
Santiago-Pontones;2011;Demandantes;Mujeres;De 16 a 29 años;29,83333334;
Santiago-Pontones;2011;Demandantes;Mujeres;De 30 a 44 años;22,75;
Santiago-Pontones;2011;Demandantes;Mujeres;De 45 a 64 años;6,66666667;
Santiago-Pontones;2011;Demandantes;Mujeres;TOTAL;59,25000001;
Santiago-Pontones;2011;Demandantes;Ambos sexos;De 16 a 29 años;50,66666668;
Santiago-Pontones;2011;Demandantes;Ambos sexos;De 30 a 44 años;43,66666667;
Santiago-Pontones;2011;Demandantes;Ambos sexos;De 45 a 64 años;29,66666665;
Santiago-Pontones;2011;Demandantes;Ambos sexos;TOTAL;124;
Santiago-Pontones;2012;Demandantes;Hombres;De 16 a 29 años;14,5;
Santiago-Pontones;2012;Demandantes;Hombres;De 30 a 44 años;25,5;
Santiago-Pontones;2012;Demandantes;Hombres;De 45 a 64 años;24,99999998;
Santiago-Pontones;2012;Demandantes;Hombres;TOTAL;64,99999998;
Santiago-Pontones;2012;Demandantes;Mujeres;De 16 a 29 años;34,16666668;
Santiago-Pontones;2012;Demandantes;Mujeres;De 30 a 44 años;22,50000001;
Santiago-Pontones;2012;Demandantes;Mujeres;De 45 a 64 años;8,99999999;
Santiago-Pontones;2012;Demandantes;Mujeres;TOTAL;65,66666668;
Santiago-Pontones;2012;Demandantes;Ambos sexos;De 16 a 29 años;48,66666668;
Santiago-Pontones;2012;Demandantes;Ambos sexos;De 30 a 44 años;48,00000001;
Santiago-Pontones;2012;Demandantes;Ambos sexos;De 45 a 64 años;33,99999997;
Santiago-Pontones;2012;Demandantes;Ambos sexos;TOTAL;130,66666666;
Santisteban del Puerto;2010;Demandantes;Hombres;De 16 a 29 años;23,33333332;
Santisteban del Puerto;2010;Demandantes;Hombres;De 30 a 44 años;27,24999999;
Santisteban del Puerto;2010;Demandantes;Hombres;De 45 a 64 años;32,74999999;
Santisteban del Puerto;2010;Demandantes;Hombres;TOTAL;83,3333333;
Santisteban del Puerto;2010;Demandantes;Mujeres;De 16 a 29 años;29,41666666;
Santisteban del Puerto;2010;Demandantes;Mujeres;De 30 a 44 años;28,74999999;
Santisteban del Puerto;2010;Demandantes;Mujeres;De 45 a 64 años;21,75000002;
Santisteban del Puerto;2010;Demandantes;Mujeres;TOTAL;79,91666667;
Santisteban del Puerto;2010;Demandantes;Ambos sexos;De 16 a 29 años;52,74999998;
Santisteban del Puerto;2010;Demandantes;Ambos sexos;De 30 a 44 años;55,99999998;
Santisteban del Puerto;2010;Demandantes;Ambos sexos;De 45 a 64 años;54,50000001;
Santisteban del Puerto;2010;Demandantes;Ambos sexos;TOTAL;163,24999997;
Santisteban del Puerto;2011;Demandantes;Hombres;De 16 a 29 años;25,58333334;
Santisteban del Puerto;2011;Demandantes;Hombres;De 30 a 44 años;34,83333334;
Santisteban del Puerto;2011;Demandantes;Hombres;De 45 a 64 años;47,49999999;
Santisteban del Puerto;2011;Demandantes;Hombres;TOTAL;107,91666667;
Santisteban del Puerto;2011;Demandantes;Mujeres;De 16 a 29 años;41,25;
Santisteban del Puerto;2011;Demandantes;Mujeres;De 30 a 44 años;35,24999998;
Santisteban del Puerto;2011;Demandantes;Mujeres;De 45 a 64 años;26,83333333;
Santisteban del Puerto;2011;Demandantes;Mujeres;TOTAL;103,33333331;
Santisteban del Puerto;2011;Demandantes;Ambos sexos;De 16 a 29 años;66,83333334;
Santisteban del Puerto;2011;Demandantes;Ambos sexos;De 30 a 44 años;70,08333332;
Santisteban del Puerto;2011;Demandantes;Ambos sexos;De 45 a 64 años;74,33333332;
Santisteban del Puerto;2011;Demandantes;Ambos sexos;TOTAL;211,24999998;
Santisteban del Puerto;2012;Demandantes;Hombres;De 16 a 29 años;27,16666666;
Santisteban del Puerto;2012;Demandantes;Hombres;De 30 a 44 años;51,75000001;
Santisteban del Puerto;2012;Demandantes;Hombres;De 45 a 64 años;59,49999999;
Santisteban del Puerto;2012;Demandantes;Hombres;TOTAL;138,41666666;
Santisteban del Puerto;2012;Demandantes;Mujeres;De 16 a 29 años;53,91666666;
Santisteban del Puerto;2012;Demandantes;Mujeres;De 30 a 44 años;43,58333334;
Santisteban del Puerto;2012;Demandantes;Mujeres;De 45 a 64 años;31,41666667;
Santisteban del Puerto;2012;Demandantes;Mujeres;TOTAL;128,91666667;
Santisteban del Puerto;2012;Demandantes;Ambos sexos;De 16 a 29 años;81,08333332;
Santisteban del Puerto;2012;Demandantes;Ambos sexos;De 30 a 44 años;95,33333335;
Santisteban del Puerto;2012;Demandantes;Ambos sexos;De 45 a 64 años;90,91666666;
Santisteban del Puerto;2012;Demandantes;Ambos sexos;TOTAL;267,33333333;
Santo Tomé;2010;Demandantes;Hombres;De 16 a 29 años;12,66666666;
Santo Tomé;2010;Demandantes;Hombres;De 30 a 44 años;19,5;
Santo Tomé;2010;Demandantes;Hombres;De 45 a 64 años;15,25000001;
Santo Tomé;2010;Demandantes;Hombres;TOTAL;47,41666667;
Santo Tomé;2010;Demandantes;Mujeres;De 16 a 29 años;11,99999999;
Santo Tomé;2010;Demandantes;Mujeres;De 30 a 44 años;11,58333333;
Santo Tomé;2010;Demandantes;Mujeres;De 45 a 64 años;3,58333334;
Santo Tomé;2010;Demandantes;Mujeres;TOTAL;27,16666666;
Santo Tomé;2010;Demandantes;Ambos sexos;De 16 a 29 años;24,66666665;
Santo Tomé;2010;Demandantes;Ambos sexos;De 30 a 44 años;31,08333333;
Santo Tomé;2010;Demandantes;Ambos sexos;De 45 a 64 años;18,83333335;
Santo Tomé;2010;Demandantes;Ambos sexos;TOTAL;74,58333333;
Santo Tomé;2011;Demandantes;Hombres;De 16 a 29 años;14,33333333;
Santo Tomé;2011;Demandantes;Hombres;De 30 a 44 años;18,33333334;
Santo Tomé;2011;Demandantes;Hombres;De 45 a 64 años;21,33333333;
Santo Tomé;2011;Demandantes;Hombres;TOTAL;54;
Santo Tomé;2011;Demandantes;Mujeres;De 16 a 29 años;9,5;
Santo Tomé;2011;Demandantes;Mujeres;De 30 a 44 años;11,08333335;
Santo Tomé;2011;Demandantes;Mujeres;De 45 a 64 años;7,91666667;
Santo Tomé;2011;Demandantes;Mujeres;TOTAL;28,50000002;
Santo Tomé;2011;Demandantes;Ambos sexos;De 16 a 29 años;23,83333333;
Santo Tomé;2011;Demandantes;Ambos sexos;De 30 a 44 años;29,41666669;
Santo Tomé;2011;Demandantes;Ambos sexos;De 45 a 64 años;29,25;
Santo Tomé;2011;Demandantes;Ambos sexos;TOTAL;82,50000002;
Santo Tomé;2012;Demandantes;Hombres;De 16 a 29 años;21,66666667;
Santo Tomé;2012;Demandantes;Hombres;De 30 a 44 años;17,16666666;
Santo Tomé;2012;Demandantes;Hombres;De 45 a 64 años;24,58333333;
Santo Tomé;2012;Demandantes;Hombres;TOTAL;63,41666666;
Santo Tomé;2012;Demandantes;Mujeres;De 16 a 29 años;16,25;
Santo Tomé;2012;Demandantes;Mujeres;De 30 a 44 años;12,00000001;
Santo Tomé;2012;Demandantes;Mujeres;De 45 a 64 años;10,33333334;
Santo Tomé;2012;Demandantes;Mujeres;TOTAL;38,58333335;
Santo Tomé;2012;Demandantes;Ambos sexos;De 16 a 29 años;37,91666667;
Santo Tomé;2012;Demandantes;Ambos sexos;De 30 a 44 años;29,16666667;
Santo Tomé;2012;Demandantes;Ambos sexos;De 45 a 64 años;34,91666667;
Santo Tomé;2012;Demandantes;Ambos sexos;TOTAL;102,00000001;
Segura de la Sierra;2010;Demandantes;Hombres;De 16 a 29 años;9;
Segura de la Sierra;2010;Demandantes;Hombres;De 30 a 44 años;10,83333332;
Segura de la Sierra;2010;Demandantes;Hombres;De 45 a 64 años;20,75;
Segura de la Sierra;2010;Demandantes;Hombres;TOTAL;40,58333332;
Segura de la Sierra;2010;Demandantes;Mujeres;De 16 a 29 años;10,99999999;
Segura de la Sierra;2010;Demandantes;Mujeres;De 30 a 44 años;18,08333333;
Segura de la Sierra;2010;Demandantes;Mujeres;De 45 a 64 años;9,75000001;
Segura de la Sierra;2010;Demandantes;Mujeres;TOTAL;38,83333333;
Segura de la Sierra;2010;Demandantes;Ambos sexos;De 16 a 29 años;19,99999999;
Segura de la Sierra;2010;Demandantes;Ambos sexos;De 30 a 44 años;28,91666665;
Segura de la Sierra;2010;Demandantes;Ambos sexos;De 45 a 64 años;30,50000001;
Segura de la Sierra;2010;Demandantes;Ambos sexos;TOTAL;79,41666665;
Segura de la Sierra;2011;Demandantes;Hombres;De 16 a 29 años;12,08333333;
Segura de la Sierra;2011;Demandantes;Hombres;De 30 a 44 años;13,25;
Segura de la Sierra;2011;Demandantes;Hombres;De 45 a 64 años;19,66666667;
Segura de la Sierra;2011;Demandantes;Hombres;TOTAL;45;
Segura de la Sierra;2011;Demandantes;Mujeres;De 16 a 29 años;19,24999999;
Segura de la Sierra;2011;Demandantes;Mujeres;De 30 a 44 años;21,66666666;
Segura de la Sierra;2011;Demandantes;Mujeres;De 45 a 64 años;10,91666665;
Segura de la Sierra;2011;Demandantes;Mujeres;TOTAL;51,8333333;
Segura de la Sierra;2011;Demandantes;Ambos sexos;De 16 a 29 años;31,33333332;
Segura de la Sierra;2011;Demandantes;Ambos sexos;De 30 a 44 años;34,91666666;
Segura de la Sierra;2011;Demandantes;Ambos sexos;De 45 a 64 años;30,58333332;
Segura de la Sierra;2011;Demandantes;Ambos sexos;TOTAL;96,8333333;
Segura de la Sierra;2012;Demandantes;Hombres;De 16 a 29 años;12,66666667;
Segura de la Sierra;2012;Demandantes;Hombres;De 30 a 44 años;16,91666665;
Segura de la Sierra;2012;Demandantes;Hombres;De 45 a 64 años;27,66666668;
Segura de la Sierra;2012;Demandantes;Hombres;TOTAL;57,25;
Segura de la Sierra;2012;Demandantes;Mujeres;De 16 a 29 años;20,99999999;
Segura de la Sierra;2012;Demandantes;Mujeres;De 30 a 44 años;28;
Segura de la Sierra;2012;Demandantes;Mujeres;De 45 a 64 años;14;
Segura de la Sierra;2012;Demandantes;Mujeres;TOTAL;62,99999999;
Segura de la Sierra;2012;Demandantes;Ambos sexos;De 16 a 29 años;33,66666666;
Segura de la Sierra;2012;Demandantes;Ambos sexos;De 30 a 44 años;44,91666665;
Segura de la Sierra;2012;Demandantes;Ambos sexos;De 45 a 64 años;41,66666668;
Segura de la Sierra;2012;Demandantes;Ambos sexos;TOTAL;120,24999999;
Siles;2010;Demandantes;Hombres;De 16 a 29 años;14,25000001;
Siles;2010;Demandantes;Hombres;De 30 a 44 años;15,99999999;
Siles;2010;Demandantes;Hombres;De 45 a 64 años;13,41666666;
Siles;2010;Demandantes;Hombres;TOTAL;43,66666666;
Siles;2010;Demandantes;Mujeres;De 16 a 29 años;12,33333335;
Siles;2010;Demandantes;Mujeres;De 30 a 44 años;20,91666666;
Siles;2010;Demandantes;Mujeres;De 45 a 64 años;14,16666668;
Siles;2010;Demandantes;Mujeres;TOTAL;47,41666669;
Siles;2010;Demandantes;Ambos sexos;De 16 a 29 años;26,58333336;
Siles;2010;Demandantes;Ambos sexos;De 30 a 44 años;36,91666665;
Siles;2010;Demandantes;Ambos sexos;De 45 a 64 años;27,58333334;
Siles;2010;Demandantes;Ambos sexos;TOTAL;91,08333335;
Siles;2011;Demandantes;Hombres;De 16 a 29 años;21,41666666;
Siles;2011;Demandantes;Hombres;De 30 a 44 años;18,08333335;
Siles;2011;Demandantes;Hombres;De 45 a 64 años;14,16666668;
Siles;2011;Demandantes;Hombres;TOTAL;53,66666669;
Siles;2011;Demandantes;Mujeres;De 16 a 29 años;12,58333333;
Siles;2011;Demandantes;Mujeres;De 30 a 44 años;20,16666668;
Siles;2011;Demandantes;Mujeres;De 45 a 64 años;19,99999999;
Siles;2011;Demandantes;Mujeres;TOTAL;52,75;
Siles;2011;Demandantes;Ambos sexos;De 16 a 29 años;33,99999999;
Siles;2011;Demandantes;Ambos sexos;De 30 a 44 años;38,25000003;
Siles;2011;Demandantes;Ambos sexos;De 45 a 64 años;34,16666667;
Siles;2011;Demandantes;Ambos sexos;TOTAL;106,41666669;
Siles;2012;Demandantes;Hombres;De 16 a 29 años;24,58333332;
Siles;2012;Demandantes;Hombres;De 30 a 44 años;20,8333333;
Siles;2012;Demandantes;Hombres;De 45 a 64 años;25,75;
Siles;2012;Demandantes;Hombres;TOTAL;71,16666662;
Siles;2012;Demandantes;Mujeres;De 16 a 29 años;16,49999999;
Siles;2012;Demandantes;Mujeres;De 30 a 44 años;25,25;
Siles;2012;Demandantes;Mujeres;De 45 a 64 años;27,33333333;
Siles;2012;Demandantes;Mujeres;TOTAL;69,08333332;
Siles;2012;Demandantes;Ambos sexos;De 16 a 29 años;41,08333331;
Siles;2012;Demandantes;Ambos sexos;De 30 a 44 años;46,0833333;
Siles;2012;Demandantes;Ambos sexos;De 45 a 64 años;53,08333333;
Siles;2012;Demandantes;Ambos sexos;TOTAL;140,24999994;
Sorihuela del Guadalimar;2010;Demandantes;Hombres;De 16 a 29 años;11,25;
Sorihuela del Guadalimar;2010;Demandantes;Hombres;De 30 a 44 años;6,74999998;
Sorihuela del Guadalimar;2010;Demandantes;Hombres;De 45 a 64 años;7,83333334;
Sorihuela del Guadalimar;2010;Demandantes;Hombres;TOTAL;25,83333332;
Sorihuela del Guadalimar;2010;Demandantes;Mujeres;De 16 a 29 años;8,99999999;
Sorihuela del Guadalimar;2010;Demandantes;Mujeres;De 30 a 44 años;7,49999999;
Sorihuela del Guadalimar;2010;Demandantes;Mujeres;De 45 a 64 años;5,41666667;
Sorihuela del Guadalimar;2010;Demandantes;Mujeres;TOTAL;21,91666665;
Sorihuela del Guadalimar;2010;Demandantes;Ambos sexos;De 16 a 29 años;20,24999999;
Sorihuela del Guadalimar;2010;Demandantes;Ambos sexos;De 30 a 44 años;14,24999997;
Sorihuela del Guadalimar;2010;Demandantes;Ambos sexos;De 45 a 64 años;13,25000001;
Sorihuela del Guadalimar;2010;Demandantes;Ambos sexos;TOTAL;47,74999997;
Sorihuela del Guadalimar;2011;Demandantes;Hombres;De 16 a 29 años;7,66666667;
Sorihuela del Guadalimar;2011;Demandantes;Hombres;De 30 a 44 años;10,25000001;
Sorihuela del Guadalimar;2011;Demandantes;Hombres;De 45 a 64 años;15,08333333;
Sorihuela del Guadalimar;2011;Demandantes;Hombres;TOTAL;33,00000001;
Sorihuela del Guadalimar;2011;Demandantes;Mujeres;De 16 a 29 años;13,41666666;
Sorihuela del Guadalimar;2011;Demandantes;Mujeres;De 30 a 44 años;7,66666666;
Sorihuela del Guadalimar;2011;Demandantes;Mujeres;De 45 a 64 años;8,25;
Sorihuela del Guadalimar;2011;Demandantes;Mujeres;TOTAL;29,33333332;
Sorihuela del Guadalimar;2011;Demandantes;Ambos sexos;De 16 a 29 años;21,08333333;
Sorihuela del Guadalimar;2011;Demandantes;Ambos sexos;De 30 a 44 años;17,91666667;
Sorihuela del Guadalimar;2011;Demandantes;Ambos sexos;De 45 a 64 años;23,33333333;
Sorihuela del Guadalimar;2011;Demandantes;Ambos sexos;TOTAL;62,33333333;
Sorihuela del Guadalimar;2012;Demandantes;Hombres;De 16 a 29 años;12,33333332;
Sorihuela del Guadalimar;2012;Demandantes;Hombres;De 30 a 44 años;11;
Sorihuela del Guadalimar;2012;Demandantes;Hombres;De 45 a 64 años;17,66666668;
Sorihuela del Guadalimar;2012;Demandantes;Hombres;TOTAL;41;
Sorihuela del Guadalimar;2012;Demandantes;Mujeres;De 16 a 29 años;15,25000001;
Sorihuela del Guadalimar;2012;Demandantes;Mujeres;De 30 a 44 años;7,91666666;
Sorihuela del Guadalimar;2012;Demandantes;Mujeres;De 45 a 64 años;11,75;
Sorihuela del Guadalimar;2012;Demandantes;Mujeres;TOTAL;34,91666667;
Sorihuela del Guadalimar;2012;Demandantes;Ambos sexos;De 16 a 29 años;27,58333333;
Sorihuela del Guadalimar;2012;Demandantes;Ambos sexos;De 30 a 44 años;18,91666666;
Sorihuela del Guadalimar;2012;Demandantes;Ambos sexos;De 45 a 64 años;29,41666668;
Sorihuela del Guadalimar;2012;Demandantes;Ambos sexos;TOTAL;75,91666667;
Torreblascopedro;2010;Demandantes;Hombres;De 16 a 29 años;16,66666667;
Torreblascopedro;2010;Demandantes;Hombres;De 30 a 44 años;31,66666667;
Torreblascopedro;2010;Demandantes;Hombres;De 45 a 64 años;26,08333333;
Torreblascopedro;2010;Demandantes;Hombres;TOTAL;74,41666667;
Torreblascopedro;2010;Demandantes;Mujeres;De 16 a 29 años;16,91666668;
Torreblascopedro;2010;Demandantes;Mujeres;De 30 a 44 años;27,08333334;
Torreblascopedro;2010;Demandantes;Mujeres;De 45 a 64 años;5,58333333;
Torreblascopedro;2010;Demandantes;Mujeres;TOTAL;49,58333335;
Torreblascopedro;2010;Demandantes;Ambos sexos;De 16 a 29 años;33,58333335;
Torreblascopedro;2010;Demandantes;Ambos sexos;De 30 a 44 años;58,75000001;
Torreblascopedro;2010;Demandantes;Ambos sexos;De 45 a 64 años;31,66666666;
Torreblascopedro;2010;Demandantes;Ambos sexos;TOTAL;124,00000002;
Torreblascopedro;2011;Demandantes;Hombres;De 16 a 29 años;15,41666667;
Torreblascopedro;2011;Demandantes;Hombres;De 30 a 44 años;35,83333333;
Torreblascopedro;2011;Demandantes;Hombres;De 45 a 64 años;27,41666666;
Torreblascopedro;2011;Demandantes;Hombres;TOTAL;78,66666666;
Torreblascopedro;2011;Demandantes;Mujeres;De 16 a 29 años;24,66666665;
Torreblascopedro;2011;Demandantes;Mujeres;De 30 a 44 años;29,16666665;
Torreblascopedro;2011;Demandantes;Mujeres;De 45 a 64 años;9,66666667;
Torreblascopedro;2011;Demandantes;Mujeres;TOTAL;63,49999997;
Torreblascopedro;2011;Demandantes;Ambos sexos;De 16 a 29 años;40,08333332;
Torreblascopedro;2011;Demandantes;Ambos sexos;De 30 a 44 años;64,99999998;
Torreblascopedro;2011;Demandantes;Ambos sexos;De 45 a 64 años;37,08333333;
Torreblascopedro;2011;Demandantes;Ambos sexos;TOTAL;142,16666663;
Torreblascopedro;2012;Demandantes;Hombres;De 16 a 29 años;16,91666667;
Torreblascopedro;2012;Demandantes;Hombres;De 30 a 44 años;39,91666666;
Torreblascopedro;2012;Demandantes;Hombres;De 45 a 64 años;34,5;
Torreblascopedro;2012;Demandantes;Hombres;TOTAL;91,33333333;
Torreblascopedro;2012;Demandantes;Mujeres;De 16 a 29 años;33,58333333;
Torreblascopedro;2012;Demandantes;Mujeres;De 30 a 44 años;30,33333335;
Torreblascopedro;2012;Demandantes;Mujeres;De 45 a 64 años;15,16666667;
Torreblascopedro;2012;Demandantes;Mujeres;TOTAL;79,08333335;
Torreblascopedro;2012;Demandantes;Ambos sexos;De 16 a 29 años;50,5;
Torreblascopedro;2012;Demandantes;Ambos sexos;De 30 a 44 años;70,25000001;
Torreblascopedro;2012;Demandantes;Ambos sexos;De 45 a 64 años;49,66666667;
Torreblascopedro;2012;Demandantes;Ambos sexos;TOTAL;170,41666668;
Torredelcampo;2010;Demandantes;Hombres;De 16 a 29 años;164,66666665;
Torredelcampo;2010;Demandantes;Hombres;De 30 a 44 años;217,41666668;
Torredelcampo;2010;Demandantes;Hombres;De 45 a 64 años;164,58333334;
Torredelcampo;2010;Demandantes;Hombres;TOTAL;546,66666667;
Torredelcampo;2010;Demandantes;Mujeres;De 16 a 29 años;165,83333333;
Torredelcampo;2010;Demandantes;Mujeres;De 30 a 44 años;284,08333333;
Torredelcampo;2010;Demandantes;Mujeres;De 45 a 64 años;104,83333335;
Torredelcampo;2010;Demandantes;Mujeres;TOTAL;554,75000001;
Torredelcampo;2010;Demandantes;Ambos sexos;De 16 a 29 años;330,49999998;
Torredelcampo;2010;Demandantes;Ambos sexos;De 30 a 44 años;501,50000001;
Torredelcampo;2010;Demandantes;Ambos sexos;De 45 a 64 años;269,41666669;
Torredelcampo;2010;Demandantes;Ambos sexos;TOTAL;1101,41666668;
Torredelcampo;2011;Demandantes;Hombres;De 16 a 29 años;165,08333333;
Torredelcampo;2011;Demandantes;Hombres;De 30 a 44 años;220,08333335;
Torredelcampo;2011;Demandantes;Hombres;De 45 a 64 años;176,41666666;
Torredelcampo;2011;Demandantes;Hombres;TOTAL;561,58333334;
Torredelcampo;2011;Demandantes;Mujeres;De 16 a 29 años;175,08333333;
Torredelcampo;2011;Demandantes;Mujeres;De 30 a 44 años;289,08333333;
Torredelcampo;2011;Demandantes;Mujeres;De 45 a 64 años;123,58333333;
Torredelcampo;2011;Demandantes;Mujeres;TOTAL;587,74999999;
Torredelcampo;2011;Demandantes;Ambos sexos;De 16 a 29 años;340,16666666;
Torredelcampo;2011;Demandantes;Ambos sexos;De 30 a 44 años;509,16666668;
Torredelcampo;2011;Demandantes;Ambos sexos;De 45 a 64 años;299,99999999;
Torredelcampo;2011;Demandantes;Ambos sexos;TOTAL;1149,33333333;
Torredelcampo;2012;Demandantes;Hombres;De 16 a 29 años;202,75;
Torredelcampo;2012;Demandantes;Hombres;De 30 a 44 años;294,16666666;
Torredelcampo;2012;Demandantes;Hombres;De 45 a 64 años;238,58333333;
Torredelcampo;2012;Demandantes;Hombres;TOTAL;735,49999999;
Torredelcampo;2012;Demandantes;Mujeres;De 16 a 29 años;210,25;
Torredelcampo;2012;Demandantes;Mujeres;De 30 a 44 años;308,66666666;
Torredelcampo;2012;Demandantes;Mujeres;De 45 a 64 años;148,08333335;
Torredelcampo;2012;Demandantes;Mujeres;TOTAL;667,00000001;
Torredelcampo;2012;Demandantes;Ambos sexos;De 16 a 29 años;413;
Torredelcampo;2012;Demandantes;Ambos sexos;De 30 a 44 años;602,83333332;
Torredelcampo;2012;Demandantes;Ambos sexos;De 45 a 64 años;386,66666668;
Torredelcampo;2012;Demandantes;Ambos sexos;TOTAL;1402,5;
Torredonjimeno;2010;Demandantes;Hombres;De 16 a 29 años;141,41666667;
Torredonjimeno;2010;Demandantes;Hombres;De 30 a 44 años;163,58333335;
Torredonjimeno;2010;Demandantes;Hombres;De 45 a 64 años;175,25;
Torredonjimeno;2010;Demandantes;Hombres;TOTAL;480,25000002;
Torredonjimeno;2010;Demandantes;Mujeres;De 16 a 29 años;145,91666669;
Torredonjimeno;2010;Demandantes;Mujeres;De 30 a 44 años;267,08333335;
Torredonjimeno;2010;Demandantes;Mujeres;De 45 a 64 años;137,16666666;
Torredonjimeno;2010;Demandantes;Mujeres;TOTAL;550,1666667;
Torredonjimeno;2010;Demandantes;Ambos sexos;De 16 a 29 años;287,33333336;
Torredonjimeno;2010;Demandantes;Ambos sexos;De 30 a 44 años;430,6666667;
Torredonjimeno;2010;Demandantes;Ambos sexos;De 45 a 64 años;312,41666666;
Torredonjimeno;2010;Demandantes;Ambos sexos;TOTAL;1030,41666672;
Torredonjimeno;2011;Demandantes;Hombres;De 16 a 29 años;157,66666667;
Torredonjimeno;2011;Demandantes;Hombres;De 30 a 44 años;182,08333331;
Torredonjimeno;2011;Demandantes;Hombres;De 45 a 64 años;176,00000001;
Torredonjimeno;2011;Demandantes;Hombres;TOTAL;515,74999999;
Torredonjimeno;2011;Demandantes;Mujeres;De 16 a 29 años;158,74999998;
Torredonjimeno;2011;Demandantes;Mujeres;De 30 a 44 años;260,25000002;
Torredonjimeno;2011;Demandantes;Mujeres;De 45 a 64 años;156,58333334;
Torredonjimeno;2011;Demandantes;Mujeres;TOTAL;575,58333334;
Torredonjimeno;2011;Demandantes;Ambos sexos;De 16 a 29 años;316,41666665;
Torredonjimeno;2011;Demandantes;Ambos sexos;De 30 a 44 años;442,33333333;
Torredonjimeno;2011;Demandantes;Ambos sexos;De 45 a 64 años;332,58333335;
Torredonjimeno;2011;Demandantes;Ambos sexos;TOTAL;1091,33333333;
Torredonjimeno;2012;Demandantes;Hombres;De 16 a 29 años;220,91666666;
Torredonjimeno;2012;Demandantes;Hombres;De 30 a 44 años;237,66666667;
Torredonjimeno;2012;Demandantes;Hombres;De 45 a 64 años;211,99999995;
Torredonjimeno;2012;Demandantes;Hombres;TOTAL;670,58333328;
Torredonjimeno;2012;Demandantes;Mujeres;De 16 a 29 años;210,24999998;
Torredonjimeno;2012;Demandantes;Mujeres;De 30 a 44 años;276,41666665;
Torredonjimeno;2012;Demandantes;Mujeres;De 45 a 64 años;202,49999999;
Torredonjimeno;2012;Demandantes;Mujeres;TOTAL;689,16666662;
Torredonjimeno;2012;Demandantes;Ambos sexos;De 16 a 29 años;431,16666664;
Torredonjimeno;2012;Demandantes;Ambos sexos;De 30 a 44 años;514,08333332;
Torredonjimeno;2012;Demandantes;Ambos sexos;De 45 a 64 años;414,49999994;
Torredonjimeno;2012;Demandantes;Ambos sexos;TOTAL;1359,7499999;
Torreperogil;2010;Demandantes;Hombres;De 16 a 29 años;95,58333335;
Torreperogil;2010;Demandantes;Hombres;De 30 a 44 años;132,41666665;
Torreperogil;2010;Demandantes;Hombres;De 45 a 64 años;165,41666665;
Torreperogil;2010;Demandantes;Hombres;TOTAL;393,41666665;
Torreperogil;2010;Demandantes;Mujeres;De 16 a 29 años;84,66666667;
Torreperogil;2010;Demandantes;Mujeres;De 30 a 44 años;130,83333331;
Torreperogil;2010;Demandantes;Mujeres;De 45 a 64 años;101,50000001;
Torreperogil;2010;Demandantes;Mujeres;TOTAL;316,99999999;
Torreperogil;2010;Demandantes;Ambos sexos;De 16 a 29 años;180,25000002;
Torreperogil;2010;Demandantes;Ambos sexos;De 30 a 44 años;263,24999996;
Torreperogil;2010;Demandantes;Ambos sexos;De 45 a 64 años;266,91666666;
Torreperogil;2010;Demandantes;Ambos sexos;TOTAL;710,41666664;
Torreperogil;2011;Demandantes;Hombres;De 16 a 29 años;104,58333335;
Torreperogil;2011;Demandantes;Hombres;De 30 a 44 años;135,91666666;
Torreperogil;2011;Demandantes;Hombres;De 45 a 64 años;200,83333332;
Torreperogil;2011;Demandantes;Hombres;TOTAL;441,33333333;
Torreperogil;2011;Demandantes;Mujeres;De 16 a 29 años;98,50000001;
Torreperogil;2011;Demandantes;Mujeres;De 30 a 44 años;146,08333331;
Torreperogil;2011;Demandantes;Mujeres;De 45 a 64 años;136,16666666;
Torreperogil;2011;Demandantes;Mujeres;TOTAL;380,74999998;
Torreperogil;2011;Demandantes;Ambos sexos;De 16 a 29 años;203,08333336;
Torreperogil;2011;Demandantes;Ambos sexos;De 30 a 44 años;281,99999997;
Torreperogil;2011;Demandantes;Ambos sexos;De 45 a 64 años;336,99999998;
Torreperogil;2011;Demandantes;Ambos sexos;TOTAL;822,08333331;
Torreperogil;2012;Demandantes;Hombres;De 16 a 29 años;120,83333331;
Torreperogil;2012;Demandantes;Hombres;De 30 a 44 años;175,25;
Torreperogil;2012;Demandantes;Hombres;De 45 a 64 años;247,33333334;
Torreperogil;2012;Demandantes;Hombres;TOTAL;543,41666665;
Torreperogil;2012;Demandantes;Mujeres;De 16 a 29 años;97,75000002;
Torreperogil;2012;Demandantes;Mujeres;De 30 a 44 años;161,08333334;
Torreperogil;2012;Demandantes;Mujeres;De 45 a 64 años;181,4166667;
Torreperogil;2012;Demandantes;Mujeres;TOTAL;440,25000006;
Torreperogil;2012;Demandantes;Ambos sexos;De 16 a 29 años;218,58333333;
Torreperogil;2012;Demandantes;Ambos sexos;De 30 a 44 años;336,33333334;
Torreperogil;2012;Demandantes;Ambos sexos;De 45 a 64 años;428,75000004;
Torreperogil;2012;Demandantes;Ambos sexos;TOTAL;983,66666671;
Torres;2010;Demandantes;Hombres;De 16 a 29 años;7,5;
Torres;2010;Demandantes;Hombres;De 30 a 44 años;9,49999999;
Torres;2010;Demandantes;Hombres;De 45 a 64 años;8,58333333;
Torres;2010;Demandantes;Hombres;TOTAL;25,58333332;
Torres;2010;Demandantes;Mujeres;De 16 a 29 años;7,91666667;
Torres;2010;Demandantes;Mujeres;De 30 a 44 años;9,58333334;
Torres;2010;Demandantes;Mujeres;De 45 a 64 años;4,33333334;
Torres;2010;Demandantes;Mujeres;TOTAL;21,83333335;
Torres;2010;Demandantes;Ambos sexos;De 16 a 29 años;15,41666667;
Torres;2010;Demandantes;Ambos sexos;De 30 a 44 años;19,08333333;
Torres;2010;Demandantes;Ambos sexos;De 45 a 64 años;12,91666667;
Torres;2010;Demandantes;Ambos sexos;TOTAL;47,41666667;
Torres;2011;Demandantes;Hombres;De 16 a 29 años;6,75;
Torres;2011;Demandantes;Hombres;De 30 a 44 años;11,33333333;
Torres;2011;Demandantes;Hombres;De 45 a 64 años;8,91666666;
Torres;2011;Demandantes;Hombres;TOTAL;26,99999999;
Torres;2011;Demandantes;Mujeres;De 16 a 29 años;12,83333334;
Torres;2011;Demandantes;Mujeres;De 30 a 44 años;11,33333332;
Torres;2011;Demandantes;Mujeres;De 45 a 64 años;9,08333332;
Torres;2011;Demandantes;Mujeres;TOTAL;33,24999998;
Torres;2011;Demandantes;Ambos sexos;De 16 a 29 años;19,58333334;
Torres;2011;Demandantes;Ambos sexos;De 30 a 44 años;22,66666665;
Torres;2011;Demandantes;Ambos sexos;De 45 a 64 años;17,99999998;
Torres;2011;Demandantes;Ambos sexos;TOTAL;60,24999997;
Torres;2012;Demandantes;Hombres;De 16 a 29 años;8,16666668;
Torres;2012;Demandantes;Hombres;De 30 a 44 años;13,91666668;
Torres;2012;Demandantes;Hombres;De 45 a 64 años;14,91666666;
Torres;2012;Demandantes;Hombres;TOTAL;37,00000002;
Torres;2012;Demandantes;Mujeres;De 16 a 29 años;15,58333333;
Torres;2012;Demandantes;Mujeres;De 30 a 44 años;13,33333334;
Torres;2012;Demandantes;Mujeres;De 45 a 64 años;9,25000001;
Torres;2012;Demandantes;Mujeres;TOTAL;38,16666668;
Torres;2012;Demandantes;Ambos sexos;De 16 a 29 años;23,75000001;
Torres;2012;Demandantes;Ambos sexos;De 30 a 44 años;27,25000002;
Torres;2012;Demandantes;Ambos sexos;De 45 a 64 años;24,16666667;
Torres;2012;Demandantes;Ambos sexos;TOTAL;75,1666667;
Torres de Albánchez;2010;Demandantes;Hombres;De 16 a 29 años;4;
Torres de Albánchez;2010;Demandantes;Hombres;De 30 a 44 años;7,5;
Torres de Albánchez;2010;Demandantes;Hombres;De 45 a 64 años;6,33333333;
Torres de Albánchez;2010;Demandantes;Hombres;TOTAL;17,83333333;
Torres de Albánchez;2010;Demandantes;Mujeres;De 16 a 29 años;9,5;
Torres de Albánchez;2010;Demandantes;Mujeres;De 30 a 44 años;11,08333333;
Torres de Albánchez;2010;Demandantes;Mujeres;De 45 a 64 años;2,83333333;
Torres de Albánchez;2010;Demandantes;Mujeres;TOTAL;23,41666666;
Torres de Albánchez;2010;Demandantes;Ambos sexos;De 16 a 29 años;13,5;
Torres de Albánchez;2010;Demandantes;Ambos sexos;De 30 a 44 años;18,58333333;
Torres de Albánchez;2010;Demandantes;Ambos sexos;De 45 a 64 años;9,16666666;
Torres de Albánchez;2010;Demandantes;Ambos sexos;TOTAL;41,24999999;
Torres de Albánchez;2011;Demandantes;Hombres;De 16 a 29 años;7,99999999;
Torres de Albánchez;2011;Demandantes;Hombres;De 30 a 44 años;8,08333334;
Torres de Albánchez;2011;Demandantes;Hombres;De 45 a 64 años;7;
Torres de Albánchez;2011;Demandantes;Hombres;TOTAL;23,08333333;
Torres de Albánchez;2011;Demandantes;Mujeres;De 16 a 29 años;12,58333332;
Torres de Albánchez;2011;Demandantes;Mujeres;De 30 a 44 años;11,25;
Torres de Albánchez;2011;Demandantes;Mujeres;De 45 a 64 años;3,33333334;
Torres de Albánchez;2011;Demandantes;Mujeres;TOTAL;27,16666666;
Torres de Albánchez;2011;Demandantes;Ambos sexos;De 16 a 29 años;20,58333331;
Torres de Albánchez;2011;Demandantes;Ambos sexos;De 30 a 44 años;19,33333334;
Torres de Albánchez;2011;Demandantes;Ambos sexos;De 45 a 64 años;10,33333334;
Torres de Albánchez;2011;Demandantes;Ambos sexos;TOTAL;50,24999999;
Torres de Albánchez;2012;Demandantes;Hombres;De 16 a 29 años;8,83333332;
Torres de Albánchez;2012;Demandantes;Hombres;De 30 a 44 años;7,16666667;
Torres de Albánchez;2012;Demandantes;Hombres;De 45 a 64 años;8,58333333;
Torres de Albánchez;2012;Demandantes;Hombres;TOTAL;24,58333332;
Torres de Albánchez;2012;Demandantes;Mujeres;De 16 a 29 años;15,66666665;
Torres de Albánchez;2012;Demandantes;Mujeres;De 30 a 44 años;9,58333334;
Torres de Albánchez;2012;Demandantes;Mujeres;De 45 a 64 años;6;
Torres de Albánchez;2012;Demandantes;Mujeres;TOTAL;31,24999999;
Torres de Albánchez;2012;Demandantes;Ambos sexos;De 16 a 29 años;24,49999997;
Torres de Albánchez;2012;Demandantes;Ambos sexos;De 30 a 44 años;16,75000001;
Torres de Albánchez;2012;Demandantes;Ambos sexos;De 45 a 64 años;14,58333333;
Torres de Albánchez;2012;Demandantes;Ambos sexos;TOTAL;55,83333331;
Úbeda;2010;Demandantes;Hombres;De 16 a 29 años;329,33333335;
Úbeda;2010;Demandantes;Hombres;De 30 a 44 años;489,25;
Úbeda;2010;Demandantes;Hombres;De 45 a 64 años;421,16666664;
Úbeda;2010;Demandantes;Hombres;TOTAL;1239,74999999;
Úbeda;2010;Demandantes;Mujeres;De 16 a 29 años;401,58333334;
Úbeda;2010;Demandantes;Mujeres;De 30 a 44 años;839,16666667;
Úbeda;2010;Demandantes;Mujeres;De 45 a 64 años;775,33333335;
Úbeda;2010;Demandantes;Mujeres;TOTAL;2016,08333336;
Úbeda;2010;Demandantes;Ambos sexos;De 16 a 29 años;730,91666669;
Úbeda;2010;Demandantes;Ambos sexos;De 30 a 44 años;1328,41666667;
Úbeda;2010;Demandantes;Ambos sexos;De 45 a 64 años;1196,49999999;
Úbeda;2010;Demandantes;Ambos sexos;TOTAL;3255,83333335;
Úbeda;2011;Demandantes;Hombres;De 16 a 29 años;386,3333333;
Úbeda;2011;Demandantes;Hombres;De 30 a 44 años;531,75;
Úbeda;2011;Demandantes;Hombres;De 45 a 64 años;486,75000001;
Úbeda;2011;Demandantes;Hombres;TOTAL;1404,83333331;
Úbeda;2011;Demandantes;Mujeres;De 16 a 29 años;461,25000002;
Úbeda;2011;Demandantes;Mujeres;De 30 a 44 años;868,49999999;
Úbeda;2011;Demandantes;Mujeres;De 45 a 64 años;797,16666664;
Úbeda;2011;Demandantes;Mujeres;TOTAL;2126,91666665;
Úbeda;2011;Demandantes;Ambos sexos;De 16 a 29 años;847,58333332;
Úbeda;2011;Demandantes;Ambos sexos;De 30 a 44 años;1400,24999999;
Úbeda;2011;Demandantes;Ambos sexos;De 45 a 64 años;1283,91666665;
Úbeda;2011;Demandantes;Ambos sexos;TOTAL;3531,74999996;
Úbeda;2012;Demandantes;Hombres;De 16 a 29 años;445,83333331;
Úbeda;2012;Demandantes;Hombres;De 30 a 44 años;651;
Úbeda;2012;Demandantes;Hombres;De 45 a 64 años;613,66666669;
Úbeda;2012;Demandantes;Hombres;TOTAL;1710,5;
Úbeda;2012;Demandantes;Mujeres;De 16 a 29 años;516,5;
Úbeda;2012;Demandantes;Mujeres;De 30 a 44 años;912,58333334;
Úbeda;2012;Demandantes;Mujeres;De 45 a 64 años;865,5;
Úbeda;2012;Demandantes;Mujeres;TOTAL;2294,58333334;
Úbeda;2012;Demandantes;Ambos sexos;De 16 a 29 años;962,33333331;
Úbeda;2012;Demandantes;Ambos sexos;De 30 a 44 años;1563,58333334;
Úbeda;2012;Demandantes;Ambos sexos;De 45 a 64 años;1479,16666669;
Úbeda;2012;Demandantes;Ambos sexos;TOTAL;4005,08333334;
Valdepeñas de Jaén;2010;Demandantes;Hombres;De 16 a 29 años;15,66666666;
Valdepeñas de Jaén;2010;Demandantes;Hombres;De 30 a 44 años;16,25;
Valdepeñas de Jaén;2010;Demandantes;Hombres;De 45 a 64 años;12;
Valdepeñas de Jaén;2010;Demandantes;Hombres;TOTAL;43,91666666;
Valdepeñas de Jaén;2010;Demandantes;Mujeres;De 16 a 29 años;16,49999999;
Valdepeñas de Jaén;2010;Demandantes;Mujeres;De 30 a 44 años;15;
Valdepeñas de Jaén;2010;Demandantes;Mujeres;De 45 a 64 años;5,41666667;
Valdepeñas de Jaén;2010;Demandantes;Mujeres;TOTAL;36,91666666;
Valdepeñas de Jaén;2010;Demandantes;Ambos sexos;De 16 a 29 años;32,16666665;
Valdepeñas de Jaén;2010;Demandantes;Ambos sexos;De 30 a 44 años;31,25;
Valdepeñas de Jaén;2010;Demandantes;Ambos sexos;De 45 a 64 años;17,41666667;
Valdepeñas de Jaén;2010;Demandantes;Ambos sexos;TOTAL;80,83333332;
Valdepeñas de Jaén;2011;Demandantes;Hombres;De 16 a 29 años;15,33333332;
Valdepeñas de Jaén;2011;Demandantes;Hombres;De 30 a 44 años;19,83333332;
Valdepeñas de Jaén;2011;Demandantes;Hombres;De 45 a 64 años;11,91666669;
Valdepeñas de Jaén;2011;Demandantes;Hombres;TOTAL;47,08333333;
Valdepeñas de Jaén;2011;Demandantes;Mujeres;De 16 a 29 años;26,5;
Valdepeñas de Jaén;2011;Demandantes;Mujeres;De 30 a 44 años;11,83333335;
Valdepeñas de Jaén;2011;Demandantes;Mujeres;De 45 a 64 años;8,91666667;
Valdepeñas de Jaén;2011;Demandantes;Mujeres;TOTAL;47,25000002;
Valdepeñas de Jaén;2011;Demandantes;Ambos sexos;De 16 a 29 años;41,83333332;
Valdepeñas de Jaén;2011;Demandantes;Ambos sexos;De 30 a 44 años;31,66666667;
Valdepeñas de Jaén;2011;Demandantes;Ambos sexos;De 45 a 64 años;20,83333336;
Valdepeñas de Jaén;2011;Demandantes;Ambos sexos;TOTAL;94,33333335;
Valdepeñas de Jaén;2012;Demandantes;Hombres;De 16 a 29 años;14,24999998;
Valdepeñas de Jaén;2012;Demandantes;Hombres;De 30 a 44 años;23,83333333;
Valdepeñas de Jaén;2012;Demandantes;Hombres;De 45 a 64 años;13,91666668;
Valdepeñas de Jaén;2012;Demandantes;Hombres;TOTAL;51,99999999;
Valdepeñas de Jaén;2012;Demandantes;Mujeres;De 16 a 29 años;29,83333333;
Valdepeñas de Jaén;2012;Demandantes;Mujeres;De 30 a 44 años;16,08333334;
Valdepeñas de Jaén;2012;Demandantes;Mujeres;De 45 a 64 años;9,41666667;
Valdepeñas de Jaén;2012;Demandantes;Mujeres;TOTAL;55,33333334;
Valdepeñas de Jaén;2012;Demandantes;Ambos sexos;De 16 a 29 años;44,08333331;
Valdepeñas de Jaén;2012;Demandantes;Ambos sexos;De 30 a 44 años;39,91666667;
Valdepeñas de Jaén;2012;Demandantes;Ambos sexos;De 45 a 64 años;23,33333335;
Valdepeñas de Jaén;2012;Demandantes;Ambos sexos;TOTAL;107,33333333;
Vilches;2010;Demandantes;Hombres;De 16 a 29 años;51,5;
Vilches;2010;Demandantes;Hombres;De 30 a 44 años;63,41666667;
Vilches;2010;Demandantes;Hombres;De 45 a 64 años;56,16666667;
Vilches;2010;Demandantes;Hombres;TOTAL;171,08333334;
Vilches;2010;Demandantes;Mujeres;De 16 a 29 años;48,41666666;
Vilches;2010;Demandantes;Mujeres;De 30 a 44 años;75,83333331;
Vilches;2010;Demandantes;Mujeres;De 45 a 64 años;54,41666665;
Vilches;2010;Demandantes;Mujeres;TOTAL;178,66666662;
Vilches;2010;Demandantes;Ambos sexos;De 16 a 29 años;99,91666666;
Vilches;2010;Demandantes;Ambos sexos;De 30 a 44 años;139,24999998;
Vilches;2010;Demandantes;Ambos sexos;De 45 a 64 años;110,58333332;
Vilches;2010;Demandantes;Ambos sexos;TOTAL;349,74999996;
Vilches;2011;Demandantes;Hombres;De 16 a 29 años;62,33333332;
Vilches;2011;Demandantes;Hombres;De 30 a 44 años;72,08333334;
Vilches;2011;Demandantes;Hombres;De 45 a 64 años;77,66666666;
Vilches;2011;Demandantes;Hombres;TOTAL;212,08333332;
Vilches;2011;Demandantes;Mujeres;De 16 a 29 años;56,33333334;
Vilches;2011;Demandantes;Mujeres;De 30 a 44 años;79,66666667;
Vilches;2011;Demandantes;Mujeres;De 45 a 64 años;62,75000001;
Vilches;2011;Demandantes;Mujeres;TOTAL;198,75000002;
Vilches;2011;Demandantes;Ambos sexos;De 16 a 29 años;118,66666666;
Vilches;2011;Demandantes;Ambos sexos;De 30 a 44 años;151,75000001;
Vilches;2011;Demandantes;Ambos sexos;De 45 a 64 años;140,41666667;
Vilches;2011;Demandantes;Ambos sexos;TOTAL;410,83333334;
Vilches;2012;Demandantes;Hombres;De 16 a 29 años;83,91666664;
Vilches;2012;Demandantes;Hombres;De 30 a 44 años;86,83333333;
Vilches;2012;Demandantes;Hombres;De 45 a 64 años;98,5;
Vilches;2012;Demandantes;Hombres;TOTAL;269,24999997;
Vilches;2012;Demandantes;Mujeres;De 16 a 29 años;71;
Vilches;2012;Demandantes;Mujeres;De 30 a 44 años;88;
Vilches;2012;Demandantes;Mujeres;De 45 a 64 años;81,33333336;
Vilches;2012;Demandantes;Mujeres;TOTAL;240,33333336;
Vilches;2012;Demandantes;Ambos sexos;De 16 a 29 años;154,91666664;
Vilches;2012;Demandantes;Ambos sexos;De 30 a 44 años;174,83333333;
Vilches;2012;Demandantes;Ambos sexos;De 45 a 64 años;179,83333336;
Vilches;2012;Demandantes;Ambos sexos;TOTAL;509,58333333;
Villacarrillo;2010;Demandantes;Hombres;De 16 a 29 años;44,41666669;
Villacarrillo;2010;Demandantes;Hombres;De 30 a 44 años;78,66666664;
Villacarrillo;2010;Demandantes;Hombres;De 45 a 64 años;70,25000001;
Villacarrillo;2010;Demandantes;Hombres;TOTAL;193,33333334;
Villacarrillo;2010;Demandantes;Mujeres;De 16 a 29 años;61,24999999;
Villacarrillo;2010;Demandantes;Mujeres;De 30 a 44 años;81,16666665;
Villacarrillo;2010;Demandantes;Mujeres;De 45 a 64 años;54,33333333;
Villacarrillo;2010;Demandantes;Mujeres;TOTAL;196,74999997;
Villacarrillo;2010;Demandantes;Ambos sexos;De 16 a 29 años;105,66666668;
Villacarrillo;2010;Demandantes;Ambos sexos;De 30 a 44 años;159,83333329;
Villacarrillo;2010;Demandantes;Ambos sexos;De 45 a 64 años;124,58333334;
Villacarrillo;2010;Demandantes;Ambos sexos;TOTAL;390,08333331;
Villacarrillo;2011;Demandantes;Hombres;De 16 a 29 años;50,33333332;
Villacarrillo;2011;Demandantes;Hombres;De 30 a 44 años;88,00000001;
Villacarrillo;2011;Demandantes;Hombres;De 45 a 64 años;81,50000001;
Villacarrillo;2011;Demandantes;Hombres;TOTAL;219,83333334;
Villacarrillo;2011;Demandantes;Mujeres;De 16 a 29 años;72,33333334;
Villacarrillo;2011;Demandantes;Mujeres;De 30 a 44 años;75,16666665;
Villacarrillo;2011;Demandantes;Mujeres;De 45 a 64 años;60,08333334;
Villacarrillo;2011;Demandantes;Mujeres;TOTAL;207,58333333;
Villacarrillo;2011;Demandantes;Ambos sexos;De 16 a 29 años;122,66666666;
Villacarrillo;2011;Demandantes;Ambos sexos;De 30 a 44 años;163,16666666;
Villacarrillo;2011;Demandantes;Ambos sexos;De 45 a 64 años;141,58333335;
Villacarrillo;2011;Demandantes;Ambos sexos;TOTAL;427,41666667;
Villacarrillo;2012;Demandantes;Hombres;De 16 a 29 años;73,25;
Villacarrillo;2012;Demandantes;Hombres;De 30 a 44 años;107,58333331;
Villacarrillo;2012;Demandantes;Hombres;De 45 a 64 años;107,16666665;
Villacarrillo;2012;Demandantes;Hombres;TOTAL;287,99999996;
Villacarrillo;2012;Demandantes;Mujeres;De 16 a 29 años;105,50000001;
Villacarrillo;2012;Demandantes;Mujeres;De 30 a 44 años;92,08333334;
Villacarrillo;2012;Demandantes;Mujeres;De 45 a 64 años;70,75000001;
Villacarrillo;2012;Demandantes;Mujeres;TOTAL;268,33333336;
Villacarrillo;2012;Demandantes;Ambos sexos;De 16 a 29 años;178,75000001;
Villacarrillo;2012;Demandantes;Ambos sexos;De 30 a 44 años;199,66666665;
Villacarrillo;2012;Demandantes;Ambos sexos;De 45 a 64 años;177,91666666;
Villacarrillo;2012;Demandantes;Ambos sexos;TOTAL;556,33333332;
Villanueva de la Reina;2010;Demandantes;Hombres;De 16 a 29 años;24,33333332;
Villanueva de la Reina;2010;Demandantes;Hombres;De 30 a 44 años;34,58333331;
Villanueva de la Reina;2010;Demandantes;Hombres;De 45 a 64 años;24,91666665;
Villanueva de la Reina;2010;Demandantes;Hombres;TOTAL;83,83333328;
Villanueva de la Reina;2010;Demandantes;Mujeres;De 16 a 29 años;26,24999999;
Villanueva de la Reina;2010;Demandantes;Mujeres;De 30 a 44 años;28,33333333;
Villanueva de la Reina;2010;Demandantes;Mujeres;De 45 a 64 años;20,66666665;
Villanueva de la Reina;2010;Demandantes;Mujeres;TOTAL;75,24999997;
Villanueva de la Reina;2010;Demandantes;Ambos sexos;De 16 a 29 años;50,58333331;
Villanueva de la Reina;2010;Demandantes;Ambos sexos;De 30 a 44 años;62,91666664;
Villanueva de la Reina;2010;Demandantes;Ambos sexos;De 45 a 64 años;45,5833333;
Villanueva de la Reina;2010;Demandantes;Ambos sexos;TOTAL;159,08333325;
Villanueva de la Reina;2011;Demandantes;Hombres;De 16 a 29 años;36,91666667;
Villanueva de la Reina;2011;Demandantes;Hombres;De 30 a 44 años;40,58333334;
Villanueva de la Reina;2011;Demandantes;Hombres;De 45 a 64 años;32,74999999;
Villanueva de la Reina;2011;Demandantes;Hombres;TOTAL;110,25;
Villanueva de la Reina;2011;Demandantes;Mujeres;De 16 a 29 años;37,00000001;
Villanueva de la Reina;2011;Demandantes;Mujeres;De 30 a 44 años;28,83333333;
Villanueva de la Reina;2011;Demandantes;Mujeres;De 45 a 64 años;18,5;
Villanueva de la Reina;2011;Demandantes;Mujeres;TOTAL;84,33333334;
Villanueva de la Reina;2011;Demandantes;Ambos sexos;De 16 a 29 años;73,91666668;
Villanueva de la Reina;2011;Demandantes;Ambos sexos;De 30 a 44 años;69,41666667;
Villanueva de la Reina;2011;Demandantes;Ambos sexos;De 45 a 64 años;51,24999999;
Villanueva de la Reina;2011;Demandantes;Ambos sexos;TOTAL;194,58333334;
Villanueva de la Reina;2012;Demandantes;Hombres;De 16 a 29 años;44,58333333;
Villanueva de la Reina;2012;Demandantes;Hombres;De 30 a 44 años;45,41666666;
Villanueva de la Reina;2012;Demandantes;Hombres;De 45 a 64 años;49,08333333;
Villanueva de la Reina;2012;Demandantes;Hombres;TOTAL;139,08333332;
Villanueva de la Reina;2012;Demandantes;Mujeres;De 16 a 29 años;40,16666666;
Villanueva de la Reina;2012;Demandantes;Mujeres;De 30 a 44 años;35,83333334;
Villanueva de la Reina;2012;Demandantes;Mujeres;De 45 a 64 años;25,41666668;
Villanueva de la Reina;2012;Demandantes;Mujeres;TOTAL;101,41666668;
Villanueva de la Reina;2012;Demandantes;Ambos sexos;De 16 a 29 años;84,74999999;
Villanueva de la Reina;2012;Demandantes;Ambos sexos;De 30 a 44 años;81,25;
Villanueva de la Reina;2012;Demandantes;Ambos sexos;De 45 a 64 años;74,50000001;
Villanueva de la Reina;2012;Demandantes;Ambos sexos;TOTAL;240,5;
Villanueva del Arzobispo;2010;Demandantes;Hombres;De 16 a 29 años;46,58333331;
Villanueva del Arzobispo;2010;Demandantes;Hombres;De 30 a 44 años;58,83333334;
Villanueva del Arzobispo;2010;Demandantes;Hombres;De 45 a 64 años;36,00000001;
Villanueva del Arzobispo;2010;Demandantes;Hombres;TOTAL;141,41666666;
Villanueva del Arzobispo;2010;Demandantes;Mujeres;De 16 a 29 años;57,99999999;
Villanueva del Arzobispo;2010;Demandantes;Mujeres;De 30 a 44 años;78,66666668;
Villanueva del Arzobispo;2010;Demandantes;Mujeres;De 45 a 64 años;48,91666667;
Villanueva del Arzobispo;2010;Demandantes;Mujeres;TOTAL;185,58333334;
Villanueva del Arzobispo;2010;Demandantes;Ambos sexos;De 16 a 29 años;104,5833333;
Villanueva del Arzobispo;2010;Demandantes;Ambos sexos;De 30 a 44 años;137,50000002;
Villanueva del Arzobispo;2010;Demandantes;Ambos sexos;De 45 a 64 años;84,91666668;
Villanueva del Arzobispo;2010;Demandantes;Ambos sexos;TOTAL;327;
Villanueva del Arzobispo;2011;Demandantes;Hombres;De 16 a 29 años;48,66666665;
Villanueva del Arzobispo;2011;Demandantes;Hombres;De 30 a 44 años;58,24999997;
Villanueva del Arzobispo;2011;Demandantes;Hombres;De 45 a 64 años;49,25;
Villanueva del Arzobispo;2011;Demandantes;Hombres;TOTAL;156,16666662;
Villanueva del Arzobispo;2011;Demandantes;Mujeres;De 16 a 29 años;76,5;
Villanueva del Arzobispo;2011;Demandantes;Mujeres;De 30 a 44 años;89,33333334;
Villanueva del Arzobispo;2011;Demandantes;Mujeres;De 45 a 64 años;59,83333332;
Villanueva del Arzobispo;2011;Demandantes;Mujeres;TOTAL;225,66666666;
Villanueva del Arzobispo;2011;Demandantes;Ambos sexos;De 16 a 29 años;125,16666665;
Villanueva del Arzobispo;2011;Demandantes;Ambos sexos;De 30 a 44 años;147,58333331;
Villanueva del Arzobispo;2011;Demandantes;Ambos sexos;De 45 a 64 años;109,08333332;
Villanueva del Arzobispo;2011;Demandantes;Ambos sexos;TOTAL;381,83333328;
Villanueva del Arzobispo;2012;Demandantes;Hombres;De 16 a 29 años;71,08333333;
Villanueva del Arzobispo;2012;Demandantes;Hombres;De 30 a 44 años;71,58333333;
Villanueva del Arzobispo;2012;Demandantes;Hombres;De 45 a 64 años;72,75000001;
Villanueva del Arzobispo;2012;Demandantes;Hombres;TOTAL;215,41666667;
Villanueva del Arzobispo;2012;Demandantes;Mujeres;De 16 a 29 años;100,41666666;
Villanueva del Arzobispo;2012;Demandantes;Mujeres;De 30 a 44 años;85,16666667;
Villanueva del Arzobispo;2012;Demandantes;Mujeres;De 45 a 64 años;70,83333333;
Villanueva del Arzobispo;2012;Demandantes;Mujeres;TOTAL;256,41666666;
Villanueva del Arzobispo;2012;Demandantes;Ambos sexos;De 16 a 29 años;171,49999999;
Villanueva del Arzobispo;2012;Demandantes;Ambos sexos;De 30 a 44 años;156,75;
Villanueva del Arzobispo;2012;Demandantes;Ambos sexos;De 45 a 64 años;143,58333334;
Villanueva del Arzobispo;2012;Demandantes;Ambos sexos;TOTAL;471,83333333;
Villardompardo;2010;Demandantes;Hombres;De 16 a 29 años;5,58333332;
Villardompardo;2010;Demandantes;Hombres;De 30 a 44 años;6,33333333;
Villardompardo;2010;Demandantes;Hombres;De 45 a 64 años;4,58333332;
Villardompardo;2010;Demandantes;Hombres;TOTAL;16,49999997;
Villardompardo;2010;Demandantes;Mujeres;De 16 a 29 años;5,16666667;
Villardompardo;2010;Demandantes;Mujeres;De 30 a 44 años;12,91666665;
Villardompardo;2010;Demandantes;Mujeres;De 45 a 64 años;3,16666666;
Villardompardo;2010;Demandantes;Mujeres;TOTAL;21,24999998;
Villardompardo;2010;Demandantes;Ambos sexos;De 16 a 29 años;10,74999999;
Villardompardo;2010;Demandantes;Ambos sexos;De 30 a 44 años;19,24999998;
Villardompardo;2010;Demandantes;Ambos sexos;De 45 a 64 años;7,74999998;
Villardompardo;2010;Demandantes;Ambos sexos;TOTAL;37,74999995;
Villardompardo;2011;Demandantes;Hombres;De 16 a 29 años;7,16666665;
Villardompardo;2011;Demandantes;Hombres;De 30 a 44 años;7,16666666;
Villardompardo;2011;Demandantes;Hombres;De 45 a 64 años;8,08333333;
Villardompardo;2011;Demandantes;Hombres;TOTAL;22,41666664;
Villardompardo;2011;Demandantes;Mujeres;De 16 a 29 años;3,74999999;
Villardompardo;2011;Demandantes;Mujeres;De 30 a 44 años;11,24999999;
Villardompardo;2011;Demandantes;Mujeres;De 45 a 64 años;2,08333333;
Villardompardo;2011;Demandantes;Mujeres;TOTAL;17,08333331;
Villardompardo;2011;Demandantes;Ambos sexos;De 16 a 29 años;10,91666664;
Villardompardo;2011;Demandantes;Ambos sexos;De 30 a 44 años;18,41666665;
Villardompardo;2011;Demandantes;Ambos sexos;De 45 a 64 años;10,16666666;
Villardompardo;2011;Demandantes;Ambos sexos;TOTAL;39,49999995;
Villardompardo;2012;Demandantes;Hombres;De 16 a 29 años;8,16666667;
Villardompardo;2012;Demandantes;Hombres;De 30 a 44 años;7,41666668;
Villardompardo;2012;Demandantes;Hombres;De 45 a 64 años;8,91666665;
Villardompardo;2012;Demandantes;Hombres;TOTAL;24,5;
Villardompardo;2012;Demandantes;Mujeres;De 16 a 29 años;7;
Villardompardo;2012;Demandantes;Mujeres;De 30 a 44 años;11,33333333;
Villardompardo;2012;Demandantes;Mujeres;De 45 a 64 años;4,08333333;
Villardompardo;2012;Demandantes;Mujeres;TOTAL;22,41666666;
Villardompardo;2012;Demandantes;Ambos sexos;De 16 a 29 años;15,16666667;
Villardompardo;2012;Demandantes;Ambos sexos;De 30 a 44 años;18,75000001;
Villardompardo;2012;Demandantes;Ambos sexos;De 45 a 64 años;12,99999998;
Villardompardo;2012;Demandantes;Ambos sexos;TOTAL;46,91666666;
Villarrodrigo;2010;Demandantes;Hombres;De 16 a 29 años;2,08333333;
Villarrodrigo;2010;Demandantes;Hombres;De 30 a 44 años;2,83333334;
Villarrodrigo;2010;Demandantes;Hombres;De 45 a 64 años;4,5;
Villarrodrigo;2010;Demandantes;Hombres;TOTAL;9,41666667;
Villarrodrigo;2010;Demandantes;Mujeres;De 16 a 29 años;0,66666667;
Villarrodrigo;2010;Demandantes;Mujeres;De 30 a 44 años;3,50000001;
Villarrodrigo;2010;Demandantes;Mujeres;De 45 a 64 años;1,66666666;
Villarrodrigo;2010;Demandantes;Mujeres;TOTAL;5,83333334;
Villarrodrigo;2010;Demandantes;Ambos sexos;De 16 a 29 años;2,75;
Villarrodrigo;2010;Demandantes;Ambos sexos;De 30 a 44 años;6,33333335;
Villarrodrigo;2010;Demandantes;Ambos sexos;De 45 a 64 años;6,16666666;
Villarrodrigo;2010;Demandantes;Ambos sexos;TOTAL;15,25000001;
Villarrodrigo;2011;Demandantes;Hombres;De 16 a 29 años;2,33333334;
Villarrodrigo;2011;Demandantes;Hombres;De 30 a 44 años;2,75000001;
Villarrodrigo;2011;Demandantes;Hombres;De 45 a 64 años;7,25;
Villarrodrigo;2011;Demandantes;Hombres;TOTAL;12,33333335;
Villarrodrigo;2011;Demandantes;Mujeres;De 16 a 29 años;0,08333333;
Villarrodrigo;2011;Demandantes;Mujeres;De 30 a 44 años;4,08333333;
Villarrodrigo;2011;Demandantes;Mujeres;De 45 a 64 años;3,08333333;
Villarrodrigo;2011;Demandantes;Mujeres;TOTAL;7,24999999;
Villarrodrigo;2011;Demandantes;Ambos sexos;De 16 a 29 años;2,41666667;
Villarrodrigo;2011;Demandantes;Ambos sexos;De 30 a 44 años;6,83333334;
Villarrodrigo;2011;Demandantes;Ambos sexos;De 45 a 64 años;10,33333333;
Villarrodrigo;2011;Demandantes;Ambos sexos;TOTAL;19,58333334;
Villarrodrigo;2012;Demandantes;Hombres;De 16 a 29 años;2,91666667;
Villarrodrigo;2012;Demandantes;Hombres;De 30 a 44 años;3,91666666;
Villarrodrigo;2012;Demandantes;Hombres;De 45 a 64 años;6,00000001;
Villarrodrigo;2012;Demandantes;Hombres;TOTAL;12,83333334;
Villarrodrigo;2012;Demandantes;Mujeres;De 16 a 29 años;0,33333333;
Villarrodrigo;2012;Demandantes;Mujeres;De 30 a 44 años;3,08333333;
Villarrodrigo;2012;Demandantes;Mujeres;De 45 a 64 años;3,66666666;
Villarrodrigo;2012;Demandantes;Mujeres;TOTAL;7,08333332;
Villarrodrigo;2012;Demandantes;Ambos sexos;De 16 a 29 años;3,25;
Villarrodrigo;2012;Demandantes;Ambos sexos;De 30 a 44 años;6,99999999;
Villarrodrigo;2012;Demandantes;Ambos sexos;De 45 a 64 años;9,66666667;
Villarrodrigo;2012;Demandantes;Ambos sexos;TOTAL;19,91666666;
Villatorres;2010;Demandantes;Hombres;De 16 a 29 años;34,74999999;
Villatorres;2010;Demandantes;Hombres;De 30 a 44 años;44,50000003;
Villatorres;2010;Demandantes;Hombres;De 45 a 64 años;38,83333332;
Villatorres;2010;Demandantes;Hombres;TOTAL;118,08333334;
Villatorres;2010;Demandantes;Mujeres;De 16 a 29 años;32,58333334;
Villatorres;2010;Demandantes;Mujeres;De 30 a 44 años;30,16666667;
Villatorres;2010;Demandantes;Mujeres;De 45 a 64 años;5,91666666;
Villatorres;2010;Demandantes;Mujeres;TOTAL;68,66666667;
Villatorres;2010;Demandantes;Ambos sexos;De 16 a 29 años;67,33333333;
Villatorres;2010;Demandantes;Ambos sexos;De 30 a 44 años;74,6666667;
Villatorres;2010;Demandantes;Ambos sexos;De 45 a 64 años;44,74999998;
Villatorres;2010;Demandantes;Ambos sexos;TOTAL;186,75000001;
Villatorres;2011;Demandantes;Hombres;De 16 a 29 años;43,41666667;
Villatorres;2011;Demandantes;Hombres;De 30 a 44 años;41,66666668;
Villatorres;2011;Demandantes;Hombres;De 45 a 64 años;34,33333335;
Villatorres;2011;Demandantes;Hombres;TOTAL;119,4166667;
Villatorres;2011;Demandantes;Mujeres;De 16 a 29 años;41,16666667;
Villatorres;2011;Demandantes;Mujeres;De 30 a 44 años;37,91666667;
Villatorres;2011;Demandantes;Mujeres;De 45 a 64 años;9,50000001;
Villatorres;2011;Demandantes;Mujeres;TOTAL;88,58333335;
Villatorres;2011;Demandantes;Ambos sexos;De 16 a 29 años;84,58333334;
Villatorres;2011;Demandantes;Ambos sexos;De 30 a 44 años;79,58333335;
Villatorres;2011;Demandantes;Ambos sexos;De 45 a 64 años;43,83333336;
Villatorres;2011;Demandantes;Ambos sexos;TOTAL;208,00000005;
Villatorres;2012;Demandantes;Hombres;De 16 a 29 años;47,08333332;
Villatorres;2012;Demandantes;Hombres;De 30 a 44 años;46,16666666;
Villatorres;2012;Demandantes;Hombres;De 45 a 64 años;41,83333335;
Villatorres;2012;Demandantes;Hombres;TOTAL;135,08333333;
Villatorres;2012;Demandantes;Mujeres;De 16 a 29 años;47,5;
Villatorres;2012;Demandantes;Mujeres;De 30 a 44 años;44,41666667;
Villatorres;2012;Demandantes;Mujeres;De 45 a 64 años;14,66666665;
Villatorres;2012;Demandantes;Mujeres;TOTAL;106,58333332;
Villatorres;2012;Demandantes;Ambos sexos;De 16 a 29 años;94,58333332;
Villatorres;2012;Demandantes;Ambos sexos;De 30 a 44 años;90,58333333;
Villatorres;2012;Demandantes;Ambos sexos;De 45 a 64 años;56,5;
Villatorres;2012;Demandantes;Ambos sexos;TOTAL;241,66666665;
Málaga;2010;Demandantes;Hombres;De 16 a 29 años;22079,1666664;
Málaga;2010;Demandantes;Hombres;De 30 a 44 años;37439,91666648;
Málaga;2010;Demandantes;Hombres;De 45 a 64 años;30653,91666649;
Málaga;2010;Demandantes;Hombres;TOTAL;90172,99999937;
Málaga;2010;Demandantes;Mujeres;De 16 a 29 años;18406,74999973;
Málaga;2010;Demandantes;Mujeres;De 30 a 44 años;36145,33333291;
Málaga;2010;Demandantes;Mujeres;De 45 a 64 años;30416,16666655;
Málaga;2010;Demandantes;Mujeres;TOTAL;84968,24999919;
Málaga;2010;Demandantes;Ambos sexos;De 16 a 29 años;40485,91666613;
Málaga;2010;Demandantes;Ambos sexos;De 30 a 44 años;73585,24999939;
Málaga;2010;Demandantes;Ambos sexos;De 45 a 64 años;61070,08333304;
Málaga;2010;Demandantes;Ambos sexos;TOTAL;175141,24999856;
Málaga;2011;Demandantes;Hombres;De 16 a 29 años;22099,75000012;
Málaga;2011;Demandantes;Hombres;De 30 a 44 años;37766,83333307;
Málaga;2011;Demandantes;Hombres;De 45 a 64 años;33821,24999978;
Málaga;2011;Demandantes;Hombres;TOTAL;93687,83333297;
Málaga;2011;Demandantes;Mujeres;De 16 a 29 años;19791,58333321;
Málaga;2011;Demandantes;Mujeres;De 30 a 44 años;37673,91666651;
Málaga;2011;Demandantes;Mujeres;De 45 a 64 años;34033,83333325;
Málaga;2011;Demandantes;Mujeres;TOTAL;91499,33333297;
Málaga;2011;Demandantes;Ambos sexos;De 16 a 29 años;41891,33333333;
Málaga;2011;Demandantes;Ambos sexos;De 30 a 44 años;75440,74999958;
Málaga;2011;Demandantes;Ambos sexos;De 45 a 64 años;67855,08333303;
Málaga;2011;Demandantes;Ambos sexos;TOTAL;185187,16666594;
Málaga;2012;Demandantes;Hombres;De 16 a 29 años;22764,41666664;
Málaga;2012;Demandantes;Hombres;De 30 a 44 años;40273,16666659;
Málaga;2012;Demandantes;Hombres;De 45 a 64 años;38583,58333317;
Málaga;2012;Demandantes;Hombres;TOTAL;101621,1666664;
Málaga;2012;Demandantes;Mujeres;De 16 a 29 años;21771,9166666;
Málaga;2012;Demandantes;Mujeres;De 30 a 44 años;41109,83333327;
Málaga;2012;Demandantes;Mujeres;De 45 a 64 años;38525,3333333;
Málaga;2012;Demandantes;Mujeres;TOTAL;101407,08333317;
Málaga;2012;Demandantes;Ambos sexos;De 16 a 29 años;44536,33333324;
Málaga;2012;Demandantes;Ambos sexos;De 30 a 44 años;81382,99999986;
Málaga;2012;Demandantes;Ambos sexos;De 45 a 64 años;77108,91666647;
Málaga;2012;Demandantes;Ambos sexos;TOTAL;203028,24999957;
Alameda;2010;Demandantes;Hombres;De 16 a 29 años;86,83333336;
Alameda;2010;Demandantes;Hombres;De 30 a 44 años;107,41666668;
Alameda;2010;Demandantes;Hombres;De 45 a 64 años;94,16666666;
Alameda;2010;Demandantes;Hombres;TOTAL;288,4166667;
Alameda;2010;Demandantes;Mujeres;De 16 a 29 años;42,66666666;
Alameda;2010;Demandantes;Mujeres;De 30 a 44 años;56,08333332;
Alameda;2010;Demandantes;Mujeres;De 45 a 64 años;20,58333334;
Alameda;2010;Demandantes;Mujeres;TOTAL;119,33333332;
Alameda;2010;Demandantes;Ambos sexos;De 16 a 29 años;129,50000002;
Alameda;2010;Demandantes;Ambos sexos;De 30 a 44 años;163,5;
Alameda;2010;Demandantes;Ambos sexos;De 45 a 64 años;114,75;
Alameda;2010;Demandantes;Ambos sexos;TOTAL;407,75000002;
Alameda;2011;Demandantes;Hombres;De 16 a 29 años;93,08333333;
Alameda;2011;Demandantes;Hombres;De 30 a 44 años;110,33333335;
Alameda;2011;Demandantes;Hombres;De 45 a 64 años;115,75;
Alameda;2011;Demandantes;Hombres;TOTAL;319,16666668;
Alameda;2011;Demandantes;Mujeres;De 16 a 29 años;53,08333335;
Alameda;2011;Demandantes;Mujeres;De 30 a 44 años;58,58333334;
Alameda;2011;Demandantes;Mujeres;De 45 a 64 años;27,5;
Alameda;2011;Demandantes;Mujeres;TOTAL;139,16666669;
Alameda;2011;Demandantes;Ambos sexos;De 16 a 29 años;146,16666668;
Alameda;2011;Demandantes;Ambos sexos;De 30 a 44 años;168,91666669;
Alameda;2011;Demandantes;Ambos sexos;De 45 a 64 años;143,25;
Alameda;2011;Demandantes;Ambos sexos;TOTAL;458,33333337;
Alameda;2012;Demandantes;Hombres;De 16 a 29 años;76,58333334;
Alameda;2012;Demandantes;Hombres;De 30 a 44 años;106,33333333;
Alameda;2012;Demandantes;Hombres;De 45 a 64 años;131,08333333;
Alameda;2012;Demandantes;Hombres;TOTAL;314;
Alameda;2012;Demandantes;Mujeres;De 16 a 29 años;64,75000002;
Alameda;2012;Demandantes;Mujeres;De 30 a 44 años;63,24999998;
Alameda;2012;Demandantes;Mujeres;De 45 a 64 años;35,24999999;
Alameda;2012;Demandantes;Mujeres;TOTAL;163,24999999;
Alameda;2012;Demandantes;Ambos sexos;De 16 a 29 años;141,33333336;
Alameda;2012;Demandantes;Ambos sexos;De 30 a 44 años;169,58333331;
Alameda;2012;Demandantes;Ambos sexos;De 45 a 64 años;166,33333332;
Alameda;2012;Demandantes;Ambos sexos;TOTAL;477,24999999;
Alcaucín;2010;Demandantes;Hombres;De 16 a 29 años;24,33333334;
Alcaucín;2010;Demandantes;Hombres;De 30 a 44 años;54,74999997;
Alcaucín;2010;Demandantes;Hombres;De 45 a 64 años;34,16666666;
Alcaucín;2010;Demandantes;Hombres;TOTAL;113,24999997;
Alcaucín;2010;Demandantes;Mujeres;De 16 a 29 años;17,75;
Alcaucín;2010;Demandantes;Mujeres;De 30 a 44 años;29,58333333;
Alcaucín;2010;Demandantes;Mujeres;De 45 a 64 años;15,25;
Alcaucín;2010;Demandantes;Mujeres;TOTAL;62,58333333;
Alcaucín;2010;Demandantes;Ambos sexos;De 16 a 29 años;42,08333334;
Alcaucín;2010;Demandantes;Ambos sexos;De 30 a 44 años;84,3333333;
Alcaucín;2010;Demandantes;Ambos sexos;De 45 a 64 años;49,41666666;
Alcaucín;2010;Demandantes;Ambos sexos;TOTAL;175,8333333;
Alcaucín;2011;Demandantes;Hombres;De 16 a 29 años;21,66666666;
Alcaucín;2011;Demandantes;Hombres;De 30 a 44 años;48,16666666;
Alcaucín;2011;Demandantes;Hombres;De 45 a 64 años;40,74999999;
Alcaucín;2011;Demandantes;Hombres;TOTAL;110,58333331;
Alcaucín;2011;Demandantes;Mujeres;De 16 a 29 años;15,66666666;
Alcaucín;2011;Demandantes;Mujeres;De 30 a 44 años;25,00000001;
Alcaucín;2011;Demandantes;Mujeres;De 45 a 64 años;16,91666666;
Alcaucín;2011;Demandantes;Mujeres;TOTAL;57,58333333;
Alcaucín;2011;Demandantes;Ambos sexos;De 16 a 29 años;37,33333332;
Alcaucín;2011;Demandantes;Ambos sexos;De 30 a 44 años;73,16666667;
Alcaucín;2011;Demandantes;Ambos sexos;De 45 a 64 años;57,66666665;
Alcaucín;2011;Demandantes;Ambos sexos;TOTAL;168,16666664;
Alcaucín;2012;Demandantes;Hombres;De 16 a 29 años;27,50000001;
Alcaucín;2012;Demandantes;Hombres;De 30 a 44 años;45,41666665;
Alcaucín;2012;Demandantes;Hombres;De 45 a 64 años;45,41666667;
Alcaucín;2012;Demandantes;Hombres;TOTAL;118,33333333;
Alcaucín;2012;Demandantes;Mujeres;De 16 a 29 años;29,16666666;
Alcaucín;2012;Demandantes;Mujeres;De 30 a 44 años;21,16666667;
Alcaucín;2012;Demandantes;Mujeres;De 45 a 64 años;20,16666666;
Alcaucín;2012;Demandantes;Mujeres;TOTAL;70,49999999;
Alcaucín;2012;Demandantes;Ambos sexos;De 16 a 29 años;56,66666667;
Alcaucín;2012;Demandantes;Ambos sexos;De 30 a 44 años;66,58333332;
Alcaucín;2012;Demandantes;Ambos sexos;De 45 a 64 años;65,58333333;
Alcaucín;2012;Demandantes;Ambos sexos;TOTAL;188,83333332;
Alfarnate;2010;Demandantes;Hombres;De 16 a 29 años;14,16666668;
Alfarnate;2010;Demandantes;Hombres;De 30 a 44 años;20,5;
Alfarnate;2010;Demandantes;Hombres;De 45 a 64 años;17,49999999;
Alfarnate;2010;Demandantes;Hombres;TOTAL;52,16666667;
Alfarnate;2010;Demandantes;Mujeres;De 16 a 29 años;10,74999999;
Alfarnate;2010;Demandantes;Mujeres;De 30 a 44 años;10,58333333;
Alfarnate;2010;Demandantes;Mujeres;De 45 a 64 años;9,74999999;
Alfarnate;2010;Demandantes;Mujeres;TOTAL;31,08333331;
Alfarnate;2010;Demandantes;Ambos sexos;De 16 a 29 años;24,91666667;
Alfarnate;2010;Demandantes;Ambos sexos;De 30 a 44 años;31,08333333;
Alfarnate;2010;Demandantes;Ambos sexos;De 45 a 64 años;27,24999998;
Alfarnate;2010;Demandantes;Ambos sexos;TOTAL;83,24999998;
Alfarnate;2011;Demandantes;Hombres;De 16 a 29 años;12,41666667;
Alfarnate;2011;Demandantes;Hombres;De 30 a 44 años;19,58333332;
Alfarnate;2011;Demandantes;Hombres;De 45 a 64 años;17,75000001;
Alfarnate;2011;Demandantes;Hombres;TOTAL;49,75;
Alfarnate;2011;Demandantes;Mujeres;De 16 a 29 años;10,58333335;
Alfarnate;2011;Demandantes;Mujeres;De 30 a 44 años;8,5;
Alfarnate;2011;Demandantes;Mujeres;De 45 a 64 años;10,16666667;
Alfarnate;2011;Demandantes;Mujeres;TOTAL;29,25000002;
Alfarnate;2011;Demandantes;Ambos sexos;De 16 a 29 años;23,00000002;
Alfarnate;2011;Demandantes;Ambos sexos;De 30 a 44 años;28,08333332;
Alfarnate;2011;Demandantes;Ambos sexos;De 45 a 64 años;27,91666668;
Alfarnate;2011;Demandantes;Ambos sexos;TOTAL;79,00000002;
Alfarnate;2012;Demandantes;Hombres;De 16 a 29 años;13,91666666;
Alfarnate;2012;Demandantes;Hombres;De 30 a 44 años;22,41666666;
Alfarnate;2012;Demandantes;Hombres;De 45 a 64 años;27,66666667;
Alfarnate;2012;Demandantes;Hombres;TOTAL;63,99999999;
Alfarnate;2012;Demandantes;Mujeres;De 16 a 29 años;9,33333333;
Alfarnate;2012;Demandantes;Mujeres;De 30 a 44 años;10,08333333;
Alfarnate;2012;Demandantes;Mujeres;De 45 a 64 años;7,74999999;
Alfarnate;2012;Demandantes;Mujeres;TOTAL;27,16666665;
Alfarnate;2012;Demandantes;Ambos sexos;De 16 a 29 años;23,24999999;
Alfarnate;2012;Demandantes;Ambos sexos;De 30 a 44 años;32,49999999;
Alfarnate;2012;Demandantes;Ambos sexos;De 45 a 64 años;35,41666666;
Alfarnate;2012;Demandantes;Ambos sexos;TOTAL;91,16666664;
Alfarnatejo;2010;Demandantes;Hombres;De 16 a 29 años;5,33333334;
Alfarnatejo;2010;Demandantes;Hombres;De 30 a 44 años;8,41666667;
Alfarnatejo;2010;Demandantes;Hombres;De 45 a 64 años;7,58333334;
Alfarnatejo;2010;Demandantes;Hombres;TOTAL;21,33333335;
Alfarnatejo;2010;Demandantes;Mujeres;De 16 a 29 años;4,58333332;
Alfarnatejo;2010;Demandantes;Mujeres;De 30 a 44 años;0,08333333;
Alfarnatejo;2010;Demandantes;Mujeres;De 45 a 64 años;2,33333333;
Alfarnatejo;2010;Demandantes;Mujeres;TOTAL;6,99999998;
Alfarnatejo;2010;Demandantes;Ambos sexos;De 16 a 29 años;9,91666666;
Alfarnatejo;2010;Demandantes;Ambos sexos;De 30 a 44 años;8,5;
Alfarnatejo;2010;Demandantes;Ambos sexos;De 45 a 64 años;9,91666667;
Alfarnatejo;2010;Demandantes;Ambos sexos;TOTAL;28,33333333;
Alfarnatejo;2011;Demandantes;Hombres;De 16 a 29 años;5,41666666;
Alfarnatejo;2011;Demandantes;Hombres;De 30 a 44 años;9,00000001;
Alfarnatejo;2011;Demandantes;Hombres;De 45 a 64 años;11,33333333;
Alfarnatejo;2011;Demandantes;Hombres;TOTAL;25,75;
Alfarnatejo;2011;Demandantes;Mujeres;De 16 a 29 años;2,83333333;
Alfarnatejo;2011;Demandantes;Mujeres;De 30 a 44 años;1,33333334;
Alfarnatejo;2011;Demandantes;Mujeres;De 45 a 64 años;3,58333333;
Alfarnatejo;2011;Demandantes;Mujeres;TOTAL;7,75;
Alfarnatejo;2011;Demandantes;Ambos sexos;De 16 a 29 años;8,24999999;
Alfarnatejo;2011;Demandantes;Ambos sexos;De 30 a 44 años;10,33333335;
Alfarnatejo;2011;Demandantes;Ambos sexos;De 45 a 64 años;14,91666666;
Alfarnatejo;2011;Demandantes;Ambos sexos;TOTAL;33,5;
Alfarnatejo;2012;Demandantes;Hombres;De 16 a 29 años;7,16666667;
Alfarnatejo;2012;Demandantes;Hombres;De 30 a 44 años;10,41666666;
Alfarnatejo;2012;Demandantes;Hombres;De 45 a 64 años;11,5;
Alfarnatejo;2012;Demandantes;Hombres;TOTAL;29,08333333;
Alfarnatejo;2012;Demandantes;Mujeres;De 16 a 29 años;3,16666666;
Alfarnatejo;2012;Demandantes;Mujeres;De 30 a 44 años;1,5;
Alfarnatejo;2012;Demandantes;Mujeres;De 45 a 64 años;2,58333333;
Alfarnatejo;2012;Demandantes;Mujeres;TOTAL;7,24999999;
Alfarnatejo;2012;Demandantes;Ambos sexos;De 16 a 29 años;10,33333333;
Alfarnatejo;2012;Demandantes;Ambos sexos;De 30 a 44 años;11,91666666;
Alfarnatejo;2012;Demandantes;Ambos sexos;De 45 a 64 años;14,08333333;
Alfarnatejo;2012;Demandantes;Ambos sexos;TOTAL;36,33333332;
Algarrobo;2010;Demandantes;Hombres;De 16 a 29 años;100,16666667;
Algarrobo;2010;Demandantes;Hombres;De 30 a 44 años;159,00000001;
Algarrobo;2010;Demandantes;Hombres;De 45 a 64 años;95,83333336;
Algarrobo;2010;Demandantes;Hombres;TOTAL;355,00000004;
Algarrobo;2010;Demandantes;Mujeres;De 16 a 29 años;80,66666666;
Algarrobo;2010;Demandantes;Mujeres;De 30 a 44 años;107,24999998;
Algarrobo;2010;Demandantes;Mujeres;De 45 a 64 años;34,25;
Algarrobo;2010;Demandantes;Mujeres;TOTAL;222,16666664;
Algarrobo;2010;Demandantes;Ambos sexos;De 16 a 29 años;180,83333333;
Algarrobo;2010;Demandantes;Ambos sexos;De 30 a 44 años;266,24999999;
Algarrobo;2010;Demandantes;Ambos sexos;De 45 a 64 años;130,08333336;
Algarrobo;2010;Demandantes;Ambos sexos;TOTAL;577,16666668;
Algarrobo;2011;Demandantes;Hombres;De 16 a 29 años;102;
Algarrobo;2011;Demandantes;Hombres;De 30 a 44 años;160,41666665;
Algarrobo;2011;Demandantes;Hombres;De 45 a 64 años;116,91666667;
Algarrobo;2011;Demandantes;Hombres;TOTAL;379,33333332;
Algarrobo;2011;Demandantes;Mujeres;De 16 a 29 años;91,41666667;
Algarrobo;2011;Demandantes;Mujeres;De 30 a 44 años;110,83333335;
Algarrobo;2011;Demandantes;Mujeres;De 45 a 64 años;49,00000001;
Algarrobo;2011;Demandantes;Mujeres;TOTAL;251,25000003;
Algarrobo;2011;Demandantes;Ambos sexos;De 16 a 29 años;193,41666667;
Algarrobo;2011;Demandantes;Ambos sexos;De 30 a 44 años;271,25;
Algarrobo;2011;Demandantes;Ambos sexos;De 45 a 64 años;165,91666668;
Algarrobo;2011;Demandantes;Ambos sexos;TOTAL;630,58333335;
Algarrobo;2012;Demandantes;Hombres;De 16 a 29 años;102,83333334;
Algarrobo;2012;Demandantes;Hombres;De 30 a 44 años;163,66666666;
Algarrobo;2012;Demandantes;Hombres;De 45 a 64 años;132,41666668;
Algarrobo;2012;Demandantes;Hombres;TOTAL;398,91666668;
Algarrobo;2012;Demandantes;Mujeres;De 16 a 29 años;94,75;
Algarrobo;2012;Demandantes;Mujeres;De 30 a 44 años;124,99999999;
Algarrobo;2012;Demandantes;Mujeres;De 45 a 64 años;67,58333335;
Algarrobo;2012;Demandantes;Mujeres;TOTAL;287,33333334;
Algarrobo;2012;Demandantes;Ambos sexos;De 16 a 29 años;197,58333334;
Algarrobo;2012;Demandantes;Ambos sexos;De 30 a 44 años;288,66666665;
Algarrobo;2012;Demandantes;Ambos sexos;De 45 a 64 años;200,00000003;
Algarrobo;2012;Demandantes;Ambos sexos;TOTAL;686,25000002;
Algatocín;2010;Demandantes;Hombres;De 16 a 29 años;13,58333333;
Algatocín;2010;Demandantes;Hombres;De 30 a 44 años;24,5;
Algatocín;2010;Demandantes;Hombres;De 45 a 64 años;25,08333334;
Algatocín;2010;Demandantes;Hombres;TOTAL;63,16666667;
Algatocín;2010;Demandantes;Mujeres;De 16 a 29 años;15,74999999;
Algatocín;2010;Demandantes;Mujeres;De 30 a 44 años;17,58333332;
Algatocín;2010;Demandantes;Mujeres;De 45 a 64 años;20,33333333;
Algatocín;2010;Demandantes;Mujeres;TOTAL;53,66666664;
Algatocín;2010;Demandantes;Ambos sexos;De 16 a 29 años;29,33333332;
Algatocín;2010;Demandantes;Ambos sexos;De 30 a 44 años;42,08333332;
Algatocín;2010;Demandantes;Ambos sexos;De 45 a 64 años;45,41666667;
Algatocín;2010;Demandantes;Ambos sexos;TOTAL;116,83333331;
Algatocín;2011;Demandantes;Hombres;De 16 a 29 años;10,41666668;
Algatocín;2011;Demandantes;Hombres;De 30 a 44 años;20,83333334;
Algatocín;2011;Demandantes;Hombres;De 45 a 64 años;25,33333332;
Algatocín;2011;Demandantes;Hombres;TOTAL;56,58333334;
Algatocín;2011;Demandantes;Mujeres;De 16 a 29 años;10,75;
Algatocín;2011;Demandantes;Mujeres;De 30 a 44 años;16,41666666;
Algatocín;2011;Demandantes;Mujeres;De 45 a 64 años;22,33333333;
Algatocín;2011;Demandantes;Mujeres;TOTAL;49,49999999;
Algatocín;2011;Demandantes;Ambos sexos;De 16 a 29 años;21,16666668;
Algatocín;2011;Demandantes;Ambos sexos;De 30 a 44 años;37,25;
Algatocín;2011;Demandantes;Ambos sexos;De 45 a 64 años;47,66666665;
Algatocín;2011;Demandantes;Ambos sexos;TOTAL;106,08333333;
Algatocín;2012;Demandantes;Hombres;De 16 a 29 años;14,66666667;
Algatocín;2012;Demandantes;Hombres;De 30 a 44 años;23,33333334;
Algatocín;2012;Demandantes;Hombres;De 45 a 64 años;28,91666666;
Algatocín;2012;Demandantes;Hombres;TOTAL;66,91666667;
Algatocín;2012;Demandantes;Mujeres;De 16 a 29 años;16,58333333;
Algatocín;2012;Demandantes;Mujeres;De 30 a 44 años;17,99999999;
Algatocín;2012;Demandantes;Mujeres;De 45 a 64 años;29,83333333;
Algatocín;2012;Demandantes;Mujeres;TOTAL;64,41666665;
Algatocín;2012;Demandantes;Ambos sexos;De 16 a 29 años;31,25;
Algatocín;2012;Demandantes;Ambos sexos;De 30 a 44 años;41,33333333;
Algatocín;2012;Demandantes;Ambos sexos;De 45 a 64 años;58,74999999;
Algatocín;2012;Demandantes;Ambos sexos;TOTAL;131,33333332;
Alhaurín de la Torre;2010;Demandantes;Hombres;De 16 a 29 años;440,33333336;
Alhaurín de la Torre;2010;Demandantes;Hombres;De 30 a 44 años;720,00000001;
Alhaurín de la Torre;2010;Demandantes;Hombres;De 45 a 64 años;541,5833333;
Alhaurín de la Torre;2010;Demandantes;Hombres;TOTAL;1701,91666667;
Alhaurín de la Torre;2010;Demandantes;Mujeres;De 16 a 29 años;378,49999997;
Alhaurín de la Torre;2010;Demandantes;Mujeres;De 30 a 44 años;916;
Alhaurín de la Torre;2010;Demandantes;Mujeres;De 45 a 64 años;726,00000002;
Alhaurín de la Torre;2010;Demandantes;Mujeres;TOTAL;2020,49999999;
Alhaurín de la Torre;2010;Demandantes;Ambos sexos;De 16 a 29 años;818,83333333;
Alhaurín de la Torre;2010;Demandantes;Ambos sexos;De 30 a 44 años;1636,00000001;
Alhaurín de la Torre;2010;Demandantes;Ambos sexos;De 45 a 64 años;1267,58333332;
Alhaurín de la Torre;2010;Demandantes;Ambos sexos;TOTAL;3722,41666666;
Alhaurín de la Torre;2011;Demandantes;Hombres;De 16 a 29 años;481,08333334;
Alhaurín de la Torre;2011;Demandantes;Hombres;De 30 a 44 años;743,16666668;
Alhaurín de la Torre;2011;Demandantes;Hombres;De 45 a 64 años;619,91666665;
Alhaurín de la Torre;2011;Demandantes;Hombres;TOTAL;1844,16666667;
Alhaurín de la Torre;2011;Demandantes;Mujeres;De 16 a 29 años;416,58333333;
Alhaurín de la Torre;2011;Demandantes;Mujeres;De 30 a 44 años;1006,24999999;
Alhaurín de la Torre;2011;Demandantes;Mujeres;De 45 a 64 años;787,83333331;
Alhaurín de la Torre;2011;Demandantes;Mujeres;TOTAL;2210,66666663;
Alhaurín de la Torre;2011;Demandantes;Ambos sexos;De 16 a 29 años;897,66666667;
Alhaurín de la Torre;2011;Demandantes;Ambos sexos;De 30 a 44 años;1749,41666667;
Alhaurín de la Torre;2011;Demandantes;Ambos sexos;De 45 a 64 años;1407,74999996;
Alhaurín de la Torre;2011;Demandantes;Ambos sexos;TOTAL;4054,8333333;
Alhaurín de la Torre;2012;Demandantes;Hombres;De 16 a 29 años;529,91666665;
Alhaurín de la Torre;2012;Demandantes;Hombres;De 30 a 44 años;835,66666667;
Alhaurín de la Torre;2012;Demandantes;Hombres;De 45 a 64 años;750,33333333;
Alhaurín de la Torre;2012;Demandantes;Hombres;TOTAL;2115,91666665;
Alhaurín de la Torre;2012;Demandantes;Mujeres;De 16 a 29 años;459,75000002;
Alhaurín de la Torre;2012;Demandantes;Mujeres;De 30 a 44 años;1097,16666666;
Alhaurín de la Torre;2012;Demandantes;Mujeres;De 45 a 64 años;899,49999999;
Alhaurín de la Torre;2012;Demandantes;Mujeres;TOTAL;2456,41666667;
Alhaurín de la Torre;2012;Demandantes;Ambos sexos;De 16 a 29 años;989,66666667;
Alhaurín de la Torre;2012;Demandantes;Ambos sexos;De 30 a 44 años;1932,83333333;
Alhaurín de la Torre;2012;Demandantes;Ambos sexos;De 45 a 64 años;1649,83333332;
Alhaurín de la Torre;2012;Demandantes;Ambos sexos;TOTAL;4572,33333332;
Alhaurín el Grande;2010;Demandantes;Hombres;De 16 a 29 años;344,91666665;
Alhaurín el Grande;2010;Demandantes;Hombres;De 30 a 44 años;638,41666665;
Alhaurín el Grande;2010;Demandantes;Hombres;De 45 a 64 años;449,66666669;
Alhaurín el Grande;2010;Demandantes;Hombres;TOTAL;1432,99999999;
Alhaurín el Grande;2010;Demandantes;Mujeres;De 16 a 29 años;262,08333333;
Alhaurín el Grande;2010;Demandantes;Mujeres;De 30 a 44 años;515,41666669;
Alhaurín el Grande;2010;Demandantes;Mujeres;De 45 a 64 años;275,58333332;
Alhaurín el Grande;2010;Demandantes;Mujeres;TOTAL;1053,08333334;
Alhaurín el Grande;2010;Demandantes;Ambos sexos;De 16 a 29 años;606,99999998;
Alhaurín el Grande;2010;Demandantes;Ambos sexos;De 30 a 44 años;1153,83333334;
Alhaurín el Grande;2010;Demandantes;Ambos sexos;De 45 a 64 años;725,25000001;
Alhaurín el Grande;2010;Demandantes;Ambos sexos;TOTAL;2486,08333333;
Alhaurín el Grande;2011;Demandantes;Hombres;De 16 a 29 años;356,91666667;
Alhaurín el Grande;2011;Demandantes;Hombres;De 30 a 44 años;655,99999999;
Alhaurín el Grande;2011;Demandantes;Hombres;De 45 a 64 años;500,83333333;
Alhaurín el Grande;2011;Demandantes;Hombres;TOTAL;1513,74999999;
Alhaurín el Grande;2011;Demandantes;Mujeres;De 16 a 29 años;279,66666666;
Alhaurín el Grande;2011;Demandantes;Mujeres;De 30 a 44 años;553,58333333;
Alhaurín el Grande;2011;Demandantes;Mujeres;De 45 a 64 años;366,41666666;
Alhaurín el Grande;2011;Demandantes;Mujeres;TOTAL;1199,66666665;
Alhaurín el Grande;2011;Demandantes;Ambos sexos;De 16 a 29 años;636,58333333;
Alhaurín el Grande;2011;Demandantes;Ambos sexos;De 30 a 44 años;1209,58333332;
Alhaurín el Grande;2011;Demandantes;Ambos sexos;De 45 a 64 años;867,24999999;
Alhaurín el Grande;2011;Demandantes;Ambos sexos;TOTAL;2713,41666664;
Alhaurín el Grande;2012;Demandantes;Hombres;De 16 a 29 años;345,16666666;
Alhaurín el Grande;2012;Demandantes;Hombres;De 30 a 44 años;666,50000002;
Alhaurín el Grande;2012;Demandantes;Hombres;De 45 a 64 años;584,08333332;
Alhaurín el Grande;2012;Demandantes;Hombres;TOTAL;1595,75;
Alhaurín el Grande;2012;Demandantes;Mujeres;De 16 a 29 años;298,08333333;
Alhaurín el Grande;2012;Demandantes;Mujeres;De 30 a 44 años;592,41666666;
Alhaurín el Grande;2012;Demandantes;Mujeres;De 45 a 64 años;470,91666665;
Alhaurín el Grande;2012;Demandantes;Mujeres;TOTAL;1361,41666664;
Alhaurín el Grande;2012;Demandantes;Ambos sexos;De 16 a 29 años;643,24999999;
Alhaurín el Grande;2012;Demandantes;Ambos sexos;De 30 a 44 años;1258,91666668;
Alhaurín el Grande;2012;Demandantes;Ambos sexos;De 45 a 64 años;1054,99999997;
Alhaurín el Grande;2012;Demandantes;Ambos sexos;TOTAL;2957,16666664;
Almáchar;2010;Demandantes;Hombres;De 16 a 29 años;44,91666667;
Almáchar;2010;Demandantes;Hombres;De 30 a 44 años;64,91666666;
Almáchar;2010;Demandantes;Hombres;De 45 a 64 años;32,08333334;
Almáchar;2010;Demandantes;Hombres;TOTAL;141,91666667;
Almáchar;2010;Demandantes;Mujeres;De 16 a 29 años;18,75000001;
Almáchar;2010;Demandantes;Mujeres;De 30 a 44 años;13,08333333;
Almáchar;2010;Demandantes;Mujeres;De 45 a 64 años;4,83333333;
Almáchar;2010;Demandantes;Mujeres;TOTAL;36,66666667;
Almáchar;2010;Demandantes;Ambos sexos;De 16 a 29 años;63,66666668;
Almáchar;2010;Demandantes;Ambos sexos;De 30 a 44 años;77,99999999;
Almáchar;2010;Demandantes;Ambos sexos;De 45 a 64 años;36,91666667;
Almáchar;2010;Demandantes;Ambos sexos;TOTAL;178,58333334;
Almáchar;2011;Demandantes;Hombres;De 16 a 29 años;43,33333333;
Almáchar;2011;Demandantes;Hombres;De 30 a 44 años;63,58333331;
Almáchar;2011;Demandantes;Hombres;De 45 a 64 años;35,91666667;
Almáchar;2011;Demandantes;Hombres;TOTAL;142,83333331;
Almáchar;2011;Demandantes;Mujeres;De 16 a 29 años;19,91666665;
Almáchar;2011;Demandantes;Mujeres;De 30 a 44 años;14,83333333;
Almáchar;2011;Demandantes;Mujeres;De 45 a 64 años;5;
Almáchar;2011;Demandantes;Mujeres;TOTAL;39,74999998;
Almáchar;2011;Demandantes;Ambos sexos;De 16 a 29 años;63,24999998;
Almáchar;2011;Demandantes;Ambos sexos;De 30 a 44 años;78,41666664;
Almáchar;2011;Demandantes;Ambos sexos;De 45 a 64 años;40,91666667;
Almáchar;2011;Demandantes;Ambos sexos;TOTAL;182,58333329;
Almáchar;2012;Demandantes;Hombres;De 16 a 29 años;43,08333333;
Almáchar;2012;Demandantes;Hombres;De 30 a 44 años;63,91666666;
Almáchar;2012;Demandantes;Hombres;De 45 a 64 años;46,5;
Almáchar;2012;Demandantes;Hombres;TOTAL;153,49999999;
Almáchar;2012;Demandantes;Mujeres;De 16 a 29 años;21,66666666;
Almáchar;2012;Demandantes;Mujeres;De 30 a 44 años;20,24999999;
Almáchar;2012;Demandantes;Mujeres;De 45 a 64 años;5;
Almáchar;2012;Demandantes;Mujeres;TOTAL;46,91666665;
Almáchar;2012;Demandantes;Ambos sexos;De 16 a 29 años;64,74999999;
Almáchar;2012;Demandantes;Ambos sexos;De 30 a 44 años;84,16666665;
Almáchar;2012;Demandantes;Ambos sexos;De 45 a 64 años;51,5;
Almáchar;2012;Demandantes;Ambos sexos;TOTAL;200,41666664;
Almargen;2010;Demandantes;Hombres;De 16 a 29 años;22,58333334;
Almargen;2010;Demandantes;Hombres;De 30 a 44 años;25,41666668;
Almargen;2010;Demandantes;Hombres;De 45 a 64 años;23,50000001;
Almargen;2010;Demandantes;Hombres;TOTAL;71,50000003;
Almargen;2010;Demandantes;Mujeres;De 16 a 29 años;23,99999998;
Almargen;2010;Demandantes;Mujeres;De 30 a 44 años;34,91666666;
Almargen;2010;Demandantes;Mujeres;De 45 a 64 años;9,83333333;
Almargen;2010;Demandantes;Mujeres;TOTAL;68,74999997;
Almargen;2010;Demandantes;Ambos sexos;De 16 a 29 años;46,58333332;
Almargen;2010;Demandantes;Ambos sexos;De 30 a 44 años;60,33333334;
Almargen;2010;Demandantes;Ambos sexos;De 45 a 64 años;33,33333334;
Almargen;2010;Demandantes;Ambos sexos;TOTAL;140,25;
Almargen;2011;Demandantes;Hombres;De 16 a 29 años;27,16666666;
Almargen;2011;Demandantes;Hombres;De 30 a 44 años;33,25;
Almargen;2011;Demandantes;Hombres;De 45 a 64 años;30,41666667;
Almargen;2011;Demandantes;Hombres;TOTAL;90,83333333;
Almargen;2011;Demandantes;Mujeres;De 16 a 29 años;24,16666667;
Almargen;2011;Demandantes;Mujeres;De 30 a 44 años;38,41666666;
Almargen;2011;Demandantes;Mujeres;De 45 a 64 años;13;
Almargen;2011;Demandantes;Mujeres;TOTAL;75,58333333;
Almargen;2011;Demandantes;Ambos sexos;De 16 a 29 años;51,33333333;
Almargen;2011;Demandantes;Ambos sexos;De 30 a 44 años;71,66666666;
Almargen;2011;Demandantes;Ambos sexos;De 45 a 64 años;43,41666667;
Almargen;2011;Demandantes;Ambos sexos;TOTAL;166,41666666;
Almargen;2012;Demandantes;Hombres;De 16 a 29 años;25,58333333;
Almargen;2012;Demandantes;Hombres;De 30 a 44 años;39,16666666;
Almargen;2012;Demandantes;Hombres;De 45 a 64 años;43,33333334;
Almargen;2012;Demandantes;Hombres;TOTAL;108,08333333;
Almargen;2012;Demandantes;Mujeres;De 16 a 29 años;21,83333333;
Almargen;2012;Demandantes;Mujeres;De 30 a 44 años;40,74999999;
Almargen;2012;Demandantes;Mujeres;De 45 a 64 años;17,5;
Almargen;2012;Demandantes;Mujeres;TOTAL;80,08333332;
Almargen;2012;Demandantes;Ambos sexos;De 16 a 29 años;47,41666666;
Almargen;2012;Demandantes;Ambos sexos;De 30 a 44 años;79,91666665;
Almargen;2012;Demandantes;Ambos sexos;De 45 a 64 años;60,83333334;
Almargen;2012;Demandantes;Ambos sexos;TOTAL;188,16666665;
Almogía;2010;Demandantes;Hombres;De 16 a 29 años;59,91666666;
Almogía;2010;Demandantes;Hombres;De 30 a 44 años;137;
Almogía;2010;Demandantes;Hombres;De 45 a 64 años;88,49999998;
Almogía;2010;Demandantes;Hombres;TOTAL;285,41666664;
Almogía;2010;Demandantes;Mujeres;De 16 a 29 años;48,16666667;
Almogía;2010;Demandantes;Mujeres;De 30 a 44 años;91,74999999;
Almogía;2010;Demandantes;Mujeres;De 45 a 64 años;90,91666666;
Almogía;2010;Demandantes;Mujeres;TOTAL;230,83333332;
Almogía;2010;Demandantes;Ambos sexos;De 16 a 29 años;108,08333333;
Almogía;2010;Demandantes;Ambos sexos;De 30 a 44 años;228,74999999;
Almogía;2010;Demandantes;Ambos sexos;De 45 a 64 años;179,41666664;
Almogía;2010;Demandantes;Ambos sexos;TOTAL;516,24999996;
Almogía;2011;Demandantes;Hombres;De 16 a 29 años;60,24999999;
Almogía;2011;Demandantes;Hombres;De 30 a 44 años;131,58333334;
Almogía;2011;Demandantes;Hombres;De 45 a 64 años;99,75;
Almogía;2011;Demandantes;Hombres;TOTAL;291,58333333;
Almogía;2011;Demandantes;Mujeres;De 16 a 29 años;47,66666667;
Almogía;2011;Demandantes;Mujeres;De 30 a 44 años;91,83333335;
Almogía;2011;Demandantes;Mujeres;De 45 a 64 años;88,83333333;
Almogía;2011;Demandantes;Mujeres;TOTAL;228,33333335;
Almogía;2011;Demandantes;Ambos sexos;De 16 a 29 años;107,91666666;
Almogía;2011;Demandantes;Ambos sexos;De 30 a 44 años;223,41666669;
Almogía;2011;Demandantes;Ambos sexos;De 45 a 64 años;188,58333333;
Almogía;2011;Demandantes;Ambos sexos;TOTAL;519,91666668;
Almogía;2012;Demandantes;Hombres;De 16 a 29 años;66;
Almogía;2012;Demandantes;Hombres;De 30 a 44 años;141;
Almogía;2012;Demandantes;Hombres;De 45 a 64 años;119,83333334;
Almogía;2012;Demandantes;Hombres;TOTAL;326,83333334;
Almogía;2012;Demandantes;Mujeres;De 16 a 29 años;56,91666667;
Almogía;2012;Demandantes;Mujeres;De 30 a 44 años;98;
Almogía;2012;Demandantes;Mujeres;De 45 a 64 años;97,83333334;
Almogía;2012;Demandantes;Mujeres;TOTAL;252,75000001;
Almogía;2012;Demandantes;Ambos sexos;De 16 a 29 años;122,91666667;
Almogía;2012;Demandantes;Ambos sexos;De 30 a 44 años;239;
Almogía;2012;Demandantes;Ambos sexos;De 45 a 64 años;217,66666668;
Almogía;2012;Demandantes;Ambos sexos;TOTAL;579,58333335;
Álora;2010;Demandantes;Hombres;De 16 a 29 años;291,16666667;
Álora;2010;Demandantes;Hombres;De 30 a 44 años;441,41666668;
Álora;2010;Demandantes;Hombres;De 45 a 64 años;365;
Álora;2010;Demandantes;Hombres;TOTAL;1097,58333335;
Álora;2010;Demandantes;Mujeres;De 16 a 29 años;218,99999999;
Álora;2010;Demandantes;Mujeres;De 30 a 44 años;325,58333334;
Álora;2010;Demandantes;Mujeres;De 45 a 64 años;270,5;
Álora;2010;Demandantes;Mujeres;TOTAL;815,08333333;
Álora;2010;Demandantes;Ambos sexos;De 16 a 29 años;510,16666666;
Álora;2010;Demandantes;Ambos sexos;De 30 a 44 años;767,00000002;
Álora;2010;Demandantes;Ambos sexos;De 45 a 64 años;635,5;
Álora;2010;Demandantes;Ambos sexos;TOTAL;1912,66666668;
Álora;2011;Demandantes;Hombres;De 16 a 29 años;285,83333333;
Álora;2011;Demandantes;Hombres;De 30 a 44 años;402,24999998;
Álora;2011;Demandantes;Hombres;De 45 a 64 años;386,75000001;
Álora;2011;Demandantes;Hombres;TOTAL;1074,83333332;
Álora;2011;Demandantes;Mujeres;De 16 a 29 años;260,83333334;
Álora;2011;Demandantes;Mujeres;De 30 a 44 años;361,16666665;
Álora;2011;Demandantes;Mujeres;De 45 a 64 años;290,41666667;
Álora;2011;Demandantes;Mujeres;TOTAL;912,41666666;
Álora;2011;Demandantes;Ambos sexos;De 16 a 29 años;546,66666667;
Álora;2011;Demandantes;Ambos sexos;De 30 a 44 años;763,41666663;
Álora;2011;Demandantes;Ambos sexos;De 45 a 64 años;677,16666668;
Álora;2011;Demandantes;Ambos sexos;TOTAL;1987,24999998;
Álora;2012;Demandantes;Hombres;De 16 a 29 años;299,41666667;
Álora;2012;Demandantes;Hombres;De 30 a 44 años;430,33333336;
Álora;2012;Demandantes;Hombres;De 45 a 64 años;452,41666665;
Álora;2012;Demandantes;Hombres;TOTAL;1182,16666668;
Álora;2012;Demandantes;Mujeres;De 16 a 29 años;286,16666666;
Álora;2012;Demandantes;Mujeres;De 30 a 44 años;423,33333333;
Álora;2012;Demandantes;Mujeres;De 45 a 64 años;331,25000002;
Álora;2012;Demandantes;Mujeres;TOTAL;1040,75000001;
Álora;2012;Demandantes;Ambos sexos;De 16 a 29 años;585,58333333;
Álora;2012;Demandantes;Ambos sexos;De 30 a 44 años;853,66666669;
Álora;2012;Demandantes;Ambos sexos;De 45 a 64 años;783,66666667;
Álora;2012;Demandantes;Ambos sexos;TOTAL;2222,91666669;
Alozaina;2010;Demandantes;Hombres;De 16 a 29 años;31,16666669;
Alozaina;2010;Demandantes;Hombres;De 30 a 44 años;46,16666667;
Alozaina;2010;Demandantes;Hombres;De 45 a 64 años;54,08333332;
Alozaina;2010;Demandantes;Hombres;TOTAL;131,41666668;
Alozaina;2010;Demandantes;Mujeres;De 16 a 29 años;25,66666666;
Alozaina;2010;Demandantes;Mujeres;De 30 a 44 años;32,83333332;
Alozaina;2010;Demandantes;Mujeres;De 45 a 64 años;42,33333335;
Alozaina;2010;Demandantes;Mujeres;TOTAL;100,83333333;
Alozaina;2010;Demandantes;Ambos sexos;De 16 a 29 años;56,83333335;
Alozaina;2010;Demandantes;Ambos sexos;De 30 a 44 años;78,99999999;
Alozaina;2010;Demandantes;Ambos sexos;De 45 a 64 años;96,41666667;
Alozaina;2010;Demandantes;Ambos sexos;TOTAL;232,25000001;
Alozaina;2011;Demandantes;Hombres;De 16 a 29 años;32,66666667;
Alozaina;2011;Demandantes;Hombres;De 30 a 44 años;44,24999999;
Alozaina;2011;Demandantes;Hombres;De 45 a 64 años;56,41666666;
Alozaina;2011;Demandantes;Hombres;TOTAL;133,33333332;
Alozaina;2011;Demandantes;Mujeres;De 16 a 29 años;31,74999998;
Alozaina;2011;Demandantes;Mujeres;De 30 a 44 años;32,24999999;
Alozaina;2011;Demandantes;Mujeres;De 45 a 64 años;47,24999999;
Alozaina;2011;Demandantes;Mujeres;TOTAL;111,24999996;
Alozaina;2011;Demandantes;Ambos sexos;De 16 a 29 años;64,41666665;
Alozaina;2011;Demandantes;Ambos sexos;De 30 a 44 años;76,49999998;
Alozaina;2011;Demandantes;Ambos sexos;De 45 a 64 años;103,66666665;
Alozaina;2011;Demandantes;Ambos sexos;TOTAL;244,58333328;
Alozaina;2012;Demandantes;Hombres;De 16 a 29 años;37,74999999;
Alozaina;2012;Demandantes;Hombres;De 30 a 44 años;60,33333333;
Alozaina;2012;Demandantes;Hombres;De 45 a 64 años;64,83333333;
Alozaina;2012;Demandantes;Hombres;TOTAL;162,91666665;
Alozaina;2012;Demandantes;Mujeres;De 16 a 29 años;38,33333333;
Alozaina;2012;Demandantes;Mujeres;De 30 a 44 años;39,16666666;
Alozaina;2012;Demandantes;Mujeres;De 45 a 64 años;58,66666667;
Alozaina;2012;Demandantes;Mujeres;TOTAL;136,16666666;
Alozaina;2012;Demandantes;Ambos sexos;De 16 a 29 años;76,08333332;
Alozaina;2012;Demandantes;Ambos sexos;De 30 a 44 años;99,49999999;
Alozaina;2012;Demandantes;Ambos sexos;De 45 a 64 años;123,5;
Alozaina;2012;Demandantes;Ambos sexos;TOTAL;299,08333331;
Alpandeire;2010;Demandantes;Hombres;De 16 a 29 años;4,74999999;
Alpandeire;2010;Demandantes;Hombres;De 30 a 44 años;6,08333333;
Alpandeire;2010;Demandantes;Hombres;De 45 a 64 años;6,16666666;
Alpandeire;2010;Demandantes;Hombres;TOTAL;16,99999998;
Alpandeire;2010;Demandantes;Mujeres;De 16 a 29 años;4,75;
Alpandeire;2010;Demandantes;Mujeres;De 30 a 44 años;2,16666666;
Alpandeire;2010;Demandantes;Mujeres;De 45 a 64 años;2,58333333;
Alpandeire;2010;Demandantes;Mujeres;TOTAL;9,49999999;
Alpandeire;2010;Demandantes;Ambos sexos;De 16 a 29 años;9,49999999;
Alpandeire;2010;Demandantes;Ambos sexos;De 30 a 44 años;8,24999999;
Alpandeire;2010;Demandantes;Ambos sexos;De 45 a 64 años;8,74999999;
Alpandeire;2010;Demandantes;Ambos sexos;TOTAL;26,49999997;
Alpandeire;2011;Demandantes;Hombres;De 16 a 29 años;5,16666667;
Alpandeire;2011;Demandantes;Hombres;De 30 a 44 años;4,58333333;
Alpandeire;2011;Demandantes;Hombres;De 45 a 64 años;7,08333332;
Alpandeire;2011;Demandantes;Hombres;TOTAL;16,83333332;
Alpandeire;2011;Demandantes;Mujeres;De 16 a 29 años;3,91666666;
Alpandeire;2011;Demandantes;Mujeres;De 30 a 44 años;3,58333333;
Alpandeire;2011;Demandantes;Mujeres;De 45 a 64 años;1,41666667;
Alpandeire;2011;Demandantes;Mujeres;TOTAL;8,91666666;
Alpandeire;2011;Demandantes;Ambos sexos;De 16 a 29 años;9,08333333;
Alpandeire;2011;Demandantes;Ambos sexos;De 30 a 44 años;8,16666666;
Alpandeire;2011;Demandantes;Ambos sexos;De 45 a 64 años;8,49999999;
Alpandeire;2011;Demandantes;Ambos sexos;TOTAL;25,74999998;
Alpandeire;2012;Demandantes;Hombres;De 16 a 29 años;6,16666667;
Alpandeire;2012;Demandantes;Hombres;De 30 a 44 años;9;
Alpandeire;2012;Demandantes;Hombres;De 45 a 64 años;10,75;
Alpandeire;2012;Demandantes;Hombres;TOTAL;25,91666667;
Alpandeire;2012;Demandantes;Mujeres;De 16 a 29 años;2,58333334;
Alpandeire;2012;Demandantes;Mujeres;De 30 a 44 años;4,75;
Alpandeire;2012;Demandantes;Mujeres;De 45 a 64 años;3,58333333;
Alpandeire;2012;Demandantes;Mujeres;TOTAL;10,91666667;
Alpandeire;2012;Demandantes;Ambos sexos;De 16 a 29 años;8,75000001;
Alpandeire;2012;Demandantes;Ambos sexos;De 30 a 44 años;13,75;
Alpandeire;2012;Demandantes;Ambos sexos;De 45 a 64 años;14,33333333;
Alpandeire;2012;Demandantes;Ambos sexos;TOTAL;36,83333334;
Antequera;2010;Demandantes;Hombres;De 16 a 29 años;582,66666668;
Antequera;2010;Demandantes;Hombres;De 30 a 44 años;756,16666668;
Antequera;2010;Demandantes;Hombres;De 45 a 64 años;721,3333333;
Antequera;2010;Demandantes;Hombres;TOTAL;2060,16666666;
Antequera;2010;Demandantes;Mujeres;De 16 a 29 años;458,41666665;
Antequera;2010;Demandantes;Mujeres;De 30 a 44 años;797,41666667;
Antequera;2010;Demandantes;Mujeres;De 45 a 64 años;513,91666668;
Antequera;2010;Demandantes;Mujeres;TOTAL;1769,75;
Antequera;2010;Demandantes;Ambos sexos;De 16 a 29 años;1041,08333333;
Antequera;2010;Demandantes;Ambos sexos;De 30 a 44 años;1553,58333335;
Antequera;2010;Demandantes;Ambos sexos;De 45 a 64 años;1235,24999998;
Antequera;2010;Demandantes;Ambos sexos;TOTAL;3829,91666666;
Antequera;2011;Demandantes;Hombres;De 16 a 29 años;600,33333334;
Antequera;2011;Demandantes;Hombres;De 30 a 44 años;790,50000002;
Antequera;2011;Demandantes;Hombres;De 45 a 64 años;841,33333334;
Antequera;2011;Demandantes;Hombres;TOTAL;2232,1666667;
Antequera;2011;Demandantes;Mujeres;De 16 a 29 años;568,74999998;
Antequera;2011;Demandantes;Mujeres;De 30 a 44 años;862,66666668;
Antequera;2011;Demandantes;Mujeres;De 45 a 64 años;645,33333332;
Antequera;2011;Demandantes;Mujeres;TOTAL;2076,74999998;
Antequera;2011;Demandantes;Ambos sexos;De 16 a 29 años;1169,08333332;
Antequera;2011;Demandantes;Ambos sexos;De 30 a 44 años;1653,1666667;
Antequera;2011;Demandantes;Ambos sexos;De 45 a 64 años;1486,66666666;
Antequera;2011;Demandantes;Ambos sexos;TOTAL;4308,91666668;
Antequera;2012;Demandantes;Hombres;De 16 a 29 años;625,75000002;
Antequera;2012;Demandantes;Hombres;De 30 a 44 años;813,00000003;
Antequera;2012;Demandantes;Hombres;De 45 a 64 años;860,50000001;
Antequera;2012;Demandantes;Hombres;TOTAL;2299,25000006;
Antequera;2012;Demandantes;Mujeres;De 16 a 29 años;606,50000001;
Antequera;2012;Demandantes;Mujeres;De 30 a 44 años;898,16666666;
Antequera;2012;Demandantes;Mujeres;De 45 a 64 años;761,41666665;
Antequera;2012;Demandantes;Mujeres;TOTAL;2266,08333332;
Antequera;2012;Demandantes;Ambos sexos;De 16 a 29 años;1232,25000003;
Antequera;2012;Demandantes;Ambos sexos;De 30 a 44 años;1711,16666669;
Antequera;2012;Demandantes;Ambos sexos;De 45 a 64 años;1621,91666666;
Antequera;2012;Demandantes;Ambos sexos;TOTAL;4565,33333338;
Árchez;2010;Demandantes;Hombres;De 16 a 29 años;5,41666666;
Árchez;2010;Demandantes;Hombres;De 30 a 44 años;8,00000001;
Árchez;2010;Demandantes;Hombres;De 45 a 64 años;10,33333333;
Árchez;2010;Demandantes;Hombres;TOTAL;23,75;
Árchez;2010;Demandantes;Mujeres;De 16 a 29 años;0,99999999;
Árchez;2010;Demandantes;Mujeres;De 30 a 44 años;0,5;
Árchez;2010;Demandantes;Mujeres;De 45 a 64 años;-;
Árchez;2010;Demandantes;Mujeres;TOTAL;1,49999999;
Árchez;2010;Demandantes;Ambos sexos;De 16 a 29 años;6,41666665;
Árchez;2010;Demandantes;Ambos sexos;De 30 a 44 años;8,50000001;
Árchez;2010;Demandantes;Ambos sexos;De 45 a 64 años;10,33333333;
Árchez;2010;Demandantes;Ambos sexos;TOTAL;25,24999999;
Árchez;2011;Demandantes;Hombres;De 16 a 29 años;9,91666666;
Árchez;2011;Demandantes;Hombres;De 30 a 44 años;7,24999999;
Árchez;2011;Demandantes;Hombres;De 45 a 64 años;8,83333333;
Árchez;2011;Demandantes;Hombres;TOTAL;25,99999998;
Árchez;2011;Demandantes;Mujeres;De 16 a 29 años;5,41666667;
Árchez;2011;Demandantes;Mujeres;De 30 a 44 años;0,25;
Árchez;2011;Demandantes;Mujeres;De 45 a 64 años;0,83333333;
Árchez;2011;Demandantes;Mujeres;TOTAL;6,5;
Árchez;2011;Demandantes;Ambos sexos;De 16 a 29 años;15,33333333;
Árchez;2011;Demandantes;Ambos sexos;De 30 a 44 años;7,49999999;
Árchez;2011;Demandantes;Ambos sexos;De 45 a 64 años;9,66666666;
Árchez;2011;Demandantes;Ambos sexos;TOTAL;32,49999998;
Árchez;2012;Demandantes;Hombres;De 16 a 29 años;9,25000001;
Árchez;2012;Demandantes;Hombres;De 30 a 44 años;7,91666667;
Árchez;2012;Demandantes;Hombres;De 45 a 64 años;12,49999999;
Árchez;2012;Demandantes;Hombres;TOTAL;29,66666667;
Árchez;2012;Demandantes;Mujeres;De 16 a 29 años;7,08333333;
Árchez;2012;Demandantes;Mujeres;De 30 a 44 años;2,5;
Árchez;2012;Demandantes;Mujeres;De 45 a 64 años;0,58333333;
Árchez;2012;Demandantes;Mujeres;TOTAL;10,16666666;
Árchez;2012;Demandantes;Ambos sexos;De 16 a 29 años;16,33333334;
Árchez;2012;Demandantes;Ambos sexos;De 30 a 44 años;10,41666667;
Árchez;2012;Demandantes;Ambos sexos;De 45 a 64 años;13,08333332;
Árchez;2012;Demandantes;Ambos sexos;TOTAL;39,83333333;
Archidona;2010;Demandantes;Hombres;De 16 a 29 años;88,49999998;
Archidona;2010;Demandantes;Hombres;De 30 a 44 años;119,33333333;
Archidona;2010;Demandantes;Hombres;De 45 a 64 años;116,16666668;
Archidona;2010;Demandantes;Hombres;TOTAL;323,99999999;
Archidona;2010;Demandantes;Mujeres;De 16 a 29 años;107,91666667;
Archidona;2010;Demandantes;Mujeres;De 30 a 44 años;120,66666664;
Archidona;2010;Demandantes;Mujeres;De 45 a 64 años;67,41666668;
Archidona;2010;Demandantes;Mujeres;TOTAL;295,99999999;
Archidona;2010;Demandantes;Ambos sexos;De 16 a 29 años;196,41666665;
Archidona;2010;Demandantes;Ambos sexos;De 30 a 44 años;239,99999997;
Archidona;2010;Demandantes;Ambos sexos;De 45 a 64 años;183,58333336;
Archidona;2010;Demandantes;Ambos sexos;TOTAL;619,99999998;
Archidona;2011;Demandantes;Hombres;De 16 a 29 años;109,41666667;
Archidona;2011;Demandantes;Hombres;De 30 a 44 años;128,66666669;
Archidona;2011;Demandantes;Hombres;De 45 a 64 años;145,5;
Archidona;2011;Demandantes;Hombres;TOTAL;383,58333336;
Archidona;2011;Demandantes;Mujeres;De 16 a 29 años;118,24999999;
Archidona;2011;Demandantes;Mujeres;De 30 a 44 años;134,0833333;
Archidona;2011;Demandantes;Mujeres;De 45 a 64 años;77,16666667;
Archidona;2011;Demandantes;Mujeres;TOTAL;329,49999996;
Archidona;2011;Demandantes;Ambos sexos;De 16 a 29 años;227,66666666;
Archidona;2011;Demandantes;Ambos sexos;De 30 a 44 años;262,74999999;
Archidona;2011;Demandantes;Ambos sexos;De 45 a 64 años;222,66666667;
Archidona;2011;Demandantes;Ambos sexos;TOTAL;713,08333332;
Archidona;2012;Demandantes;Hombres;De 16 a 29 años;133,08333333;
Archidona;2012;Demandantes;Hombres;De 30 a 44 años;139,49999999;
Archidona;2012;Demandantes;Hombres;De 45 a 64 años;176,41666666;
Archidona;2012;Demandantes;Hombres;TOTAL;448,99999998;
Archidona;2012;Demandantes;Mujeres;De 16 a 29 años;137,91666665;
Archidona;2012;Demandantes;Mujeres;De 30 a 44 años;152,83333335;
Archidona;2012;Demandantes;Mujeres;De 45 a 64 años;97,50000001;
Archidona;2012;Demandantes;Mujeres;TOTAL;388,25000001;
Archidona;2012;Demandantes;Ambos sexos;De 16 a 29 años;270,99999998;
Archidona;2012;Demandantes;Ambos sexos;De 30 a 44 años;292,33333334;
Archidona;2012;Demandantes;Ambos sexos;De 45 a 64 años;273,91666667;
Archidona;2012;Demandantes;Ambos sexos;TOTAL;837,24999999;
Ardales;2010;Demandantes;Hombres;De 16 a 29 años;33,08333333;
Ardales;2010;Demandantes;Hombres;De 30 a 44 años;48,83333333;
Ardales;2010;Demandantes;Hombres;De 45 a 64 años;46,16666666;
Ardales;2010;Demandantes;Hombres;TOTAL;128,08333332;
Ardales;2010;Demandantes;Mujeres;De 16 a 29 años;27,83333335;
Ardales;2010;Demandantes;Mujeres;De 30 a 44 años;38,08333332;
Ardales;2010;Demandantes;Mujeres;De 45 a 64 años;13,25;
Ardales;2010;Demandantes;Mujeres;TOTAL;79,16666667;
Ardales;2010;Demandantes;Ambos sexos;De 16 a 29 años;60,91666668;
Ardales;2010;Demandantes;Ambos sexos;De 30 a 44 años;86,91666665;
Ardales;2010;Demandantes;Ambos sexos;De 45 a 64 años;59,41666666;
Ardales;2010;Demandantes;Ambos sexos;TOTAL;207,24999999;
Ardales;2011;Demandantes;Hombres;De 16 a 29 años;44,49999999;
Ardales;2011;Demandantes;Hombres;De 30 a 44 años;57,33333333;
Ardales;2011;Demandantes;Hombres;De 45 a 64 años;53,91666667;
Ardales;2011;Demandantes;Hombres;TOTAL;155,74999999;
Ardales;2011;Demandantes;Mujeres;De 16 a 29 años;36,50000001;
Ardales;2011;Demandantes;Mujeres;De 30 a 44 años;35,66666667;
Ardales;2011;Demandantes;Mujeres;De 45 a 64 años;18,66666667;
Ardales;2011;Demandantes;Mujeres;TOTAL;90,83333335;
Ardales;2011;Demandantes;Ambos sexos;De 16 a 29 años;81;
Ardales;2011;Demandantes;Ambos sexos;De 30 a 44 años;93;
Ardales;2011;Demandantes;Ambos sexos;De 45 a 64 años;72,58333334;
Ardales;2011;Demandantes;Ambos sexos;TOTAL;246,58333334;
Ardales;2012;Demandantes;Hombres;De 16 a 29 años;48,75;
Ardales;2012;Demandantes;Hombres;De 30 a 44 años;69,41666667;
Ardales;2012;Demandantes;Hombres;De 45 a 64 años;61,16666666;
Ardales;2012;Demandantes;Hombres;TOTAL;179,33333333;
Ardales;2012;Demandantes;Mujeres;De 16 a 29 años;48,58333335;
Ardales;2012;Demandantes;Mujeres;De 30 a 44 años;37,00000002;
Ardales;2012;Demandantes;Mujeres;De 45 a 64 años;20,66666667;
Ardales;2012;Demandantes;Mujeres;TOTAL;106,25000004;
Ardales;2012;Demandantes;Ambos sexos;De 16 a 29 años;97,33333335;
Ardales;2012;Demandantes;Ambos sexos;De 30 a 44 años;106,41666669;
Ardales;2012;Demandantes;Ambos sexos;De 45 a 64 años;81,83333333;
Ardales;2012;Demandantes;Ambos sexos;TOTAL;285,58333337;
Arenas;2010;Demandantes;Hombres;De 16 a 29 años;25,08333334;
Arenas;2010;Demandantes;Hombres;De 30 a 44 años;38,74999998;
Arenas;2010;Demandantes;Hombres;De 45 a 64 años;29,74999999;
Arenas;2010;Demandantes;Hombres;TOTAL;93,58333331;
Arenas;2010;Demandantes;Mujeres;De 16 a 29 años;3,66666667;
Arenas;2010;Demandantes;Mujeres;De 30 a 44 años;9,74999999;
Arenas;2010;Demandantes;Mujeres;De 45 a 64 años;1,83333334;
Arenas;2010;Demandantes;Mujeres;TOTAL;15,25;
Arenas;2010;Demandantes;Ambos sexos;De 16 a 29 años;28,75000001;
Arenas;2010;Demandantes;Ambos sexos;De 30 a 44 años;48,49999997;
Arenas;2010;Demandantes;Ambos sexos;De 45 a 64 años;31,58333333;
Arenas;2010;Demandantes;Ambos sexos;TOTAL;108,83333331;
Arenas;2011;Demandantes;Hombres;De 16 a 29 años;24,74999999;
Arenas;2011;Demandantes;Hombres;De 30 a 44 años;37,75;
Arenas;2011;Demandantes;Hombres;De 45 a 64 años;32,08333333;
Arenas;2011;Demandantes;Hombres;TOTAL;94,58333332;
Arenas;2011;Demandantes;Mujeres;De 16 a 29 años;7,00000001;
Arenas;2011;Demandantes;Mujeres;De 30 a 44 años;9,08333332;
Arenas;2011;Demandantes;Mujeres;De 45 a 64 años;2;
Arenas;2011;Demandantes;Mujeres;TOTAL;18,08333333;
Arenas;2011;Demandantes;Ambos sexos;De 16 a 29 años;31,75;
Arenas;2011;Demandantes;Ambos sexos;De 30 a 44 años;46,83333332;
Arenas;2011;Demandantes;Ambos sexos;De 45 a 64 años;34,08333333;
Arenas;2011;Demandantes;Ambos sexos;TOTAL;112,66666665;
Arenas;2012;Demandantes;Hombres;De 16 a 29 años;29,5;
Arenas;2012;Demandantes;Hombres;De 30 a 44 años;36,91666668;
Arenas;2012;Demandantes;Hombres;De 45 a 64 años;35,00000001;
Arenas;2012;Demandantes;Hombres;TOTAL;101,41666669;
Arenas;2012;Demandantes;Mujeres;De 16 a 29 años;10,08333333;
Arenas;2012;Demandantes;Mujeres;De 30 a 44 años;10,83333333;
Arenas;2012;Demandantes;Mujeres;De 45 a 64 años;2,5;
Arenas;2012;Demandantes;Mujeres;TOTAL;23,41666666;
Arenas;2012;Demandantes;Ambos sexos;De 16 a 29 años;39,58333333;
Arenas;2012;Demandantes;Ambos sexos;De 30 a 44 años;47,75000001;
Arenas;2012;Demandantes;Ambos sexos;De 45 a 64 años;37,50000001;
Arenas;2012;Demandantes;Ambos sexos;TOTAL;124,83333335;
Arriate;2010;Demandantes;Hombres;De 16 a 29 años;58,16666666;
Arriate;2010;Demandantes;Hombres;De 30 a 44 años;122,83333334;
Arriate;2010;Demandantes;Hombres;De 45 a 64 años;123,25000002;
Arriate;2010;Demandantes;Hombres;TOTAL;304,25000002;
Arriate;2010;Demandantes;Mujeres;De 16 a 29 años;46,50000001;
Arriate;2010;Demandantes;Mujeres;De 30 a 44 años;93,75;
Arriate;2010;Demandantes;Mujeres;De 45 a 64 años;51,5;
Arriate;2010;Demandantes;Mujeres;TOTAL;191,75000001;
Arriate;2010;Demandantes;Ambos sexos;De 16 a 29 años;104,66666667;
Arriate;2010;Demandantes;Ambos sexos;De 30 a 44 años;216,58333334;
Arriate;2010;Demandantes;Ambos sexos;De 45 a 64 años;174,75000002;
Arriate;2010;Demandantes;Ambos sexos;TOTAL;496,00000003;
Arriate;2011;Demandantes;Hombres;De 16 a 29 años;57,41666668;
Arriate;2011;Demandantes;Hombres;De 30 a 44 años;112,99999999;
Arriate;2011;Demandantes;Hombres;De 45 a 64 años;124,41666667;
Arriate;2011;Demandantes;Hombres;TOTAL;294,83333334;
Arriate;2011;Demandantes;Mujeres;De 16 a 29 años;62,08333332;
Arriate;2011;Demandantes;Mujeres;De 30 a 44 años;104,33333335;
Arriate;2011;Demandantes;Mujeres;De 45 a 64 años;60,41666668;
Arriate;2011;Demandantes;Mujeres;TOTAL;226,83333335;
Arriate;2011;Demandantes;Ambos sexos;De 16 a 29 años;119,5;
Arriate;2011;Demandantes;Ambos sexos;De 30 a 44 años;217,33333334;
Arriate;2011;Demandantes;Ambos sexos;De 45 a 64 años;184,83333335;
Arriate;2011;Demandantes;Ambos sexos;TOTAL;521,66666669;
Arriate;2012;Demandantes;Hombres;De 16 a 29 años;58,5;
Arriate;2012;Demandantes;Hombres;De 30 a 44 años;121,24999997;
Arriate;2012;Demandantes;Hombres;De 45 a 64 años;147,50000002;
Arriate;2012;Demandantes;Hombres;TOTAL;327,24999999;
Arriate;2012;Demandantes;Mujeres;De 16 a 29 años;67,91666667;
Arriate;2012;Demandantes;Mujeres;De 30 a 44 años;118,5;
Arriate;2012;Demandantes;Mujeres;De 45 a 64 años;69,25000001;
Arriate;2012;Demandantes;Mujeres;TOTAL;255,66666668;
Arriate;2012;Demandantes;Ambos sexos;De 16 a 29 años;126,41666667;
Arriate;2012;Demandantes;Ambos sexos;De 30 a 44 años;239,74999997;
Arriate;2012;Demandantes;Ambos sexos;De 45 a 64 años;216,75000003;
Arriate;2012;Demandantes;Ambos sexos;TOTAL;582,91666667;
Atajate;2010;Demandantes;Hombres;De 16 a 29 años;4,08333332;
Atajate;2010;Demandantes;Hombres;De 30 a 44 años;1,91666667;
Atajate;2010;Demandantes;Hombres;De 45 a 64 años;2,33333333;
Atajate;2010;Demandantes;Hombres;TOTAL;8,33333332;
Atajate;2010;Demandantes;Mujeres;De 16 a 29 años;1,66666667;
Atajate;2010;Demandantes;Mujeres;De 30 a 44 años;3,25;
Atajate;2010;Demandantes;Mujeres;De 45 a 64 años;3;
Atajate;2010;Demandantes;Mujeres;TOTAL;7,91666667;
Atajate;2010;Demandantes;Ambos sexos;De 16 a 29 años;5,74999999;
Atajate;2010;Demandantes;Ambos sexos;De 30 a 44 años;5,16666667;
Atajate;2010;Demandantes;Ambos sexos;De 45 a 64 años;5,33333333;
Atajate;2010;Demandantes;Ambos sexos;TOTAL;16,24999999;
Atajate;2011;Demandantes;Hombres;De 16 a 29 años;4,16666667;
Atajate;2011;Demandantes;Hombres;De 30 a 44 años;4,66666666;
Atajate;2011;Demandantes;Hombres;De 45 a 64 años;6,25;
Atajate;2011;Demandantes;Hombres;TOTAL;15,08333333;
Atajate;2011;Demandantes;Mujeres;De 16 a 29 años;1,74999999;
Atajate;2011;Demandantes;Mujeres;De 30 a 44 años;2,91666666;
Atajate;2011;Demandantes;Mujeres;De 45 a 64 años;2,33333333;
Atajate;2011;Demandantes;Mujeres;TOTAL;6,99999998;
Atajate;2011;Demandantes;Ambos sexos;De 16 a 29 años;5,91666666;
Atajate;2011;Demandantes;Ambos sexos;De 30 a 44 años;7,58333332;
Atajate;2011;Demandantes;Ambos sexos;De 45 a 64 años;8,58333333;
Atajate;2011;Demandantes;Ambos sexos;TOTAL;22,08333331;
Atajate;2012;Demandantes;Hombres;De 16 a 29 años;4,33333332;
Atajate;2012;Demandantes;Hombres;De 30 a 44 años;7,75000001;
Atajate;2012;Demandantes;Hombres;De 45 a 64 años;8,91666666;
Atajate;2012;Demandantes;Hombres;TOTAL;20,99999999;
Atajate;2012;Demandantes;Mujeres;De 16 a 29 años;2,33333333;
Atajate;2012;Demandantes;Mujeres;De 30 a 44 años;2,25;
Atajate;2012;Demandantes;Mujeres;De 45 a 64 años;2,58333334;
Atajate;2012;Demandantes;Mujeres;TOTAL;7,16666667;
Atajate;2012;Demandantes;Ambos sexos;De 16 a 29 años;6,66666665;
Atajate;2012;Demandantes;Ambos sexos;De 30 a 44 años;10,00000001;
Atajate;2012;Demandantes;Ambos sexos;De 45 a 64 años;11,5;
Atajate;2012;Demandantes;Ambos sexos;TOTAL;28,16666666;
Benadalid;2010;Demandantes;Hombres;De 16 a 29 años;1,08333333;
Benadalid;2010;Demandantes;Hombres;De 30 a 44 años;6,66666667;
Benadalid;2010;Demandantes;Hombres;De 45 a 64 años;1,83333334;
Benadalid;2010;Demandantes;Hombres;TOTAL;9,58333334;
Benadalid;2010;Demandantes;Mujeres;De 16 a 29 años;2,5;
Benadalid;2010;Demandantes;Mujeres;De 30 a 44 años;3,50000001;
Benadalid;2010;Demandantes;Mujeres;De 45 a 64 años;3,58333333;
Benadalid;2010;Demandantes;Mujeres;TOTAL;9,58333334;
Benadalid;2010;Demandantes;Ambos sexos;De 16 a 29 años;3,58333333;
Benadalid;2010;Demandantes;Ambos sexos;De 30 a 44 años;10,16666668;
Benadalid;2010;Demandantes;Ambos sexos;De 45 a 64 años;5,41666667;
Benadalid;2010;Demandantes;Ambos sexos;TOTAL;19,16666668;
Benadalid;2011;Demandantes;Hombres;De 16 a 29 años;0,91666667;
Benadalid;2011;Demandantes;Hombres;De 30 a 44 años;7,33333334;
Benadalid;2011;Demandantes;Hombres;De 45 a 64 años;4,41666667;
Benadalid;2011;Demandantes;Hombres;TOTAL;12,66666668;
Benadalid;2011;Demandantes;Mujeres;De 16 a 29 años;0,58333333;
Benadalid;2011;Demandantes;Mujeres;De 30 a 44 años;3,91666666;
Benadalid;2011;Demandantes;Mujeres;De 45 a 64 años;4,5;
Benadalid;2011;Demandantes;Mujeres;TOTAL;8,99999999;
Benadalid;2011;Demandantes;Ambos sexos;De 16 a 29 años;1,5;
Benadalid;2011;Demandantes;Ambos sexos;De 30 a 44 años;11,25;
Benadalid;2011;Demandantes;Ambos sexos;De 45 a 64 años;8,91666667;
Benadalid;2011;Demandantes;Ambos sexos;TOTAL;21,66666667;
Benadalid;2012;Demandantes;Hombres;De 16 a 29 años;1,16666667;
Benadalid;2012;Demandantes;Hombres;De 30 a 44 años;5,66666666;
Benadalid;2012;Demandantes;Hombres;De 45 a 64 años;7,41666665;
Benadalid;2012;Demandantes;Hombres;TOTAL;14,24999998;
Benadalid;2012;Demandantes;Mujeres;De 16 a 29 años;1,58333333;
Benadalid;2012;Demandantes;Mujeres;De 30 a 44 años;5,75;
Benadalid;2012;Demandantes;Mujeres;De 45 a 64 años;5,83333334;
Benadalid;2012;Demandantes;Mujeres;TOTAL;13,16666667;
Benadalid;2012;Demandantes;Ambos sexos;De 16 a 29 años;2,75;
Benadalid;2012;Demandantes;Ambos sexos;De 30 a 44 años;11,41666666;
Benadalid;2012;Demandantes;Ambos sexos;De 45 a 64 años;13,24999999;
Benadalid;2012;Demandantes;Ambos sexos;TOTAL;27,41666665;
Benahavís;2010;Demandantes;Hombres;De 16 a 29 años;12,08333332;
Benahavís;2010;Demandantes;Hombres;De 30 a 44 años;46,25;
Benahavís;2010;Demandantes;Hombres;De 45 a 64 años;28,25000002;
Benahavís;2010;Demandantes;Hombres;TOTAL;86,58333334;
Benahavís;2010;Demandantes;Mujeres;De 16 a 29 años;19,66666666;
Benahavís;2010;Demandantes;Mujeres;De 30 a 44 años;69,74999999;
Benahavís;2010;Demandantes;Mujeres;De 45 a 64 años;35;
Benahavís;2010;Demandantes;Mujeres;TOTAL;124,41666665;
Benahavís;2010;Demandantes;Ambos sexos;De 16 a 29 años;31,74999998;
Benahavís;2010;Demandantes;Ambos sexos;De 30 a 44 años;115,99999999;
Benahavís;2010;Demandantes;Ambos sexos;De 45 a 64 años;63,25000002;
Benahavís;2010;Demandantes;Ambos sexos;TOTAL;210,99999999;
Benahavís;2011;Demandantes;Hombres;De 16 a 29 años;16,33333333;
Benahavís;2011;Demandantes;Hombres;De 30 a 44 años;43,83333332;
Benahavís;2011;Demandantes;Hombres;De 45 a 64 años;28,91666667;
Benahavís;2011;Demandantes;Hombres;TOTAL;89,08333332;
Benahavís;2011;Demandantes;Mujeres;De 16 a 29 años;22,33333333;
Benahavís;2011;Demandantes;Mujeres;De 30 a 44 años;64,83333333;
Benahavís;2011;Demandantes;Mujeres;De 45 a 64 años;39,49999998;
Benahavís;2011;Demandantes;Mujeres;TOTAL;126,66666664;
Benahavís;2011;Demandantes;Ambos sexos;De 16 a 29 años;38,66666666;
Benahavís;2011;Demandantes;Ambos sexos;De 30 a 44 años;108,66666665;
Benahavís;2011;Demandantes;Ambos sexos;De 45 a 64 años;68,41666665;
Benahavís;2011;Demandantes;Ambos sexos;TOTAL;215,74999996;
Benahavís;2012;Demandantes;Hombres;De 16 a 29 años;17,91666666;
Benahavís;2012;Demandantes;Hombres;De 30 a 44 años;43,16666666;
Benahavís;2012;Demandantes;Hombres;De 45 a 64 años;32,49999998;
Benahavís;2012;Demandantes;Hombres;TOTAL;93,5833333;
Benahavís;2012;Demandantes;Mujeres;De 16 a 29 años;15,58333333;
Benahavís;2012;Demandantes;Mujeres;De 30 a 44 años;68,08333334;
Benahavís;2012;Demandantes;Mujeres;De 45 a 64 años;41,25000001;
Benahavís;2012;Demandantes;Mujeres;TOTAL;124,91666668;
Benahavís;2012;Demandantes;Ambos sexos;De 16 a 29 años;33,49999999;
Benahavís;2012;Demandantes;Ambos sexos;De 30 a 44 años;111,25;
Benahavís;2012;Demandantes;Ambos sexos;De 45 a 64 años;73,74999999;
Benahavís;2012;Demandantes;Ambos sexos;TOTAL;218,49999998;
Benalauría;2010;Demandantes;Hombres;De 16 a 29 años;10,75;
Benalauría;2010;Demandantes;Hombres;De 30 a 44 años;12,66666668;
Benalauría;2010;Demandantes;Hombres;De 45 a 64 años;7,75000001;
Benalauría;2010;Demandantes;Hombres;TOTAL;31,16666669;
Benalauría;2010;Demandantes;Mujeres;De 16 a 29 años;7,33333333;
Benalauría;2010;Demandantes;Mujeres;De 30 a 44 años;8,24999999;
Benalauría;2010;Demandantes;Mujeres;De 45 a 64 años;6,83333333;
Benalauría;2010;Demandantes;Mujeres;TOTAL;22,41666665;
Benalauría;2010;Demandantes;Ambos sexos;De 16 a 29 años;18,08333333;
Benalauría;2010;Demandantes;Ambos sexos;De 30 a 44 años;20,91666667;
Benalauría;2010;Demandantes;Ambos sexos;De 45 a 64 años;14,58333334;
Benalauría;2010;Demandantes;Ambos sexos;TOTAL;53,58333334;
Benalauría;2011;Demandantes;Hombres;De 16 a 29 años;9,41666667;
Benalauría;2011;Demandantes;Hombres;De 30 a 44 años;9,91666666;
Benalauría;2011;Demandantes;Hombres;De 45 a 64 años;9,58333332;
Benalauría;2011;Demandantes;Hombres;TOTAL;28,91666665;
Benalauría;2011;Demandantes;Mujeres;De 16 a 29 años;9,24999999;
Benalauría;2011;Demandantes;Mujeres;De 30 a 44 años;9,58333333;
Benalauría;2011;Demandantes;Mujeres;De 45 a 64 años;5,25;
Benalauría;2011;Demandantes;Mujeres;TOTAL;24,08333332;
Benalauría;2011;Demandantes;Ambos sexos;De 16 a 29 años;18,66666666;
Benalauría;2011;Demandantes;Ambos sexos;De 30 a 44 años;19,49999999;
Benalauría;2011;Demandantes;Ambos sexos;De 45 a 64 años;14,83333332;
Benalauría;2011;Demandantes;Ambos sexos;TOTAL;52,99999997;
Benalauría;2012;Demandantes;Hombres;De 16 a 29 años;9,58333333;
Benalauría;2012;Demandantes;Hombres;De 30 a 44 años;8,66666665;
Benalauría;2012;Demandantes;Hombres;De 45 a 64 años;8,16666666;
Benalauría;2012;Demandantes;Hombres;TOTAL;26,41666664;
Benalauría;2012;Demandantes;Mujeres;De 16 a 29 años;8;
Benalauría;2012;Demandantes;Mujeres;De 30 a 44 años;8,16666666;
Benalauría;2012;Demandantes;Mujeres;De 45 a 64 años;6,16666668;
Benalauría;2012;Demandantes;Mujeres;TOTAL;22,33333334;
Benalauría;2012;Demandantes;Ambos sexos;De 16 a 29 años;17,58333333;
Benalauría;2012;Demandantes;Ambos sexos;De 30 a 44 años;16,83333331;
Benalauría;2012;Demandantes;Ambos sexos;De 45 a 64 años;14,33333334;
Benalauría;2012;Demandantes;Ambos sexos;TOTAL;48,74999998;
Benalmádena;2010;Demandantes;Hombres;De 16 a 29 años;612,16666668;
Benalmádena;2010;Demandantes;Hombres;De 30 a 44 años;1264,08333329;
Benalmádena;2010;Demandantes;Hombres;De 45 a 64 años;972,58333335;
Benalmádena;2010;Demandantes;Hombres;TOTAL;2848,83333332;
Benalmádena;2010;Demandantes;Mujeres;De 16 a 29 años;646,58333332;
Benalmádena;2010;Demandantes;Mujeres;De 30 a 44 años;1524,66666663;
Benalmádena;2010;Demandantes;Mujeres;De 45 a 64 años;1348,24999998;
Benalmádena;2010;Demandantes;Mujeres;TOTAL;3519,49999993;
Benalmádena;2010;Demandantes;Ambos sexos;De 16 a 29 años;1258,75;
Benalmádena;2010;Demandantes;Ambos sexos;De 30 a 44 años;2788,74999992;
Benalmádena;2010;Demandantes;Ambos sexos;De 45 a 64 años;2320,83333333;
Benalmádena;2010;Demandantes;Ambos sexos;TOTAL;6368,33333325;
Benalmádena;2011;Demandantes;Hombres;De 16 a 29 años;637,91666666;
Benalmádena;2011;Demandantes;Hombres;De 30 a 44 años;1276,58333333;
Benalmádena;2011;Demandantes;Hombres;De 45 a 64 años;1088,75;
Benalmádena;2011;Demandantes;Hombres;TOTAL;3003,24999999;
Benalmádena;2011;Demandantes;Mujeres;De 16 a 29 años;737,41666664;
Benalmádena;2011;Demandantes;Mujeres;De 30 a 44 años;1609,58333338;
Benalmádena;2011;Demandantes;Mujeres;De 45 a 64 años;1462,58333336;
Benalmádena;2011;Demandantes;Mujeres;TOTAL;3809,58333338;
Benalmádena;2011;Demandantes;Ambos sexos;De 16 a 29 años;1375,3333333;
Benalmádena;2011;Demandantes;Ambos sexos;De 30 a 44 años;2886,16666671;
Benalmádena;2011;Demandantes;Ambos sexos;De 45 a 64 años;2551,33333336;
Benalmádena;2011;Demandantes;Ambos sexos;TOTAL;6812,83333337;
Benalmádena;2012;Demandantes;Hombres;De 16 a 29 años;635,74999997;
Benalmádena;2012;Demandantes;Hombres;De 30 a 44 años;1309,83333335;
Benalmádena;2012;Demandantes;Hombres;De 45 a 64 años;1242,58333335;
Benalmádena;2012;Demandantes;Hombres;TOTAL;3188,16666667;
Benalmádena;2012;Demandantes;Mujeres;De 16 a 29 años;768,24999998;
Benalmádena;2012;Demandantes;Mujeres;De 30 a 44 años;1733,91666667;
Benalmádena;2012;Demandantes;Mujeres;De 45 a 64 años;1610,49999997;
Benalmádena;2012;Demandantes;Mujeres;TOTAL;4112,66666662;
Benalmádena;2012;Demandantes;Ambos sexos;De 16 a 29 años;1403,99999995;
Benalmádena;2012;Demandantes;Ambos sexos;De 30 a 44 años;3043,75000002;
Benalmádena;2012;Demandantes;Ambos sexos;De 45 a 64 años;2853,08333332;
Benalmádena;2012;Demandantes;Ambos sexos;TOTAL;7300,83333329;
Benamargosa;2010;Demandantes;Hombres;De 16 a 29 años;21,74999999;
Benamargosa;2010;Demandantes;Hombres;De 30 a 44 años;27,5;
Benamargosa;2010;Demandantes;Hombres;De 45 a 64 años;14,41666665;
Benamargosa;2010;Demandantes;Hombres;TOTAL;63,66666664;
Benamargosa;2010;Demandantes;Mujeres;De 16 a 29 años;9,83333333;
Benamargosa;2010;Demandantes;Mujeres;De 30 a 44 años;7,83333332;
Benamargosa;2010;Demandantes;Mujeres;De 45 a 64 años;1,74999999;
Benamargosa;2010;Demandantes;Mujeres;TOTAL;19,41666664;
Benamargosa;2010;Demandantes;Ambos sexos;De 16 a 29 años;31,58333332;
Benamargosa;2010;Demandantes;Ambos sexos;De 30 a 44 años;35,33333332;
Benamargosa;2010;Demandantes;Ambos sexos;De 45 a 64 años;16,16666664;
Benamargosa;2010;Demandantes;Ambos sexos;TOTAL;83,08333328;
Benamargosa;2011;Demandantes;Hombres;De 16 a 29 años;25,66666667;
Benamargosa;2011;Demandantes;Hombres;De 30 a 44 años;35,00000002;
Benamargosa;2011;Demandantes;Hombres;De 45 a 64 años;20,08333333;
Benamargosa;2011;Demandantes;Hombres;TOTAL;80,75000002;
Benamargosa;2011;Demandantes;Mujeres;De 16 a 29 años;12,99999999;
Benamargosa;2011;Demandantes;Mujeres;De 30 a 44 años;10,74999999;
Benamargosa;2011;Demandantes;Mujeres;De 45 a 64 años;4,08333334;
Benamargosa;2011;Demandantes;Mujeres;TOTAL;27,83333332;
Benamargosa;2011;Demandantes;Ambos sexos;De 16 a 29 años;38,66666666;
Benamargosa;2011;Demandantes;Ambos sexos;De 30 a 44 años;45,75000001;
Benamargosa;2011;Demandantes;Ambos sexos;De 45 a 64 años;24,16666667;
Benamargosa;2011;Demandantes;Ambos sexos;TOTAL;108,58333334;
Benamargosa;2012;Demandantes;Hombres;De 16 a 29 años;22,58333333;
Benamargosa;2012;Demandantes;Hombres;De 30 a 44 años;32,49999999;
Benamargosa;2012;Demandantes;Hombres;De 45 a 64 años;28,33333333;
Benamargosa;2012;Demandantes;Hombres;TOTAL;83,41666665;
Benamargosa;2012;Demandantes;Mujeres;De 16 a 29 años;20,99999998;
Benamargosa;2012;Demandantes;Mujeres;De 30 a 44 años;12,99999998;
Benamargosa;2012;Demandantes;Mujeres;De 45 a 64 años;4,75;
Benamargosa;2012;Demandantes;Mujeres;TOTAL;38,74999996;
Benamargosa;2012;Demandantes;Ambos sexos;De 16 a 29 años;43,58333331;
Benamargosa;2012;Demandantes;Ambos sexos;De 30 a 44 años;45,49999997;
Benamargosa;2012;Demandantes;Ambos sexos;De 45 a 64 años;33,08333333;
Benamargosa;2012;Demandantes;Ambos sexos;TOTAL;122,16666661;
Benamocarra;2010;Demandantes;Hombres;De 16 a 29 años;51,99999999;
Benamocarra;2010;Demandantes;Hombres;De 30 a 44 años;76,24999999;
Benamocarra;2010;Demandantes;Hombres;De 45 a 64 años;51,33333333;
Benamocarra;2010;Demandantes;Hombres;TOTAL;179,58333331;
Benamocarra;2010;Demandantes;Mujeres;De 16 a 29 años;26,83333333;
Benamocarra;2010;Demandantes;Mujeres;De 30 a 44 años;35,99999999;
Benamocarra;2010;Demandantes;Mujeres;De 45 a 64 años;6,41666666;
Benamocarra;2010;Demandantes;Mujeres;TOTAL;69,24999998;
Benamocarra;2010;Demandantes;Ambos sexos;De 16 a 29 años;78,83333332;
Benamocarra;2010;Demandantes;Ambos sexos;De 30 a 44 años;112,24999998;
Benamocarra;2010;Demandantes;Ambos sexos;De 45 a 64 años;57,74999999;
Benamocarra;2010;Demandantes;Ambos sexos;TOTAL;248,83333329;
Benamocarra;2011;Demandantes;Hombres;De 16 a 29 años;43,83333336;
Benamocarra;2011;Demandantes;Hombres;De 30 a 44 años;74,33333333;
Benamocarra;2011;Demandantes;Hombres;De 45 a 64 años;55,83333335;
Benamocarra;2011;Demandantes;Hombres;TOTAL;174,00000004;
Benamocarra;2011;Demandantes;Mujeres;De 16 a 29 años;31,66666666;
Benamocarra;2011;Demandantes;Mujeres;De 30 a 44 años;36,74999999;
Benamocarra;2011;Demandantes;Mujeres;De 45 a 64 años;6,75;
Benamocarra;2011;Demandantes;Mujeres;TOTAL;75,16666665;
Benamocarra;2011;Demandantes;Ambos sexos;De 16 a 29 años;75,50000002;
Benamocarra;2011;Demandantes;Ambos sexos;De 30 a 44 años;111,08333332;
Benamocarra;2011;Demandantes;Ambos sexos;De 45 a 64 años;62,58333335;
Benamocarra;2011;Demandantes;Ambos sexos;TOTAL;249,16666669;
Benamocarra;2012;Demandantes;Hombres;De 16 a 29 años;50,08333333;
Benamocarra;2012;Demandantes;Hombres;De 30 a 44 años;95,66666668;
Benamocarra;2012;Demandantes;Hombres;De 45 a 64 años;70,75;
Benamocarra;2012;Demandantes;Hombres;TOTAL;216,50000001;
Benamocarra;2012;Demandantes;Mujeres;De 16 a 29 años;38,83333333;
Benamocarra;2012;Demandantes;Mujeres;De 30 a 44 años;36,75;
Benamocarra;2012;Demandantes;Mujeres;De 45 a 64 años;8,25000001;
Benamocarra;2012;Demandantes;Mujeres;TOTAL;83,83333334;
Benamocarra;2012;Demandantes;Ambos sexos;De 16 a 29 años;88,91666666;
Benamocarra;2012;Demandantes;Ambos sexos;De 30 a 44 años;132,41666668;
Benamocarra;2012;Demandantes;Ambos sexos;De 45 a 64 años;79,00000001;
Benamocarra;2012;Demandantes;Ambos sexos;TOTAL;300,33333335;
Benaoján;2010;Demandantes;Hombres;De 16 a 29 años;39,24999998;
Benaoján;2010;Demandantes;Hombres;De 30 a 44 años;41,08333335;
Benaoján;2010;Demandantes;Hombres;De 45 a 64 años;47,33333333;
Benaoján;2010;Demandantes;Hombres;TOTAL;127,66666666;
Benaoján;2010;Demandantes;Mujeres;De 16 a 29 años;33,41666667;
Benaoján;2010;Demandantes;Mujeres;De 30 a 44 años;34,91666667;
Benaoján;2010;Demandantes;Mujeres;De 45 a 64 años;35,33333334;
Benaoján;2010;Demandantes;Mujeres;TOTAL;103,66666668;
Benaoján;2010;Demandantes;Ambos sexos;De 16 a 29 años;72,66666665;
Benaoján;2010;Demandantes;Ambos sexos;De 30 a 44 años;76,00000002;
Benaoján;2010;Demandantes;Ambos sexos;De 45 a 64 años;82,66666667;
Benaoján;2010;Demandantes;Ambos sexos;TOTAL;231,33333334;
Benaoján;2011;Demandantes;Hombres;De 16 a 29 años;30,58333331;
Benaoján;2011;Demandantes;Hombres;De 30 a 44 años;35,91666668;
Benaoján;2011;Demandantes;Hombres;De 45 a 64 años;48,66666667;
Benaoján;2011;Demandantes;Hombres;TOTAL;115,16666666;
Benaoján;2011;Demandantes;Mujeres;De 16 a 29 años;32,33333332;
Benaoján;2011;Demandantes;Mujeres;De 30 a 44 años;33,16666668;
Benaoján;2011;Demandantes;Mujeres;De 45 a 64 años;39,75000001;
Benaoján;2011;Demandantes;Mujeres;TOTAL;105,25000001;
Benaoján;2011;Demandantes;Ambos sexos;De 16 a 29 años;62,91666663;
Benaoján;2011;Demandantes;Ambos sexos;De 30 a 44 años;69,08333336;
Benaoján;2011;Demandantes;Ambos sexos;De 45 a 64 años;88,41666668;
Benaoján;2011;Demandantes;Ambos sexos;TOTAL;220,41666667;
Benaoján;2012;Demandantes;Hombres;De 16 a 29 años;31,83333333;
Benaoján;2012;Demandantes;Hombres;De 30 a 44 años;39,16666668;
Benaoján;2012;Demandantes;Hombres;De 45 a 64 años;63,16666666;
Benaoján;2012;Demandantes;Hombres;TOTAL;134,16666667;
Benaoján;2012;Demandantes;Mujeres;De 16 a 29 años;31,00000001;
Benaoján;2012;Demandantes;Mujeres;De 30 a 44 años;39,41666668;
Benaoján;2012;Demandantes;Mujeres;De 45 a 64 años;45,58333332;
Benaoján;2012;Demandantes;Mujeres;TOTAL;116,00000001;
Benaoján;2012;Demandantes;Ambos sexos;De 16 a 29 años;62,83333334;
Benaoján;2012;Demandantes;Ambos sexos;De 30 a 44 años;78,58333336;
Benaoján;2012;Demandantes;Ambos sexos;De 45 a 64 años;108,74999998;
Benaoján;2012;Demandantes;Ambos sexos;TOTAL;250,16666668;
Benarrabá;2010;Demandantes;Hombres;De 16 a 29 años;9,91666668;
Benarrabá;2010;Demandantes;Hombres;De 30 a 44 años;15,58333333;
Benarrabá;2010;Demandantes;Hombres;De 45 a 64 años;13,91666666;
Benarrabá;2010;Demandantes;Hombres;TOTAL;39,41666667;
Benarrabá;2010;Demandantes;Mujeres;De 16 a 29 años;11,00000001;
Benarrabá;2010;Demandantes;Mujeres;De 30 a 44 años;9,58333335;
Benarrabá;2010;Demandantes;Mujeres;De 45 a 64 años;10,33333334;
Benarrabá;2010;Demandantes;Mujeres;TOTAL;30,9166667;
Benarrabá;2010;Demandantes;Ambos sexos;De 16 a 29 años;20,91666669;
Benarrabá;2010;Demandantes;Ambos sexos;De 30 a 44 años;25,16666668;
Benarrabá;2010;Demandantes;Ambos sexos;De 45 a 64 años;24,25;
Benarrabá;2010;Demandantes;Ambos sexos;TOTAL;70,33333337;
Benarrabá;2011;Demandantes;Hombres;De 16 a 29 años;11,33333333;
Benarrabá;2011;Demandantes;Hombres;De 30 a 44 años;14,83333333;
Benarrabá;2011;Demandantes;Hombres;De 45 a 64 años;14,25;
Benarrabá;2011;Demandantes;Hombres;TOTAL;40,41666666;
Benarrabá;2011;Demandantes;Mujeres;De 16 a 29 años;8,33333333;
Benarrabá;2011;Demandantes;Mujeres;De 30 a 44 años;8,66666667;
Benarrabá;2011;Demandantes;Mujeres;De 45 a 64 años;12,49999999;
Benarrabá;2011;Demandantes;Mujeres;TOTAL;29,49999999;
Benarrabá;2011;Demandantes;Ambos sexos;De 16 a 29 años;19,66666666;
Benarrabá;2011;Demandantes;Ambos sexos;De 30 a 44 años;23,5;
Benarrabá;2011;Demandantes;Ambos sexos;De 45 a 64 años;26,74999999;
Benarrabá;2011;Demandantes;Ambos sexos;TOTAL;69,91666665;
Benarrabá;2012;Demandantes;Hombres;De 16 a 29 años;9,5;
Benarrabá;2012;Demandantes;Hombres;De 30 a 44 años;16,16666668;
Benarrabá;2012;Demandantes;Hombres;De 45 a 64 años;16,08333334;
Benarrabá;2012;Demandantes;Hombres;TOTAL;41,75000002;
Benarrabá;2012;Demandantes;Mujeres;De 16 a 29 años;5,75;
Benarrabá;2012;Demandantes;Mujeres;De 30 a 44 años;10,5;
Benarrabá;2012;Demandantes;Mujeres;De 45 a 64 años;13,83333333;
Benarrabá;2012;Demandantes;Mujeres;TOTAL;30,08333333;
Benarrabá;2012;Demandantes;Ambos sexos;De 16 a 29 años;15,25;
Benarrabá;2012;Demandantes;Ambos sexos;De 30 a 44 años;26,66666668;
Benarrabá;2012;Demandantes;Ambos sexos;De 45 a 64 años;29,91666667;
Benarrabá;2012;Demandantes;Ambos sexos;TOTAL;71,83333335;
Campillos;2010;Demandantes;Hombres;De 16 a 29 años;133,25;
Campillos;2010;Demandantes;Hombres;De 30 a 44 años;135,58333333;
Campillos;2010;Demandantes;Hombres;De 45 a 64 años;152,08333331;
Campillos;2010;Demandantes;Hombres;TOTAL;420,91666664;
Campillos;2010;Demandantes;Mujeres;De 16 a 29 años;124,66666664;
Campillos;2010;Demandantes;Mujeres;De 30 a 44 años;166,25;
Campillos;2010;Demandantes;Mujeres;De 45 a 64 años;116,24999999;
Campillos;2010;Demandantes;Mujeres;TOTAL;407,16666663;
Campillos;2010;Demandantes;Ambos sexos;De 16 a 29 años;257,91666664;
Campillos;2010;Demandantes;Ambos sexos;De 30 a 44 años;301,83333333;
Campillos;2010;Demandantes;Ambos sexos;De 45 a 64 años;268,3333333;
Campillos;2010;Demandantes;Ambos sexos;TOTAL;828,08333327;
Campillos;2011;Demandantes;Hombres;De 16 a 29 años;139,91666667;
Campillos;2011;Demandantes;Hombres;De 30 a 44 años;143,66666665;
Campillos;2011;Demandantes;Hombres;De 45 a 64 años;163,91666665;
Campillos;2011;Demandantes;Hombres;TOTAL;447,49999997;
Campillos;2011;Demandantes;Mujeres;De 16 a 29 años;147,08333333;
Campillos;2011;Demandantes;Mujeres;De 30 a 44 años;164,66666668;
Campillos;2011;Demandantes;Mujeres;De 45 a 64 años;133,16666666;
Campillos;2011;Demandantes;Mujeres;TOTAL;444,91666667;
Campillos;2011;Demandantes;Ambos sexos;De 16 a 29 años;287;
Campillos;2011;Demandantes;Ambos sexos;De 30 a 44 años;308,33333333;
Campillos;2011;Demandantes;Ambos sexos;De 45 a 64 años;297,08333331;
Campillos;2011;Demandantes;Ambos sexos;TOTAL;892,41666664;
Campillos;2012;Demandantes;Hombres;De 16 a 29 años;140,50000001;
Campillos;2012;Demandantes;Hombres;De 30 a 44 años;158,58333334;
Campillos;2012;Demandantes;Hombres;De 45 a 64 años;189,33333334;
Campillos;2012;Demandantes;Hombres;TOTAL;488,41666669;
Campillos;2012;Demandantes;Mujeres;De 16 a 29 años;172,99999999;
Campillos;2012;Demandantes;Mujeres;De 30 a 44 años;174,33333333;
Campillos;2012;Demandantes;Mujeres;De 45 a 64 años;150,49999999;
Campillos;2012;Demandantes;Mujeres;TOTAL;497,83333331;
Campillos;2012;Demandantes;Ambos sexos;De 16 a 29 años;313,5;
Campillos;2012;Demandantes;Ambos sexos;De 30 a 44 años;332,91666667;
Campillos;2012;Demandantes;Ambos sexos;De 45 a 64 años;339,83333333;
Campillos;2012;Demandantes;Ambos sexos;TOTAL;986,25;
Canillas de Aceituno;2010;Demandantes;Hombres;De 16 a 29 años;28,66666666;
Canillas de Aceituno;2010;Demandantes;Hombres;De 30 a 44 años;42,25;
Canillas de Aceituno;2010;Demandantes;Hombres;De 45 a 64 años;54,49999999;
Canillas de Aceituno;2010;Demandantes;Hombres;TOTAL;125,41666665;
Canillas de Aceituno;2010;Demandantes;Mujeres;De 16 a 29 años;18,41666666;
Canillas de Aceituno;2010;Demandantes;Mujeres;De 30 a 44 años;18,91666665;
Canillas de Aceituno;2010;Demandantes;Mujeres;De 45 a 64 años;5,33333334;
Canillas de Aceituno;2010;Demandantes;Mujeres;TOTAL;42,66666665;
Canillas de Aceituno;2010;Demandantes;Ambos sexos;De 16 a 29 años;47,08333332;
Canillas de Aceituno;2010;Demandantes;Ambos sexos;De 30 a 44 años;61,16666665;
Canillas de Aceituno;2010;Demandantes;Ambos sexos;De 45 a 64 años;59,83333333;
Canillas de Aceituno;2010;Demandantes;Ambos sexos;TOTAL;168,0833333;
Canillas de Aceituno;2011;Demandantes;Hombres;De 16 a 29 años;24,66666667;
Canillas de Aceituno;2011;Demandantes;Hombres;De 30 a 44 años;42,83333333;
Canillas de Aceituno;2011;Demandantes;Hombres;De 45 a 64 años;56,58333334;
Canillas de Aceituno;2011;Demandantes;Hombres;TOTAL;124,08333334;
Canillas de Aceituno;2011;Demandantes;Mujeres;De 16 a 29 años;14,83333333;
Canillas de Aceituno;2011;Demandantes;Mujeres;De 30 a 44 años;18,58333335;
Canillas de Aceituno;2011;Demandantes;Mujeres;De 45 a 64 años;5,41666667;
Canillas de Aceituno;2011;Demandantes;Mujeres;TOTAL;38,83333335;
Canillas de Aceituno;2011;Demandantes;Ambos sexos;De 16 a 29 años;39,5;
Canillas de Aceituno;2011;Demandantes;Ambos sexos;De 30 a 44 años;61,41666668;
Canillas de Aceituno;2011;Demandantes;Ambos sexos;De 45 a 64 años;62,00000001;
Canillas de Aceituno;2011;Demandantes;Ambos sexos;TOTAL;162,91666669;
Canillas de Aceituno;2012;Demandantes;Hombres;De 16 a 29 años;34,25000001;
Canillas de Aceituno;2012;Demandantes;Hombres;De 30 a 44 años;45,5;
Canillas de Aceituno;2012;Demandantes;Hombres;De 45 a 64 años;66,50000001;
Canillas de Aceituno;2012;Demandantes;Hombres;TOTAL;146,25000002;
Canillas de Aceituno;2012;Demandantes;Mujeres;De 16 a 29 años;20,83333333;
Canillas de Aceituno;2012;Demandantes;Mujeres;De 30 a 44 años;15,91666666;
Canillas de Aceituno;2012;Demandantes;Mujeres;De 45 a 64 años;7,83333333;
Canillas de Aceituno;2012;Demandantes;Mujeres;TOTAL;44,58333332;
Canillas de Aceituno;2012;Demandantes;Ambos sexos;De 16 a 29 años;55,08333334;
Canillas de Aceituno;2012;Demandantes;Ambos sexos;De 30 a 44 años;61,41666666;
Canillas de Aceituno;2012;Demandantes;Ambos sexos;De 45 a 64 años;74,33333334;
Canillas de Aceituno;2012;Demandantes;Ambos sexos;TOTAL;190,83333334;
Canillas de Albaida;2010;Demandantes;Hombres;De 16 a 29 años;10,58333335;
Canillas de Albaida;2010;Demandantes;Hombres;De 30 a 44 años;8,41666666;
Canillas de Albaida;2010;Demandantes;Hombres;De 45 a 64 años;7,5;
Canillas de Albaida;2010;Demandantes;Hombres;TOTAL;26,50000001;
Canillas de Albaida;2010;Demandantes;Mujeres;De 16 a 29 años;5,83333332;
Canillas de Albaida;2010;Demandantes;Mujeres;De 30 a 44 años;10,08333332;
Canillas de Albaida;2010;Demandantes;Mujeres;De 45 a 64 años;1,75;
Canillas de Albaida;2010;Demandantes;Mujeres;TOTAL;17,66666664;
Canillas de Albaida;2010;Demandantes;Ambos sexos;De 16 a 29 años;16,41666667;
Canillas de Albaida;2010;Demandantes;Ambos sexos;De 30 a 44 años;18,49999998;
Canillas de Albaida;2010;Demandantes;Ambos sexos;De 45 a 64 años;9,25;
Canillas de Albaida;2010;Demandantes;Ambos sexos;TOTAL;44,16666665;
Canillas de Albaida;2011;Demandantes;Hombres;De 16 a 29 años;13,91666668;
Canillas de Albaida;2011;Demandantes;Hombres;De 30 a 44 años;12,08333333;
Canillas de Albaida;2011;Demandantes;Hombres;De 45 a 64 años;11,33333332;
Canillas de Albaida;2011;Demandantes;Hombres;TOTAL;37,33333333;
Canillas de Albaida;2011;Demandantes;Mujeres;De 16 a 29 años;7,66666666;
Canillas de Albaida;2011;Demandantes;Mujeres;De 30 a 44 años;10;
Canillas de Albaida;2011;Demandantes;Mujeres;De 45 a 64 años;1,50000001;
Canillas de Albaida;2011;Demandantes;Mujeres;TOTAL;19,16666667;
Canillas de Albaida;2011;Demandantes;Ambos sexos;De 16 a 29 años;21,58333334;
Canillas de Albaida;2011;Demandantes;Ambos sexos;De 30 a 44 años;22,08333333;
Canillas de Albaida;2011;Demandantes;Ambos sexos;De 45 a 64 años;12,83333333;
Canillas de Albaida;2011;Demandantes;Ambos sexos;TOTAL;56,5;
Canillas de Albaida;2012;Demandantes;Hombres;De 16 a 29 años;17,75000001;
Canillas de Albaida;2012;Demandantes;Hombres;De 30 a 44 años;16,24999999;
Canillas de Albaida;2012;Demandantes;Hombres;De 45 a 64 años;12,99999999;
Canillas de Albaida;2012;Demandantes;Hombres;TOTAL;46,99999999;
Canillas de Albaida;2012;Demandantes;Mujeres;De 16 a 29 años;16,16666667;
Canillas de Albaida;2012;Demandantes;Mujeres;De 30 a 44 años;11,66666666;
Canillas de Albaida;2012;Demandantes;Mujeres;De 45 a 64 años;3,66666668;
Canillas de Albaida;2012;Demandantes;Mujeres;TOTAL;31,50000001;
Canillas de Albaida;2012;Demandantes;Ambos sexos;De 16 a 29 años;33,91666668;
Canillas de Albaida;2012;Demandantes;Ambos sexos;De 30 a 44 años;27,91666665;
Canillas de Albaida;2012;Demandantes;Ambos sexos;De 45 a 64 años;16,66666667;
Canillas de Albaida;2012;Demandantes;Ambos sexos;TOTAL;78,5;
Cañete la Real;2010;Demandantes;Hombres;De 16 a 29 años;26,41666666;
Cañete la Real;2010;Demandantes;Hombres;De 30 a 44 años;40,16666666;
Cañete la Real;2010;Demandantes;Hombres;De 45 a 64 años;33,50000001;
Cañete la Real;2010;Demandantes;Hombres;TOTAL;100,08333333;
Cañete la Real;2010;Demandantes;Mujeres;De 16 a 29 años;21,16666666;
Cañete la Real;2010;Demandantes;Mujeres;De 30 a 44 años;15,41666665;
Cañete la Real;2010;Demandantes;Mujeres;De 45 a 64 años;23,41666668;
Cañete la Real;2010;Demandantes;Mujeres;TOTAL;59,99999999;
Cañete la Real;2010;Demandantes;Ambos sexos;De 16 a 29 años;47,58333332;
Cañete la Real;2010;Demandantes;Ambos sexos;De 30 a 44 años;55,58333331;
Cañete la Real;2010;Demandantes;Ambos sexos;De 45 a 64 años;56,91666669;
Cañete la Real;2010;Demandantes;Ambos sexos;TOTAL;160,08333332;
Cañete la Real;2011;Demandantes;Hombres;De 16 a 29 años;23,25000001;
Cañete la Real;2011;Demandantes;Hombres;De 30 a 44 años;38,00000001;
Cañete la Real;2011;Demandantes;Hombres;De 45 a 64 años;39,25000001;
Cañete la Real;2011;Demandantes;Hombres;TOTAL;100,50000003;
Cañete la Real;2011;Demandantes;Mujeres;De 16 a 29 años;25,08333334;
Cañete la Real;2011;Demandantes;Mujeres;De 30 a 44 años;15,41666664;
Cañete la Real;2011;Demandantes;Mujeres;De 45 a 64 años;22,66666667;
Cañete la Real;2011;Demandantes;Mujeres;TOTAL;63,16666665;
Cañete la Real;2011;Demandantes;Ambos sexos;De 16 a 29 años;48,33333335;
Cañete la Real;2011;Demandantes;Ambos sexos;De 30 a 44 años;53,41666665;
Cañete la Real;2011;Demandantes;Ambos sexos;De 45 a 64 años;61,91666668;
Cañete la Real;2011;Demandantes;Ambos sexos;TOTAL;163,66666668;
Cañete la Real;2012;Demandantes;Hombres;De 16 a 29 años;25,41666667;
Cañete la Real;2012;Demandantes;Hombres;De 30 a 44 años;36,16666666;
Cañete la Real;2012;Demandantes;Hombres;De 45 a 64 años;47;
Cañete la Real;2012;Demandantes;Hombres;TOTAL;108,58333333;
Cañete la Real;2012;Demandantes;Mujeres;De 16 a 29 años;27,16666668;
Cañete la Real;2012;Demandantes;Mujeres;De 30 a 44 años;15,58333334;
Cañete la Real;2012;Demandantes;Mujeres;De 45 a 64 años;24,75;
Cañete la Real;2012;Demandantes;Mujeres;TOTAL;67,50000002;
Cañete la Real;2012;Demandantes;Ambos sexos;De 16 a 29 años;52,58333335;
Cañete la Real;2012;Demandantes;Ambos sexos;De 30 a 44 años;51,75;
Cañete la Real;2012;Demandantes;Ambos sexos;De 45 a 64 años;71,75;
Cañete la Real;2012;Demandantes;Ambos sexos;TOTAL;176,08333335;
Carratraca;2010;Demandantes;Hombres;De 16 a 29 años;13,74999999;
Carratraca;2010;Demandantes;Hombres;De 30 a 44 años;14,25000001;
Carratraca;2010;Demandantes;Hombres;De 45 a 64 años;23,66666667;
Carratraca;2010;Demandantes;Hombres;TOTAL;51,66666667;
Carratraca;2010;Demandantes;Mujeres;De 16 a 29 años;8,91666667;
Carratraca;2010;Demandantes;Mujeres;De 30 a 44 años;6,08333334;
Carratraca;2010;Demandantes;Mujeres;De 45 a 64 años;8,16666667;
Carratraca;2010;Demandantes;Mujeres;TOTAL;23,16666668;
Carratraca;2010;Demandantes;Ambos sexos;De 16 a 29 años;22,66666666;
Carratraca;2010;Demandantes;Ambos sexos;De 30 a 44 años;20,33333335;
Carratraca;2010;Demandantes;Ambos sexos;De 45 a 64 años;31,83333334;
Carratraca;2010;Demandantes;Ambos sexos;TOTAL;74,83333335;
Carratraca;2011;Demandantes;Hombres;De 16 a 29 años;12,75;
Carratraca;2011;Demandantes;Hombres;De 30 a 44 años;17,16666667;
Carratraca;2011;Demandantes;Hombres;De 45 a 64 años;31,00000001;
Carratraca;2011;Demandantes;Hombres;TOTAL;60,91666668;
Carratraca;2011;Demandantes;Mujeres;De 16 a 29 años;9,75000001;
Carratraca;2011;Demandantes;Mujeres;De 30 a 44 años;5,83333333;
Carratraca;2011;Demandantes;Mujeres;De 45 a 64 años;5,16666666;
Carratraca;2011;Demandantes;Mujeres;TOTAL;20,75;
Carratraca;2011;Demandantes;Ambos sexos;De 16 a 29 años;22,50000001;
Carratraca;2011;Demandantes;Ambos sexos;De 30 a 44 años;23;
Carratraca;2011;Demandantes;Ambos sexos;De 45 a 64 años;36,16666667;
Carratraca;2011;Demandantes;Ambos sexos;TOTAL;81,66666668;
Carratraca;2012;Demandantes;Hombres;De 16 a 29 años;12,91666667;
Carratraca;2012;Demandantes;Hombres;De 30 a 44 años;16;
Carratraca;2012;Demandantes;Hombres;De 45 a 64 años;36,33333332;
Carratraca;2012;Demandantes;Hombres;TOTAL;65,24999999;
Carratraca;2012;Demandantes;Mujeres;De 16 a 29 años;12,83333333;
Carratraca;2012;Demandantes;Mujeres;De 30 a 44 años;8,00000001;
Carratraca;2012;Demandantes;Mujeres;De 45 a 64 años;10,16666666;
Carratraca;2012;Demandantes;Mujeres;TOTAL;31;
Carratraca;2012;Demandantes;Ambos sexos;De 16 a 29 años;25,75;
Carratraca;2012;Demandantes;Ambos sexos;De 30 a 44 años;24,00000001;
Carratraca;2012;Demandantes;Ambos sexos;De 45 a 64 años;46,49999998;
Carratraca;2012;Demandantes;Ambos sexos;TOTAL;96,24999999;
Cartajima;2010;Demandantes;Hombres;De 16 a 29 años;0,66666667;
Cartajima;2010;Demandantes;Hombres;De 30 a 44 años;4,08333333;
Cartajima;2010;Demandantes;Hombres;De 45 a 64 años;6,5;
Cartajima;2010;Demandantes;Hombres;TOTAL;11,25;
Cartajima;2010;Demandantes;Mujeres;De 16 a 29 años;1,58333333;
Cartajima;2010;Demandantes;Mujeres;De 30 a 44 años;3,16666667;
Cartajima;2010;Demandantes;Mujeres;De 45 a 64 años;1,33333334;
Cartajima;2010;Demandantes;Mujeres;TOTAL;6,08333334;
Cartajima;2010;Demandantes;Ambos sexos;De 16 a 29 años;2,25;
Cartajima;2010;Demandantes;Ambos sexos;De 30 a 44 años;7,25;
Cartajima;2010;Demandantes;Ambos sexos;De 45 a 64 años;7,83333334;
Cartajima;2010;Demandantes;Ambos sexos;TOTAL;17,33333334;
Cartajima;2011;Demandantes;Hombres;De 16 a 29 años;1,16666667;
Cartajima;2011;Demandantes;Hombres;De 30 a 44 años;2,16666667;
Cartajima;2011;Demandantes;Hombres;De 45 a 64 años;6,99999999;
Cartajima;2011;Demandantes;Hombres;TOTAL;10,33333333;
Cartajima;2011;Demandantes;Mujeres;De 16 a 29 años;1,16666667;
Cartajima;2011;Demandantes;Mujeres;De 30 a 44 años;2,75;
Cartajima;2011;Demandantes;Mujeres;De 45 a 64 años;2,58333333;
Cartajima;2011;Demandantes;Mujeres;TOTAL;6,5;
Cartajima;2011;Demandantes;Ambos sexos;De 16 a 29 años;2,33333334;
Cartajima;2011;Demandantes;Ambos sexos;De 30 a 44 años;4,91666667;
Cartajima;2011;Demandantes;Ambos sexos;De 45 a 64 años;9,58333332;
Cartajima;2011;Demandantes;Ambos sexos;TOTAL;16,83333333;
Cartajima;2012;Demandantes;Hombres;De 16 a 29 años;3,5;
Cartajima;2012;Demandantes;Hombres;De 30 a 44 años;1,66666666;
Cartajima;2012;Demandantes;Hombres;De 45 a 64 años;7,5;
Cartajima;2012;Demandantes;Hombres;TOTAL;12,66666666;
Cartajima;2012;Demandantes;Mujeres;De 16 a 29 años;0,91666667;
Cartajima;2012;Demandantes;Mujeres;De 30 a 44 años;0,91666667;
Cartajima;2012;Demandantes;Mujeres;De 45 a 64 años;4,08333334;
Cartajima;2012;Demandantes;Mujeres;TOTAL;5,91666668;
Cartajima;2012;Demandantes;Ambos sexos;De 16 a 29 años;4,41666667;
Cartajima;2012;Demandantes;Ambos sexos;De 30 a 44 años;2,58333333;
Cartajima;2012;Demandantes;Ambos sexos;De 45 a 64 años;11,58333334;
Cartajima;2012;Demandantes;Ambos sexos;TOTAL;18,58333334;
Cártama;2010;Demandantes;Hombres;De 16 a 29 años;352,16666666;
Cártama;2010;Demandantes;Hombres;De 30 a 44 años;625,41666666;
Cártama;2010;Demandantes;Hombres;De 45 a 64 años;440,99999999;
Cártama;2010;Demandantes;Hombres;TOTAL;1418,58333331;
Cártama;2010;Demandantes;Mujeres;De 16 a 29 años;278,33333334;
Cártama;2010;Demandantes;Mujeres;De 30 a 44 años;646,83333334;
Cártama;2010;Demandantes;Mujeres;De 45 a 64 años;319,33333335;
Cártama;2010;Demandantes;Mujeres;TOTAL;1244,50000003;
Cártama;2010;Demandantes;Ambos sexos;De 16 a 29 años;630,5;
Cártama;2010;Demandantes;Ambos sexos;De 30 a 44 años;1272,25;
Cártama;2010;Demandantes;Ambos sexos;De 45 a 64 años;760,33333334;
Cártama;2010;Demandantes;Ambos sexos;TOTAL;2663,08333334;
Cártama;2011;Demandantes;Hombres;De 16 a 29 años;352,08333334;
Cártama;2011;Demandantes;Hombres;De 30 a 44 años;669,00000001;
Cártama;2011;Demandantes;Hombres;De 45 a 64 años;465,58333334;
Cártama;2011;Demandantes;Hombres;TOTAL;1486,66666669;
Cártama;2011;Demandantes;Mujeres;De 16 a 29 años;301,66666667;
Cártama;2011;Demandantes;Mujeres;De 30 a 44 años;728,25000001;
Cártama;2011;Demandantes;Mujeres;De 45 a 64 años;394,58333334;
Cártama;2011;Demandantes;Mujeres;TOTAL;1424,50000002;
Cártama;2011;Demandantes;Ambos sexos;De 16 a 29 años;653,75000001;
Cártama;2011;Demandantes;Ambos sexos;De 30 a 44 años;1397,25000002;
Cártama;2011;Demandantes;Ambos sexos;De 45 a 64 años;860,16666668;
Cártama;2011;Demandantes;Ambos sexos;TOTAL;2911,16666671;
Cártama;2012;Demandantes;Hombres;De 16 a 29 años;372,33333333;
Cártama;2012;Demandantes;Hombres;De 30 a 44 años;721,49999999;
Cártama;2012;Demandantes;Hombres;De 45 a 64 años;578;
Cártama;2012;Demandantes;Hombres;TOTAL;1671,83333332;
Cártama;2012;Demandantes;Mujeres;De 16 a 29 años;350,41666667;
Cártama;2012;Demandantes;Mujeres;De 30 a 44 años;803,83333334;
Cártama;2012;Demandantes;Mujeres;De 45 a 64 años;479;
Cártama;2012;Demandantes;Mujeres;TOTAL;1633,25000001;
Cártama;2012;Demandantes;Ambos sexos;De 16 a 29 años;722,75;
Cártama;2012;Demandantes;Ambos sexos;De 30 a 44 años;1525,33333333;
Cártama;2012;Demandantes;Ambos sexos;De 45 a 64 años;1057;
Cártama;2012;Demandantes;Ambos sexos;TOTAL;3305,08333333;
Casabermeja;2010;Demandantes;Hombres;De 16 a 29 años;50,16666665;
Casabermeja;2010;Demandantes;Hombres;De 30 a 44 años;76,91666667;
Casabermeja;2010;Demandantes;Hombres;De 45 a 64 años;74,25;
Casabermeja;2010;Demandantes;Hombres;TOTAL;201,33333332;
Casabermeja;2010;Demandantes;Mujeres;De 16 a 29 años;30,83333334;
Casabermeja;2010;Demandantes;Mujeres;De 30 a 44 años;62,99999998;
Casabermeja;2010;Demandantes;Mujeres;De 45 a 64 años;23,83333335;
Casabermeja;2010;Demandantes;Mujeres;TOTAL;117,66666667;
Casabermeja;2010;Demandantes;Ambos sexos;De 16 a 29 años;80,99999999;
Casabermeja;2010;Demandantes;Ambos sexos;De 30 a 44 años;139,91666665;
Casabermeja;2010;Demandantes;Ambos sexos;De 45 a 64 años;98,08333335;
Casabermeja;2010;Demandantes;Ambos sexos;TOTAL;318,99999999;
Casabermeja;2011;Demandantes;Hombres;De 16 a 29 años;43,66666668;
Casabermeja;2011;Demandantes;Hombres;De 30 a 44 años;88,24999999;
Casabermeja;2011;Demandantes;Hombres;De 45 a 64 años;80,16666666;
Casabermeja;2011;Demandantes;Hombres;TOTAL;212,08333333;
Casabermeja;2011;Demandantes;Mujeres;De 16 a 29 años;32,25000002;
Casabermeja;2011;Demandantes;Mujeres;De 30 a 44 años;68,74999999;
Casabermeja;2011;Demandantes;Mujeres;De 45 a 64 años;26,91666667;
Casabermeja;2011;Demandantes;Mujeres;TOTAL;127,91666668;
Casabermeja;2011;Demandantes;Ambos sexos;De 16 a 29 años;75,9166667;
Casabermeja;2011;Demandantes;Ambos sexos;De 30 a 44 años;156,99999998;
Casabermeja;2011;Demandantes;Ambos sexos;De 45 a 64 años;107,08333333;
Casabermeja;2011;Demandantes;Ambos sexos;TOTAL;340,00000001;
Casabermeja;2012;Demandantes;Hombres;De 16 a 29 años;51;
Casabermeja;2012;Demandantes;Hombres;De 30 a 44 años;99,91666666;
Casabermeja;2012;Demandantes;Hombres;De 45 a 64 años;99,66666666;
Casabermeja;2012;Demandantes;Hombres;TOTAL;250,58333332;
Casabermeja;2012;Demandantes;Mujeres;De 16 a 29 años;47,99999998;
Casabermeja;2012;Demandantes;Mujeres;De 30 a 44 años;80,08333334;
Casabermeja;2012;Demandantes;Mujeres;De 45 a 64 años;34,33333332;
Casabermeja;2012;Demandantes;Mujeres;TOTAL;162,41666664;
Casabermeja;2012;Demandantes;Ambos sexos;De 16 a 29 años;98,99999998;
Casabermeja;2012;Demandantes;Ambos sexos;De 30 a 44 años;180;
Casabermeja;2012;Demandantes;Ambos sexos;De 45 a 64 años;133,99999998;
Casabermeja;2012;Demandantes;Ambos sexos;TOTAL;412,99999996;
Casarabonela;2010;Demandantes;Hombres;De 16 a 29 años;28,41666668;
Casarabonela;2010;Demandantes;Hombres;De 30 a 44 años;47,33333333;
Casarabonela;2010;Demandantes;Hombres;De 45 a 64 años;39,83333334;
Casarabonela;2010;Demandantes;Hombres;TOTAL;115,58333335;
Casarabonela;2010;Demandantes;Mujeres;De 16 a 29 años;21,5;
Casarabonela;2010;Demandantes;Mujeres;De 30 a 44 años;35,33333334;
Casarabonela;2010;Demandantes;Mujeres;De 45 a 64 años;22,33333334;
Casarabonela;2010;Demandantes;Mujeres;TOTAL;79,16666668;
Casarabonela;2010;Demandantes;Ambos sexos;De 16 a 29 años;49,91666668;
Casarabonela;2010;Demandantes;Ambos sexos;De 30 a 44 años;82,66666667;
Casarabonela;2010;Demandantes;Ambos sexos;De 45 a 64 años;62,16666668;
Casarabonela;2010;Demandantes;Ambos sexos;TOTAL;194,75000003;
Casarabonela;2011;Demandantes;Hombres;De 16 a 29 años;30,33333332;
Casarabonela;2011;Demandantes;Hombres;De 30 a 44 años;52,83333332;
Casarabonela;2011;Demandantes;Hombres;De 45 a 64 años;44,74999999;
Casarabonela;2011;Demandantes;Hombres;TOTAL;127,91666663;
Casarabonela;2011;Demandantes;Mujeres;De 16 a 29 años;22,58333333;
Casarabonela;2011;Demandantes;Mujeres;De 30 a 44 años;42,99999999;
Casarabonela;2011;Demandantes;Mujeres;De 45 a 64 años;27,16666666;
Casarabonela;2011;Demandantes;Mujeres;TOTAL;92,74999998;
Casarabonela;2011;Demandantes;Ambos sexos;De 16 a 29 años;52,91666665;
Casarabonela;2011;Demandantes;Ambos sexos;De 30 a 44 años;95,83333331;
Casarabonela;2011;Demandantes;Ambos sexos;De 45 a 64 años;71,91666665;
Casarabonela;2011;Demandantes;Ambos sexos;TOTAL;220,66666661;
Casarabonela;2012;Demandantes;Hombres;De 16 a 29 años;40,66666668;
Casarabonela;2012;Demandantes;Hombres;De 30 a 44 años;80,25000001;
Casarabonela;2012;Demandantes;Hombres;De 45 a 64 años;64,66666667;
Casarabonela;2012;Demandantes;Hombres;TOTAL;185,58333336;
Casarabonela;2012;Demandantes;Mujeres;De 16 a 29 años;31,99999999;
Casarabonela;2012;Demandantes;Mujeres;De 30 a 44 años;47,83333333;
Casarabonela;2012;Demandantes;Mujeres;De 45 a 64 años;41,66666668;
Casarabonela;2012;Demandantes;Mujeres;TOTAL;121,5;
Casarabonela;2012;Demandantes;Ambos sexos;De 16 a 29 años;72,66666667;
Casarabonela;2012;Demandantes;Ambos sexos;De 30 a 44 años;128,08333334;
Casarabonela;2012;Demandantes;Ambos sexos;De 45 a 64 años;106,33333335;
Casarabonela;2012;Demandantes;Ambos sexos;TOTAL;307,08333336;
Casares;2010;Demandantes;Hombres;De 16 a 29 años;53,41666667;
Casares;2010;Demandantes;Hombres;De 30 a 44 años;98;
Casares;2010;Demandantes;Hombres;De 45 a 64 años;85,33333333;
Casares;2010;Demandantes;Hombres;TOTAL;236,75;
Casares;2010;Demandantes;Mujeres;De 16 a 29 años;37;
Casares;2010;Demandantes;Mujeres;De 30 a 44 años;91,08333332;
Casares;2010;Demandantes;Mujeres;De 45 a 64 años;61,33333331;
Casares;2010;Demandantes;Mujeres;TOTAL;189,41666663;
Casares;2010;Demandantes;Ambos sexos;De 16 a 29 años;90,41666667;
Casares;2010;Demandantes;Ambos sexos;De 30 a 44 años;189,08333332;
Casares;2010;Demandantes;Ambos sexos;De 45 a 64 años;146,66666664;
Casares;2010;Demandantes;Ambos sexos;TOTAL;426,16666663;
Casares;2011;Demandantes;Hombres;De 16 a 29 años;49,24999999;
Casares;2011;Demandantes;Hombres;De 30 a 44 años;93,24999998;
Casares;2011;Demandantes;Hombres;De 45 a 64 años;82,16666667;
Casares;2011;Demandantes;Hombres;TOTAL;224,66666664;
Casares;2011;Demandantes;Mujeres;De 16 a 29 años;43,33333333;
Casares;2011;Demandantes;Mujeres;De 30 a 44 años;98,83333334;
Casares;2011;Demandantes;Mujeres;De 45 a 64 años;64,33333334;
Casares;2011;Demandantes;Mujeres;TOTAL;206,50000001;
Casares;2011;Demandantes;Ambos sexos;De 16 a 29 años;92,58333332;
Casares;2011;Demandantes;Ambos sexos;De 30 a 44 años;192,08333332;
Casares;2011;Demandantes;Ambos sexos;De 45 a 64 años;146,50000001;
Casares;2011;Demandantes;Ambos sexos;TOTAL;431,16666665;
Casares;2012;Demandantes;Hombres;De 16 a 29 años;56,99999999;
Casares;2012;Demandantes;Hombres;De 30 a 44 años;103,49999999;
Casares;2012;Demandantes;Hombres;De 45 a 64 años;107,75;
Casares;2012;Demandantes;Hombres;TOTAL;268,24999998;
Casares;2012;Demandantes;Mujeres;De 16 a 29 años;51,83333333;
Casares;2012;Demandantes;Mujeres;De 30 a 44 años;119,41666666;
Casares;2012;Demandantes;Mujeres;De 45 a 64 años;81,33333335;
Casares;2012;Demandantes;Mujeres;TOTAL;252,58333334;
Casares;2012;Demandantes;Ambos sexos;De 16 a 29 años;108,83333332;
Casares;2012;Demandantes;Ambos sexos;De 30 a 44 años;222,91666665;
Casares;2012;Demandantes;Ambos sexos;De 45 a 64 años;189,08333335;
Casares;2012;Demandantes;Ambos sexos;TOTAL;520,83333332;
Coín;2010;Demandantes;Hombres;De 16 a 29 años;372,74999997;
Coín;2010;Demandantes;Hombres;De 30 a 44 años;666,33333332;
Coín;2010;Demandantes;Hombres;De 45 a 64 años;460,25;
Coín;2010;Demandantes;Hombres;TOTAL;1499,33333329;
Coín;2010;Demandantes;Mujeres;De 16 a 29 años;268,33333332;
Coín;2010;Demandantes;Mujeres;De 30 a 44 años;476,91666668;
Coín;2010;Demandantes;Mujeres;De 45 a 64 años;278,16666667;
Coín;2010;Demandantes;Mujeres;TOTAL;1023,41666667;
Coín;2010;Demandantes;Ambos sexos;De 16 a 29 años;641,08333329;
Coín;2010;Demandantes;Ambos sexos;De 30 a 44 años;1143,25;
Coín;2010;Demandantes;Ambos sexos;De 45 a 64 años;738,41666667;
Coín;2010;Demandantes;Ambos sexos;TOTAL;2522,74999996;
Coín;2011;Demandantes;Hombres;De 16 a 29 años;380,50000001;
Coín;2011;Demandantes;Hombres;De 30 a 44 años;679,25;
Coín;2011;Demandantes;Hombres;De 45 a 64 años;496,33333334;
Coín;2011;Demandantes;Hombres;TOTAL;1556,08333335;
Coín;2011;Demandantes;Mujeres;De 16 a 29 años;298,16666668;
Coín;2011;Demandantes;Mujeres;De 30 a 44 años;550,75;
Coín;2011;Demandantes;Mujeres;De 45 a 64 años;366,58333334;
Coín;2011;Demandantes;Mujeres;TOTAL;1215,50000002;
Coín;2011;Demandantes;Ambos sexos;De 16 a 29 años;678,66666669;
Coín;2011;Demandantes;Ambos sexos;De 30 a 44 años;1230;
Coín;2011;Demandantes;Ambos sexos;De 45 a 64 años;862,91666668;
Coín;2011;Demandantes;Ambos sexos;TOTAL;2771,58333337;
Coín;2012;Demandantes;Hombres;De 16 a 29 años;402,75000001;
Coín;2012;Demandantes;Hombres;De 30 a 44 años;729,24999998;
Coín;2012;Demandantes;Hombres;De 45 a 64 años;578,49999999;
Coín;2012;Demandantes;Hombres;TOTAL;1710,49999998;
Coín;2012;Demandantes;Mujeres;De 16 a 29 años;336,33333334;
Coín;2012;Demandantes;Mujeres;De 30 a 44 años;654,99999997;
Coín;2012;Demandantes;Mujeres;De 45 a 64 años;472,58333332;
Coín;2012;Demandantes;Mujeres;TOTAL;1463,91666663;
Coín;2012;Demandantes;Ambos sexos;De 16 a 29 años;739,08333335;
Coín;2012;Demandantes;Ambos sexos;De 30 a 44 años;1384,24999995;
Coín;2012;Demandantes;Ambos sexos;De 45 a 64 años;1051,08333331;
Coín;2012;Demandantes;Ambos sexos;TOTAL;3174,41666661;
Colmenar;2010;Demandantes;Hombres;De 16 a 29 años;61,08333333;
Colmenar;2010;Demandantes;Hombres;De 30 a 44 años;86,50000001;
Colmenar;2010;Demandantes;Hombres;De 45 a 64 años;79,91666666;
Colmenar;2010;Demandantes;Hombres;TOTAL;227,5;
Colmenar;2010;Demandantes;Mujeres;De 16 a 29 años;29,91666666;
Colmenar;2010;Demandantes;Mujeres;De 30 a 44 años;47,99999999;
Colmenar;2010;Demandantes;Mujeres;De 45 a 64 años;35,75;
Colmenar;2010;Demandantes;Mujeres;TOTAL;113,66666665;
Colmenar;2010;Demandantes;Ambos sexos;De 16 a 29 años;90,99999999;
Colmenar;2010;Demandantes;Ambos sexos;De 30 a 44 años;134,5;
Colmenar;2010;Demandantes;Ambos sexos;De 45 a 64 años;115,66666666;
Colmenar;2010;Demandantes;Ambos sexos;TOTAL;341,16666665;
Colmenar;2011;Demandantes;Hombres;De 16 a 29 años;54,83333334;
Colmenar;2011;Demandantes;Hombres;De 30 a 44 años;89,49999998;
Colmenar;2011;Demandantes;Hombres;De 45 a 64 años;94,25000001;
Colmenar;2011;Demandantes;Hombres;TOTAL;238,58333333;
Colmenar;2011;Demandantes;Mujeres;De 16 a 29 años;37,25000002;
Colmenar;2011;Demandantes;Mujeres;De 30 a 44 años;53,08333332;
Colmenar;2011;Demandantes;Mujeres;De 45 a 64 años;38,75;
Colmenar;2011;Demandantes;Mujeres;TOTAL;129,08333334;
Colmenar;2011;Demandantes;Ambos sexos;De 16 a 29 años;92,08333336;
Colmenar;2011;Demandantes;Ambos sexos;De 30 a 44 años;142,5833333;
Colmenar;2011;Demandantes;Ambos sexos;De 45 a 64 años;133,00000001;
Colmenar;2011;Demandantes;Ambos sexos;TOTAL;367,66666667;
Colmenar;2012;Demandantes;Hombres;De 16 a 29 años;62,41666666;
Colmenar;2012;Demandantes;Hombres;De 30 a 44 años;101,83333333;
Colmenar;2012;Demandantes;Hombres;De 45 a 64 años;105,33333333;
Colmenar;2012;Demandantes;Hombres;TOTAL;269,58333332;
Colmenar;2012;Demandantes;Mujeres;De 16 a 29 años;51;
Colmenar;2012;Demandantes;Mujeres;De 30 a 44 años;69,24999999;
Colmenar;2012;Demandantes;Mujeres;De 45 a 64 años;31,5;
Colmenar;2012;Demandantes;Mujeres;TOTAL;151,74999999;
Colmenar;2012;Demandantes;Ambos sexos;De 16 a 29 años;113,41666666;
Colmenar;2012;Demandantes;Ambos sexos;De 30 a 44 años;171,08333332;
Colmenar;2012;Demandantes;Ambos sexos;De 45 a 64 años;136,83333333;
Colmenar;2012;Demandantes;Ambos sexos;TOTAL;421,33333331;
Comares;2010;Demandantes;Hombres;De 16 a 29 años;8,91666665;
Comares;2010;Demandantes;Hombres;De 30 a 44 años;22,08333334;
Comares;2010;Demandantes;Hombres;De 45 a 64 años;16,99999998;
Comares;2010;Demandantes;Hombres;TOTAL;47,99999997;
Comares;2010;Demandantes;Mujeres;De 16 a 29 años;3,49999999;
Comares;2010;Demandantes;Mujeres;De 30 a 44 años;7,49999999;
Comares;2010;Demandantes;Mujeres;De 45 a 64 años;2;
Comares;2010;Demandantes;Mujeres;TOTAL;12,99999998;
Comares;2010;Demandantes;Ambos sexos;De 16 a 29 años;12,41666664;
Comares;2010;Demandantes;Ambos sexos;De 30 a 44 años;29,58333333;
Comares;2010;Demandantes;Ambos sexos;De 45 a 64 años;18,99999998;
Comares;2010;Demandantes;Ambos sexos;TOTAL;60,99999995;
Comares;2011;Demandantes;Hombres;De 16 a 29 años;13,41666667;
Comares;2011;Demandantes;Hombres;De 30 a 44 años;27,83333332;
Comares;2011;Demandantes;Hombres;De 45 a 64 años;24,33333332;
Comares;2011;Demandantes;Hombres;TOTAL;65,58333331;
Comares;2011;Demandantes;Mujeres;De 16 a 29 años;4,25;
Comares;2011;Demandantes;Mujeres;De 30 a 44 años;10,75;
Comares;2011;Demandantes;Mujeres;De 45 a 64 años;5,08333333;
Comares;2011;Demandantes;Mujeres;TOTAL;20,08333333;
Comares;2011;Demandantes;Ambos sexos;De 16 a 29 años;17,66666667;
Comares;2011;Demandantes;Ambos sexos;De 30 a 44 años;38,58333332;
Comares;2011;Demandantes;Ambos sexos;De 45 a 64 años;29,41666665;
Comares;2011;Demandantes;Ambos sexos;TOTAL;85,66666664;
Comares;2012;Demandantes;Hombres;De 16 a 29 años;16,75;
Comares;2012;Demandantes;Hombres;De 30 a 44 años;29,66666667;
Comares;2012;Demandantes;Hombres;De 45 a 64 años;27,33333334;
Comares;2012;Demandantes;Hombres;TOTAL;73,75000001;
Comares;2012;Demandantes;Mujeres;De 16 a 29 años;6,25;
Comares;2012;Demandantes;Mujeres;De 30 a 44 años;9,41666667;
Comares;2012;Demandantes;Mujeres;De 45 a 64 años;6,75;
Comares;2012;Demandantes;Mujeres;TOTAL;22,41666667;
Comares;2012;Demandantes;Ambos sexos;De 16 a 29 años;23;
Comares;2012;Demandantes;Ambos sexos;De 30 a 44 años;39,08333334;
Comares;2012;Demandantes;Ambos sexos;De 45 a 64 años;34,08333334;
Comares;2012;Demandantes;Ambos sexos;TOTAL;96,16666668;
Cómpeta;2010;Demandantes;Hombres;De 16 a 29 años;58,41666668;
Cómpeta;2010;Demandantes;Hombres;De 30 a 44 años;75,25;
Cómpeta;2010;Demandantes;Hombres;De 45 a 64 años;51,91666667;
Cómpeta;2010;Demandantes;Hombres;TOTAL;185,58333335;
Cómpeta;2010;Demandantes;Mujeres;De 16 a 29 años;36,66666667;
Cómpeta;2010;Demandantes;Mujeres;De 30 a 44 años;33,8333333;
Cómpeta;2010;Demandantes;Mujeres;De 45 a 64 años;19,75;
Cómpeta;2010;Demandantes;Mujeres;TOTAL;90,24999997;
Cómpeta;2010;Demandantes;Ambos sexos;De 16 a 29 años;95,08333335;
Cómpeta;2010;Demandantes;Ambos sexos;De 30 a 44 años;109,0833333;
Cómpeta;2010;Demandantes;Ambos sexos;De 45 a 64 años;71,66666667;
Cómpeta;2010;Demandantes;Ambos sexos;TOTAL;275,83333332;
Cómpeta;2011;Demandantes;Hombres;De 16 a 29 años;56,25000002;
Cómpeta;2011;Demandantes;Hombres;De 30 a 44 años;82,5;
Cómpeta;2011;Demandantes;Hombres;De 45 a 64 años;59,24999999;
Cómpeta;2011;Demandantes;Hombres;TOTAL;198,00000001;
Cómpeta;2011;Demandantes;Mujeres;De 16 a 29 años;33,83333333;
Cómpeta;2011;Demandantes;Mujeres;De 30 a 44 años;36,33333333;
Cómpeta;2011;Demandantes;Mujeres;De 45 a 64 años;18,75;
Cómpeta;2011;Demandantes;Mujeres;TOTAL;88,91666666;
Cómpeta;2011;Demandantes;Ambos sexos;De 16 a 29 años;90,08333335;
Cómpeta;2011;Demandantes;Ambos sexos;De 30 a 44 años;118,83333333;
Cómpeta;2011;Demandantes;Ambos sexos;De 45 a 64 años;77,99999999;
Cómpeta;2011;Demandantes;Ambos sexos;TOTAL;286,91666667;
Cómpeta;2012;Demandantes;Hombres;De 16 a 29 años;58,49999999;
Cómpeta;2012;Demandantes;Hombres;De 30 a 44 años;84,75000002;
Cómpeta;2012;Demandantes;Hombres;De 45 a 64 años;72,50000001;
Cómpeta;2012;Demandantes;Hombres;TOTAL;215,75000002;
Cómpeta;2012;Demandantes;Mujeres;De 16 a 29 años;41,00000001;
Cómpeta;2012;Demandantes;Mujeres;De 30 a 44 años;40,16666667;
Cómpeta;2012;Demandantes;Mujeres;De 45 a 64 años;20,99999998;
Cómpeta;2012;Demandantes;Mujeres;TOTAL;102,16666666;
Cómpeta;2012;Demandantes;Ambos sexos;De 16 a 29 años;99,5;
Cómpeta;2012;Demandantes;Ambos sexos;De 30 a 44 años;124,91666669;
Cómpeta;2012;Demandantes;Ambos sexos;De 45 a 64 años;93,49999999;
Cómpeta;2012;Demandantes;Ambos sexos;TOTAL;317,91666668;
Cortes de la Frontera;2010;Demandantes;Hombres;De 16 a 29 años;49,5;
Cortes de la Frontera;2010;Demandantes;Hombres;De 30 a 44 años;71,66666669;
Cortes de la Frontera;2010;Demandantes;Hombres;De 45 a 64 años;80,58333333;
Cortes de la Frontera;2010;Demandantes;Hombres;TOTAL;201,75000002;
Cortes de la Frontera;2010;Demandantes;Mujeres;De 16 a 29 años;43,25;
Cortes de la Frontera;2010;Demandantes;Mujeres;De 30 a 44 años;85,50000001;
Cortes de la Frontera;2010;Demandantes;Mujeres;De 45 a 64 años;92,33333333;
Cortes de la Frontera;2010;Demandantes;Mujeres;TOTAL;221,08333334;
Cortes de la Frontera;2010;Demandantes;Ambos sexos;De 16 a 29 años;92,75;
Cortes de la Frontera;2010;Demandantes;Ambos sexos;De 30 a 44 años;157,1666667;
Cortes de la Frontera;2010;Demandantes;Ambos sexos;De 45 a 64 años;172,91666666;
Cortes de la Frontera;2010;Demandantes;Ambos sexos;TOTAL;422,83333336;
Cortes de la Frontera;2011;Demandantes;Hombres;De 16 a 29 años;54,25000001;
Cortes de la Frontera;2011;Demandantes;Hombres;De 30 a 44 años;78,49999997;
Cortes de la Frontera;2011;Demandantes;Hombres;De 45 a 64 años;103,41666667;
Cortes de la Frontera;2011;Demandantes;Hombres;TOTAL;236,16666665;
Cortes de la Frontera;2011;Demandantes;Mujeres;De 16 a 29 años;47,75;
Cortes de la Frontera;2011;Demandantes;Mujeres;De 30 a 44 años;87,50000001;
Cortes de la Frontera;2011;Demandantes;Mujeres;De 45 a 64 años;107,41666666;
Cortes de la Frontera;2011;Demandantes;Mujeres;TOTAL;242,66666667;
Cortes de la Frontera;2011;Demandantes;Ambos sexos;De 16 a 29 años;102,00000001;
Cortes de la Frontera;2011;Demandantes;Ambos sexos;De 30 a 44 años;165,99999998;
Cortes de la Frontera;2011;Demandantes;Ambos sexos;De 45 a 64 años;210,83333333;
Cortes de la Frontera;2011;Demandantes;Ambos sexos;TOTAL;478,83333332;
Cortes de la Frontera;2012;Demandantes;Hombres;De 16 a 29 años;63,91666665;
Cortes de la Frontera;2012;Demandantes;Hombres;De 30 a 44 años;84,99999999;
Cortes de la Frontera;2012;Demandantes;Hombres;De 45 a 64 años;124,08333332;
Cortes de la Frontera;2012;Demandantes;Hombres;TOTAL;272,99999996;
Cortes de la Frontera;2012;Demandantes;Mujeres;De 16 a 29 años;62,58333333;
Cortes de la Frontera;2012;Demandantes;Mujeres;De 30 a 44 años;95,41666666;
Cortes de la Frontera;2012;Demandantes;Mujeres;De 45 a 64 años;124,25;
Cortes de la Frontera;2012;Demandantes;Mujeres;TOTAL;282,24999999;
Cortes de la Frontera;2012;Demandantes;Ambos sexos;De 16 a 29 años;126,49999998;
Cortes de la Frontera;2012;Demandantes;Ambos sexos;De 30 a 44 años;180,41666665;
Cortes de la Frontera;2012;Demandantes;Ambos sexos;De 45 a 64 años;248,33333332;
Cortes de la Frontera;2012;Demandantes;Ambos sexos;TOTAL;555,24999995;
Cuevas Bajas;2010;Demandantes;Hombres;De 16 a 29 años;15,08333334;
Cuevas Bajas;2010;Demandantes;Hombres;De 30 a 44 años;13,66666667;
Cuevas Bajas;2010;Demandantes;Hombres;De 45 a 64 años;25,49999999;
Cuevas Bajas;2010;Demandantes;Hombres;TOTAL;54,25;
Cuevas Bajas;2010;Demandantes;Mujeres;De 16 a 29 años;14,25000001;
Cuevas Bajas;2010;Demandantes;Mujeres;De 30 a 44 años;12,41666665;
Cuevas Bajas;2010;Demandantes;Mujeres;De 45 a 64 años;2,83333334;
Cuevas Bajas;2010;Demandantes;Mujeres;TOTAL;29,5;
Cuevas Bajas;2010;Demandantes;Ambos sexos;De 16 a 29 años;29,33333335;
Cuevas Bajas;2010;Demandantes;Ambos sexos;De 30 a 44 años;26,08333332;
Cuevas Bajas;2010;Demandantes;Ambos sexos;De 45 a 64 años;28,33333333;
Cuevas Bajas;2010;Demandantes;Ambos sexos;TOTAL;83,75;
Cuevas Bajas;2011;Demandantes;Hombres;De 16 a 29 años;22,50000001;
Cuevas Bajas;2011;Demandantes;Hombres;De 30 a 44 años;24,83333332;
Cuevas Bajas;2011;Demandantes;Hombres;De 45 a 64 años;33,5;
Cuevas Bajas;2011;Demandantes;Hombres;TOTAL;80,83333333;
Cuevas Bajas;2011;Demandantes;Mujeres;De 16 a 29 años;22,08333333;
Cuevas Bajas;2011;Demandantes;Mujeres;De 30 a 44 años;17,83333335;
Cuevas Bajas;2011;Demandantes;Mujeres;De 45 a 64 años;5,25;
Cuevas Bajas;2011;Demandantes;Mujeres;TOTAL;45,16666668;
Cuevas Bajas;2011;Demandantes;Ambos sexos;De 16 a 29 años;44,58333334;
Cuevas Bajas;2011;Demandantes;Ambos sexos;De 30 a 44 años;42,66666667;
Cuevas Bajas;2011;Demandantes;Ambos sexos;De 45 a 64 años;38,75;
Cuevas Bajas;2011;Demandantes;Ambos sexos;TOTAL;126,00000001;
Cuevas Bajas;2012;Demandantes;Hombres;De 16 a 29 años;24,25;
Cuevas Bajas;2012;Demandantes;Hombres;De 30 a 44 años;25,08333332;
Cuevas Bajas;2012;Demandantes;Hombres;De 45 a 64 años;36,75000001;
Cuevas Bajas;2012;Demandantes;Hombres;TOTAL;86,08333333;
Cuevas Bajas;2012;Demandantes;Mujeres;De 16 a 29 años;22;
Cuevas Bajas;2012;Demandantes;Mujeres;De 30 a 44 años;14,5;
Cuevas Bajas;2012;Demandantes;Mujeres;De 45 a 64 años;7,41666667;
Cuevas Bajas;2012;Demandantes;Mujeres;TOTAL;43,91666667;
Cuevas Bajas;2012;Demandantes;Ambos sexos;De 16 a 29 años;46,25;
Cuevas Bajas;2012;Demandantes;Ambos sexos;De 30 a 44 años;39,58333332;
Cuevas Bajas;2012;Demandantes;Ambos sexos;De 45 a 64 años;44,16666668;
Cuevas Bajas;2012;Demandantes;Ambos sexos;TOTAL;130;
Cuevas de San Marcos;2010;Demandantes;Hombres;De 16 a 29 años;48,49999998;
Cuevas de San Marcos;2010;Demandantes;Hombres;De 30 a 44 años;73,24999999;
Cuevas de San Marcos;2010;Demandantes;Hombres;De 45 a 64 años;58,41666666;
Cuevas de San Marcos;2010;Demandantes;Hombres;TOTAL;180,16666663;
Cuevas de San Marcos;2010;Demandantes;Mujeres;De 16 a 29 años;32,16666665;
Cuevas de San Marcos;2010;Demandantes;Mujeres;De 30 a 44 años;31,33333334;
Cuevas de San Marcos;2010;Demandantes;Mujeres;De 45 a 64 años;8,91666665;
Cuevas de San Marcos;2010;Demandantes;Mujeres;TOTAL;72,41666664;
Cuevas de San Marcos;2010;Demandantes;Ambos sexos;De 16 a 29 años;80,66666663;
Cuevas de San Marcos;2010;Demandantes;Ambos sexos;De 30 a 44 años;104,58333333;
Cuevas de San Marcos;2010;Demandantes;Ambos sexos;De 45 a 64 años;67,33333331;
Cuevas de San Marcos;2010;Demandantes;Ambos sexos;TOTAL;252,58333327;
Cuevas de San Marcos;2011;Demandantes;Hombres;De 16 a 29 años;59,16666666;
Cuevas de San Marcos;2011;Demandantes;Hombres;De 30 a 44 años;77,83333331;
Cuevas de San Marcos;2011;Demandantes;Hombres;De 45 a 64 años;78,33333332;
Cuevas de San Marcos;2011;Demandantes;Hombres;TOTAL;215,33333329;
Cuevas de San Marcos;2011;Demandantes;Mujeres;De 16 a 29 años;52,41666666;
Cuevas de San Marcos;2011;Demandantes;Mujeres;De 30 a 44 años;38,16666666;
Cuevas de San Marcos;2011;Demandantes;Mujeres;De 45 a 64 años;9,75000001;
Cuevas de San Marcos;2011;Demandantes;Mujeres;TOTAL;100,33333333;
Cuevas de San Marcos;2011;Demandantes;Ambos sexos;De 16 a 29 años;111,58333332;
Cuevas de San Marcos;2011;Demandantes;Ambos sexos;De 30 a 44 años;115,99999997;
Cuevas de San Marcos;2011;Demandantes;Ambos sexos;De 45 a 64 años;88,08333333;
Cuevas de San Marcos;2011;Demandantes;Ambos sexos;TOTAL;315,66666662;
Cuevas de San Marcos;2012;Demandantes;Hombres;De 16 a 29 años;43,41666666;
Cuevas de San Marcos;2012;Demandantes;Hombres;De 30 a 44 años;57,41666666;
Cuevas de San Marcos;2012;Demandantes;Hombres;De 45 a 64 años;76,08333332;
Cuevas de San Marcos;2012;Demandantes;Hombres;TOTAL;176,91666664;
Cuevas de San Marcos;2012;Demandantes;Mujeres;De 16 a 29 años;53,66666666;
Cuevas de San Marcos;2012;Demandantes;Mujeres;De 30 a 44 años;40,5;
Cuevas de San Marcos;2012;Demandantes;Mujeres;De 45 a 64 años;15,33333333;
Cuevas de San Marcos;2012;Demandantes;Mujeres;TOTAL;109,49999999;
Cuevas de San Marcos;2012;Demandantes;Ambos sexos;De 16 a 29 años;97,08333332;
Cuevas de San Marcos;2012;Demandantes;Ambos sexos;De 30 a 44 años;97,91666666;
Cuevas de San Marcos;2012;Demandantes;Ambos sexos;De 45 a 64 años;91,41666665;
Cuevas de San Marcos;2012;Demandantes;Ambos sexos;TOTAL;286,41666663;
Cuevas del Becerro;2010;Demandantes;Hombres;De 16 a 29 años;38,08333334;
Cuevas del Becerro;2010;Demandantes;Hombres;De 30 a 44 años;31,08333333;
Cuevas del Becerro;2010;Demandantes;Hombres;De 45 a 64 años;46,16666668;
Cuevas del Becerro;2010;Demandantes;Hombres;TOTAL;115,33333335;
Cuevas del Becerro;2010;Demandantes;Mujeres;De 16 a 29 años;28,58333333;
Cuevas del Becerro;2010;Demandantes;Mujeres;De 30 a 44 años;24,99999999;
Cuevas del Becerro;2010;Demandantes;Mujeres;De 45 a 64 años;22,49999999;
Cuevas del Becerro;2010;Demandantes;Mujeres;TOTAL;76,08333331;
Cuevas del Becerro;2010;Demandantes;Ambos sexos;De 16 a 29 años;66,66666667;
Cuevas del Becerro;2010;Demandantes;Ambos sexos;De 30 a 44 años;56,08333332;
Cuevas del Becerro;2010;Demandantes;Ambos sexos;De 45 a 64 años;68,66666667;
Cuevas del Becerro;2010;Demandantes;Ambos sexos;TOTAL;191,41666666;
Cuevas del Becerro;2011;Demandantes;Hombres;De 16 a 29 años;38,66666667;
Cuevas del Becerro;2011;Demandantes;Hombres;De 30 a 44 años;34,83333334;
Cuevas del Becerro;2011;Demandantes;Hombres;De 45 a 64 años;48,66666667;
Cuevas del Becerro;2011;Demandantes;Hombres;TOTAL;122,16666668;
Cuevas del Becerro;2011;Demandantes;Mujeres;De 16 a 29 años;25,66666666;
Cuevas del Becerro;2011;Demandantes;Mujeres;De 30 a 44 años;25,66666666;
Cuevas del Becerro;2011;Demandantes;Mujeres;De 45 a 64 años;20,99999999;
Cuevas del Becerro;2011;Demandantes;Mujeres;TOTAL;72,33333331;
Cuevas del Becerro;2011;Demandantes;Ambos sexos;De 16 a 29 años;64,33333333;
Cuevas del Becerro;2011;Demandantes;Ambos sexos;De 30 a 44 años;60,5;
Cuevas del Becerro;2011;Demandantes;Ambos sexos;De 45 a 64 años;69,66666666;
Cuevas del Becerro;2011;Demandantes;Ambos sexos;TOTAL;194,49999999;
Cuevas del Becerro;2012;Demandantes;Hombres;De 16 a 29 años;38,50000001;
Cuevas del Becerro;2012;Demandantes;Hombres;De 30 a 44 años;45,66666666;
Cuevas del Becerro;2012;Demandantes;Hombres;De 45 a 64 años;56,33333335;
Cuevas del Becerro;2012;Demandantes;Hombres;TOTAL;140,50000002;
Cuevas del Becerro;2012;Demandantes;Mujeres;De 16 a 29 años;31,83333331;
Cuevas del Becerro;2012;Demandantes;Mujeres;De 30 a 44 años;27,33333334;
Cuevas del Becerro;2012;Demandantes;Mujeres;De 45 a 64 años;26,66666669;
Cuevas del Becerro;2012;Demandantes;Mujeres;TOTAL;85,83333334;
Cuevas del Becerro;2012;Demandantes;Ambos sexos;De 16 a 29 años;70,33333332;
Cuevas del Becerro;2012;Demandantes;Ambos sexos;De 30 a 44 años;73;
Cuevas del Becerro;2012;Demandantes;Ambos sexos;De 45 a 64 años;83,00000004;
Cuevas del Becerro;2012;Demandantes;Ambos sexos;TOTAL;226,33333336;
Cútar;2010;Demandantes;Hombres;De 16 a 29 años;12,08333331;
Cútar;2010;Demandantes;Hombres;De 30 a 44 años;6,33333334;
Cútar;2010;Demandantes;Hombres;De 45 a 64 años;10,66666666;
Cútar;2010;Demandantes;Hombres;TOTAL;29,08333331;
Cútar;2010;Demandantes;Mujeres;De 16 a 29 años;2,99999999;
Cútar;2010;Demandantes;Mujeres;De 30 a 44 años;1,25;
Cútar;2010;Demandantes;Mujeres;De 45 a 64 años;1,83333333;
Cútar;2010;Demandantes;Mujeres;TOTAL;6,08333332;
Cútar;2010;Demandantes;Ambos sexos;De 16 a 29 años;15,0833333;
Cútar;2010;Demandantes;Ambos sexos;De 30 a 44 años;7,58333334;
Cútar;2010;Demandantes;Ambos sexos;De 45 a 64 años;12,49999999;
Cútar;2010;Demandantes;Ambos sexos;TOTAL;35,16666663;
Cútar;2011;Demandantes;Hombres;De 16 a 29 años;10,66666666;
Cútar;2011;Demandantes;Hombres;De 30 a 44 años;8,66666665;
Cútar;2011;Demandantes;Hombres;De 45 a 64 años;12,16666667;
Cútar;2011;Demandantes;Hombres;TOTAL;31,49999998;
Cútar;2011;Demandantes;Mujeres;De 16 a 29 años;2,41666666;
Cútar;2011;Demandantes;Mujeres;De 30 a 44 años;2;
Cútar;2011;Demandantes;Mujeres;De 45 a 64 años;3;
Cútar;2011;Demandantes;Mujeres;TOTAL;7,41666666;
Cútar;2011;Demandantes;Ambos sexos;De 16 a 29 años;13,08333332;
Cútar;2011;Demandantes;Ambos sexos;De 30 a 44 años;10,66666665;
Cútar;2011;Demandantes;Ambos sexos;De 45 a 64 años;15,16666667;
Cútar;2011;Demandantes;Ambos sexos;TOTAL;38,91666664;
Cútar;2012;Demandantes;Hombres;De 16 a 29 años;12,08333334;
Cútar;2012;Demandantes;Hombres;De 30 a 44 años;13,25;
Cútar;2012;Demandantes;Hombres;De 45 a 64 años;16,99999999;
Cútar;2012;Demandantes;Hombres;TOTAL;42,33333333;
Cútar;2012;Demandantes;Mujeres;De 16 a 29 años;4,25;
Cútar;2012;Demandantes;Mujeres;De 30 a 44 años;5,58333333;
Cútar;2012;Demandantes;Mujeres;De 45 a 64 años;3,41666667;
Cútar;2012;Demandantes;Mujeres;TOTAL;13,25;
Cútar;2012;Demandantes;Ambos sexos;De 16 a 29 años;16,33333334;
Cútar;2012;Demandantes;Ambos sexos;De 30 a 44 años;18,83333333;
Cútar;2012;Demandantes;Ambos sexos;De 45 a 64 años;20,41666666;
Cútar;2012;Demandantes;Ambos sexos;TOTAL;55,58333333;
El Borge;2010;Demandantes;Hombres;De 16 a 29 años;17,75;
El Borge;2010;Demandantes;Hombres;De 30 a 44 años;34;
El Borge;2010;Demandantes;Hombres;De 45 a 64 años;19,66666667;
El Borge;2010;Demandantes;Hombres;TOTAL;71,41666667;
El Borge;2010;Demandantes;Mujeres;De 16 a 29 años;7,16666667;
El Borge;2010;Demandantes;Mujeres;De 30 a 44 años;9,08333333;
El Borge;2010;Demandantes;Mujeres;De 45 a 64 años;2;
El Borge;2010;Demandantes;Mujeres;TOTAL;18,25;
El Borge;2010;Demandantes;Ambos sexos;De 16 a 29 años;24,91666667;
El Borge;2010;Demandantes;Ambos sexos;De 30 a 44 años;43,08333333;
El Borge;2010;Demandantes;Ambos sexos;De 45 a 64 años;21,66666667;
El Borge;2010;Demandantes;Ambos sexos;TOTAL;89,66666667;
El Borge;2011;Demandantes;Hombres;De 16 a 29 años;17,50000001;
El Borge;2011;Demandantes;Hombres;De 30 a 44 años;31,66666666;
El Borge;2011;Demandantes;Hombres;De 45 a 64 años;26,25;
El Borge;2011;Demandantes;Hombres;TOTAL;75,41666667;
El Borge;2011;Demandantes;Mujeres;De 16 a 29 años;7,08333333;
El Borge;2011;Demandantes;Mujeres;De 30 a 44 años;17,91666667;
El Borge;2011;Demandantes;Mujeres;De 45 a 64 años;2,66666667;
El Borge;2011;Demandantes;Mujeres;TOTAL;27,66666667;
El Borge;2011;Demandantes;Ambos sexos;De 16 a 29 años;24,58333334;
El Borge;2011;Demandantes;Ambos sexos;De 30 a 44 años;49,58333333;
El Borge;2011;Demandantes;Ambos sexos;De 45 a 64 años;28,91666667;
El Borge;2011;Demandantes;Ambos sexos;TOTAL;103,08333334;
El Borge;2012;Demandantes;Hombres;De 16 a 29 años;22,25000002;
El Borge;2012;Demandantes;Hombres;De 30 a 44 años;37,41666667;
El Borge;2012;Demandantes;Hombres;De 45 a 64 años;33,41666665;
El Borge;2012;Demandantes;Hombres;TOTAL;93,08333334;
El Borge;2012;Demandantes;Mujeres;De 16 a 29 años;11,08333333;
El Borge;2012;Demandantes;Mujeres;De 30 a 44 años;17,33333334;
El Borge;2012;Demandantes;Mujeres;De 45 a 64 años;2,74999999;
El Borge;2012;Demandantes;Mujeres;TOTAL;31,16666666;
El Borge;2012;Demandantes;Ambos sexos;De 16 a 29 años;33,33333335;
El Borge;2012;Demandantes;Ambos sexos;De 30 a 44 años;54,75000001;
El Borge;2012;Demandantes;Ambos sexos;De 45 a 64 años;36,16666664;
El Borge;2012;Demandantes;Ambos sexos;TOTAL;124,25;
El Burgo;2010;Demandantes;Hombres;De 16 a 29 años;27,75000001;
El Burgo;2010;Demandantes;Hombres;De 30 a 44 años;30,16666666;
El Burgo;2010;Demandantes;Hombres;De 45 a 64 años;61,83333333;
El Burgo;2010;Demandantes;Hombres;TOTAL;119,75;
El Burgo;2010;Demandantes;Mujeres;De 16 a 29 años;27,24999999;
El Burgo;2010;Demandantes;Mujeres;De 30 a 44 años;26,58333331;
El Burgo;2010;Demandantes;Mujeres;De 45 a 64 años;27,58333332;
El Burgo;2010;Demandantes;Mujeres;TOTAL;81,41666662;
El Burgo;2010;Demandantes;Ambos sexos;De 16 a 29 años;55;
El Burgo;2010;Demandantes;Ambos sexos;De 30 a 44 años;56,74999997;
El Burgo;2010;Demandantes;Ambos sexos;De 45 a 64 años;89,41666665;
El Burgo;2010;Demandantes;Ambos sexos;TOTAL;201,16666662;
El Burgo;2011;Demandantes;Hombres;De 16 a 29 años;29,16666667;
El Burgo;2011;Demandantes;Hombres;De 30 a 44 años;22,99999998;
El Burgo;2011;Demandantes;Hombres;De 45 a 64 años;66,41666668;
El Burgo;2011;Demandantes;Hombres;TOTAL;118,58333333;
El Burgo;2011;Demandantes;Mujeres;De 16 a 29 años;28,16666667;
El Burgo;2011;Demandantes;Mujeres;De 30 a 44 años;28,91666668;
El Burgo;2011;Demandantes;Mujeres;De 45 a 64 años;25,75;
El Burgo;2011;Demandantes;Mujeres;TOTAL;82,83333335;
El Burgo;2011;Demandantes;Ambos sexos;De 16 a 29 años;57,33333334;
El Burgo;2011;Demandantes;Ambos sexos;De 30 a 44 años;51,91666666;
El Burgo;2011;Demandantes;Ambos sexos;De 45 a 64 años;92,16666668;
El Burgo;2011;Demandantes;Ambos sexos;TOTAL;201,41666668;
El Burgo;2012;Demandantes;Hombres;De 16 a 29 años;39,33333332;
El Burgo;2012;Demandantes;Hombres;De 30 a 44 años;30,5;
El Burgo;2012;Demandantes;Hombres;De 45 a 64 años;74,08333334;
El Burgo;2012;Demandantes;Hombres;TOTAL;143,91666666;
El Burgo;2012;Demandantes;Mujeres;De 16 a 29 años;31,58333334;
El Burgo;2012;Demandantes;Mujeres;De 30 a 44 años;37,41666668;
El Burgo;2012;Demandantes;Mujeres;De 45 a 64 años;30,50000001;
El Burgo;2012;Demandantes;Mujeres;TOTAL;99,50000003;
El Burgo;2012;Demandantes;Ambos sexos;De 16 a 29 años;70,91666666;
El Burgo;2012;Demandantes;Ambos sexos;De 30 a 44 años;67,91666668;
El Burgo;2012;Demandantes;Ambos sexos;De 45 a 64 años;104,58333335;
El Burgo;2012;Demandantes;Ambos sexos;TOTAL;243,41666669;
Estepona;2010;Demandantes;Hombres;De 16 a 29 años;837,5833333;
Estepona;2010;Demandantes;Hombres;De 30 a 44 años;1864,83333331;
Estepona;2010;Demandantes;Hombres;De 45 a 64 años;1406,91666665;
Estepona;2010;Demandantes;Hombres;TOTAL;4109,33333326;
Estepona;2010;Demandantes;Mujeres;De 16 a 29 años;660,58333334;
Estepona;2010;Demandantes;Mujeres;De 30 a 44 años;1510,9166667;
Estepona;2010;Demandantes;Mujeres;De 45 a 64 años;1121,41666665;
Estepona;2010;Demandantes;Mujeres;TOTAL;3292,91666669;
Estepona;2010;Demandantes;Ambos sexos;De 16 a 29 años;1498,16666664;
Estepona;2010;Demandantes;Ambos sexos;De 30 a 44 años;3375,75000001;
Estepona;2010;Demandantes;Ambos sexos;De 45 a 64 años;2528,3333333;
Estepona;2010;Demandantes;Ambos sexos;TOTAL;7402,24999995;
Estepona;2011;Demandantes;Hombres;De 16 a 29 años;778,91666666;
Estepona;2011;Demandantes;Hombres;De 30 a 44 años;1775,25000001;
Estepona;2011;Demandantes;Hombres;De 45 a 64 años;1493,33333332;
Estepona;2011;Demandantes;Hombres;TOTAL;4047,49999999;
Estepona;2011;Demandantes;Mujeres;De 16 a 29 años;663,75000003;
Estepona;2011;Demandantes;Mujeres;De 30 a 44 años;1559,66666667;
Estepona;2011;Demandantes;Mujeres;De 45 a 64 años;1245,99999997;
Estepona;2011;Demandantes;Mujeres;TOTAL;3469,41666667;
Estepona;2011;Demandantes;Ambos sexos;De 16 a 29 años;1442,66666669;
Estepona;2011;Demandantes;Ambos sexos;De 30 a 44 años;3334,91666668;
Estepona;2011;Demandantes;Ambos sexos;De 45 a 64 años;2739,33333329;
Estepona;2011;Demandantes;Ambos sexos;TOTAL;7516,91666666;
Estepona;2012;Demandantes;Hombres;De 16 a 29 años;762,91666665;
Estepona;2012;Demandantes;Hombres;De 30 a 44 años;1739,24999998;
Estepona;2012;Demandantes;Hombres;De 45 a 64 años;1628,41666665;
Estepona;2012;Demandantes;Hombres;TOTAL;4130,58333328;
Estepona;2012;Demandantes;Mujeres;De 16 a 29 años;692,41666668;
Estepona;2012;Demandantes;Mujeres;De 30 a 44 años;1639,66666666;
Estepona;2012;Demandantes;Mujeres;De 45 a 64 años;1442,41666669;
Estepona;2012;Demandantes;Mujeres;TOTAL;3774,50000003;
Estepona;2012;Demandantes;Ambos sexos;De 16 a 29 años;1455,33333333;
Estepona;2012;Demandantes;Ambos sexos;De 30 a 44 años;3378,91666664;
Estepona;2012;Demandantes;Ambos sexos;De 45 a 64 años;3070,83333334;
Estepona;2012;Demandantes;Ambos sexos;TOTAL;7905,08333331;
Faraján;2010;Demandantes;Hombres;De 16 a 29 años;2,66666667;
Faraján;2010;Demandantes;Hombres;De 30 a 44 años;4,08333332;
Faraján;2010;Demandantes;Hombres;De 45 a 64 años;2,91666667;
Faraján;2010;Demandantes;Hombres;TOTAL;9,66666666;
Faraján;2010;Demandantes;Mujeres;De 16 a 29 años;0,83333333;
Faraján;2010;Demandantes;Mujeres;De 30 a 44 años;2,25;
Faraján;2010;Demandantes;Mujeres;De 45 a 64 años;1,83333333;
Faraján;2010;Demandantes;Mujeres;TOTAL;4,91666666;
Faraján;2010;Demandantes;Ambos sexos;De 16 a 29 años;3,5;
Faraján;2010;Demandantes;Ambos sexos;De 30 a 44 años;6,33333332;
Faraján;2010;Demandantes;Ambos sexos;De 45 a 64 años;4,75;
Faraján;2010;Demandantes;Ambos sexos;TOTAL;14,58333332;
Faraján;2011;Demandantes;Hombres;De 16 a 29 años;2,66666666;
Faraján;2011;Demandantes;Hombres;De 30 a 44 años;4,33333333;
Faraján;2011;Demandantes;Hombres;De 45 a 64 años;2,58333333;
Faraján;2011;Demandantes;Hombres;TOTAL;9,58333332;
Faraján;2011;Demandantes;Mujeres;De 16 a 29 años;2,33333333;
Faraján;2011;Demandantes;Mujeres;De 30 a 44 años;1,16666667;
Faraján;2011;Demandantes;Mujeres;De 45 a 64 años;2,66666668;
Faraján;2011;Demandantes;Mujeres;TOTAL;6,16666668;
Faraján;2011;Demandantes;Ambos sexos;De 16 a 29 años;4,99999999;
Faraján;2011;Demandantes;Ambos sexos;De 30 a 44 años;5,5;
Faraján;2011;Demandantes;Ambos sexos;De 45 a 64 años;5,25000001;
Faraján;2011;Demandantes;Ambos sexos;TOTAL;15,75;
Faraján;2012;Demandantes;Hombres;De 16 a 29 años;3,75;
Faraján;2012;Demandantes;Hombres;De 30 a 44 años;5,08333334;
Faraján;2012;Demandantes;Hombres;De 45 a 64 años;2,50000001;
Faraján;2012;Demandantes;Hombres;TOTAL;11,33333335;
Faraján;2012;Demandantes;Mujeres;De 16 a 29 años;4,00000001;
Faraján;2012;Demandantes;Mujeres;De 30 a 44 años;2,66666668;
Faraján;2012;Demandantes;Mujeres;De 45 a 64 años;3,83333333;
Faraján;2012;Demandantes;Mujeres;TOTAL;10,50000002;
Faraján;2012;Demandantes;Ambos sexos;De 16 a 29 años;7,75000001;
Faraján;2012;Demandantes;Ambos sexos;De 30 a 44 años;7,75000002;
Faraján;2012;Demandantes;Ambos sexos;De 45 a 64 años;6,33333334;
Faraján;2012;Demandantes;Ambos sexos;TOTAL;21,83333337;
Frigiliana;2010;Demandantes;Hombres;De 16 a 29 años;39,16666667;
Frigiliana;2010;Demandantes;Hombres;De 30 a 44 años;52,58333335;
Frigiliana;2010;Demandantes;Hombres;De 45 a 64 años;64,58333336;
Frigiliana;2010;Demandantes;Hombres;TOTAL;156,33333338;
Frigiliana;2010;Demandantes;Mujeres;De 16 a 29 años;26,75;
Frigiliana;2010;Demandantes;Mujeres;De 30 a 44 años;60,41666666;
Frigiliana;2010;Demandantes;Mujeres;De 45 a 64 años;33,91666666;
Frigiliana;2010;Demandantes;Mujeres;TOTAL;121,08333332;
Frigiliana;2010;Demandantes;Ambos sexos;De 16 a 29 años;65,91666667;
Frigiliana;2010;Demandantes;Ambos sexos;De 30 a 44 años;113,00000001;
Frigiliana;2010;Demandantes;Ambos sexos;De 45 a 64 años;98,50000002;
Frigiliana;2010;Demandantes;Ambos sexos;TOTAL;277,4166667;
Frigiliana;2011;Demandantes;Hombres;De 16 a 29 años;32,75;
Frigiliana;2011;Demandantes;Hombres;De 30 a 44 años;61,75;
Frigiliana;2011;Demandantes;Hombres;De 45 a 64 años;73,75;
Frigiliana;2011;Demandantes;Hombres;TOTAL;168,25;
Frigiliana;2011;Demandantes;Mujeres;De 16 a 29 años;28,66666665;
Frigiliana;2011;Demandantes;Mujeres;De 30 a 44 años;62,00000002;
Frigiliana;2011;Demandantes;Mujeres;De 45 a 64 años;36,66666667;
Frigiliana;2011;Demandantes;Mujeres;TOTAL;127,33333334;
Frigiliana;2011;Demandantes;Ambos sexos;De 16 a 29 años;61,41666665;
Frigiliana;2011;Demandantes;Ambos sexos;De 30 a 44 años;123,75000002;
Frigiliana;2011;Demandantes;Ambos sexos;De 45 a 64 años;110,41666667;
Frigiliana;2011;Demandantes;Ambos sexos;TOTAL;295,58333334;
Frigiliana;2012;Demandantes;Hombres;De 16 a 29 años;33,75000001;
Frigiliana;2012;Demandantes;Hombres;De 30 a 44 años;63,33333332;
Frigiliana;2012;Demandantes;Hombres;De 45 a 64 años;80,91666667;
Frigiliana;2012;Demandantes;Hombres;TOTAL;178;
Frigiliana;2012;Demandantes;Mujeres;De 16 a 29 años;25,75;
Frigiliana;2012;Demandantes;Mujeres;De 30 a 44 años;74,08333333;
Frigiliana;2012;Demandantes;Mujeres;De 45 a 64 años;46,66666666;
Frigiliana;2012;Demandantes;Mujeres;TOTAL;146,49999999;
Frigiliana;2012;Demandantes;Ambos sexos;De 16 a 29 años;59,50000001;
Frigiliana;2012;Demandantes;Ambos sexos;De 30 a 44 años;137,41666665;
Frigiliana;2012;Demandantes;Ambos sexos;De 45 a 64 años;127,58333333;
Frigiliana;2012;Demandantes;Ambos sexos;TOTAL;324,49999999;
Fuengirola;2010;Demandantes;Hombres;De 16 a 29 años;836,16666667;
Fuengirola;2010;Demandantes;Hombres;De 30 a 44 años;1577,74999999;
Fuengirola;2010;Demandantes;Hombres;De 45 a 64 años;1342,58333331;
Fuengirola;2010;Demandantes;Hombres;TOTAL;3756,49999997;
Fuengirola;2010;Demandantes;Mujeres;De 16 a 29 años;710,58333335;
Fuengirola;2010;Demandantes;Mujeres;De 30 a 44 años;1434,91666665;
Fuengirola;2010;Demandantes;Mujeres;De 45 a 64 años;1359,24999998;
Fuengirola;2010;Demandantes;Mujeres;TOTAL;3504,74999998;
Fuengirola;2010;Demandantes;Ambos sexos;De 16 a 29 años;1546,75000002;
Fuengirola;2010;Demandantes;Ambos sexos;De 30 a 44 años;3012,66666664;
Fuengirola;2010;Demandantes;Ambos sexos;De 45 a 64 años;2701,83333329;
Fuengirola;2010;Demandantes;Ambos sexos;TOTAL;7261,24999995;
Fuengirola;2011;Demandantes;Hombres;De 16 a 29 años;845,50000003;
Fuengirola;2011;Demandantes;Hombres;De 30 a 44 años;1600,91666667;
Fuengirola;2011;Demandantes;Hombres;De 45 a 64 años;1466,41666666;
Fuengirola;2011;Demandantes;Hombres;TOTAL;3912,83333336;
Fuengirola;2011;Demandantes;Mujeres;De 16 a 29 años;772,83333334;
Fuengirola;2011;Demandantes;Mujeres;De 30 a 44 años;1553,6666667;
Fuengirola;2011;Demandantes;Mujeres;De 45 a 64 años;1623,91666667;
Fuengirola;2011;Demandantes;Mujeres;TOTAL;3950,41666671;
Fuengirola;2011;Demandantes;Ambos sexos;De 16 a 29 años;1618,33333337;
Fuengirola;2011;Demandantes;Ambos sexos;De 30 a 44 años;3154,58333337;
Fuengirola;2011;Demandantes;Ambos sexos;De 45 a 64 años;3090,33333333;
Fuengirola;2011;Demandantes;Ambos sexos;TOTAL;7863,25000007;
Fuengirola;2012;Demandantes;Hombres;De 16 a 29 años;811,08333333;
Fuengirola;2012;Demandantes;Hombres;De 30 a 44 años;1573,83333335;
Fuengirola;2012;Demandantes;Hombres;De 45 a 64 años;1569,24999999;
Fuengirola;2012;Demandantes;Hombres;TOTAL;3954,16666667;
Fuengirola;2012;Demandantes;Mujeres;De 16 a 29 años;791,41666664;
Fuengirola;2012;Demandantes;Mujeres;De 30 a 44 años;1637,75000002;
Fuengirola;2012;Demandantes;Mujeres;De 45 a 64 años;1842,50000001;
Fuengirola;2012;Demandantes;Mujeres;TOTAL;4271,66666667;
Fuengirola;2012;Demandantes;Ambos sexos;De 16 a 29 años;1602,49999997;
Fuengirola;2012;Demandantes;Ambos sexos;De 30 a 44 años;3211,58333337;
Fuengirola;2012;Demandantes;Ambos sexos;De 45 a 64 años;3411,75;
Fuengirola;2012;Demandantes;Ambos sexos;TOTAL;8225,83333334;
Fuente de Piedra;2010;Demandantes;Hombres;De 16 a 29 años;30,91666665;
Fuente de Piedra;2010;Demandantes;Hombres;De 30 a 44 años;39,24999999;
Fuente de Piedra;2010;Demandantes;Hombres;De 45 a 64 años;33,08333333;
Fuente de Piedra;2010;Demandantes;Hombres;TOTAL;103,24999997;
Fuente de Piedra;2010;Demandantes;Mujeres;De 16 a 29 años;17,66666666;
Fuente de Piedra;2010;Demandantes;Mujeres;De 30 a 44 años;37,25;
Fuente de Piedra;2010;Demandantes;Mujeres;De 45 a 64 años;20,16666666;
Fuente de Piedra;2010;Demandantes;Mujeres;TOTAL;75,08333332;
Fuente de Piedra;2010;Demandantes;Ambos sexos;De 16 a 29 años;48,58333331;
Fuente de Piedra;2010;Demandantes;Ambos sexos;De 30 a 44 años;76,49999999;
Fuente de Piedra;2010;Demandantes;Ambos sexos;De 45 a 64 años;53,24999999;
Fuente de Piedra;2010;Demandantes;Ambos sexos;TOTAL;178,33333329;
Fuente de Piedra;2011;Demandantes;Hombres;De 16 a 29 años;28,83333333;
Fuente de Piedra;2011;Demandantes;Hombres;De 30 a 44 años;45,58333333;
Fuente de Piedra;2011;Demandantes;Hombres;De 45 a 64 años;40,49999999;
Fuente de Piedra;2011;Demandantes;Hombres;TOTAL;114,91666665;
Fuente de Piedra;2011;Demandantes;Mujeres;De 16 a 29 años;23,41666667;
Fuente de Piedra;2011;Demandantes;Mujeres;De 30 a 44 años;46,00000001;
Fuente de Piedra;2011;Demandantes;Mujeres;De 45 a 64 años;22,75;
Fuente de Piedra;2011;Demandantes;Mujeres;TOTAL;92,16666668;
Fuente de Piedra;2011;Demandantes;Ambos sexos;De 16 a 29 años;52,25;
Fuente de Piedra;2011;Demandantes;Ambos sexos;De 30 a 44 años;91,58333334;
Fuente de Piedra;2011;Demandantes;Ambos sexos;De 45 a 64 años;63,24999999;
Fuente de Piedra;2011;Demandantes;Ambos sexos;TOTAL;207,08333333;
Fuente de Piedra;2012;Demandantes;Hombres;De 16 a 29 años;25,49999999;
Fuente de Piedra;2012;Demandantes;Hombres;De 30 a 44 años;44,5;
Fuente de Piedra;2012;Demandantes;Hombres;De 45 a 64 años;43,58333332;
Fuente de Piedra;2012;Demandantes;Hombres;TOTAL;113,58333331;
Fuente de Piedra;2012;Demandantes;Mujeres;De 16 a 29 años;28,75;
Fuente de Piedra;2012;Demandantes;Mujeres;De 30 a 44 años;46,58333332;
Fuente de Piedra;2012;Demandantes;Mujeres;De 45 a 64 años;25,16666667;
Fuente de Piedra;2012;Demandantes;Mujeres;TOTAL;100,49999999;
Fuente de Piedra;2012;Demandantes;Ambos sexos;De 16 a 29 años;54,24999999;
Fuente de Piedra;2012;Demandantes;Ambos sexos;De 30 a 44 años;91,08333332;
Fuente de Piedra;2012;Demandantes;Ambos sexos;De 45 a 64 años;68,74999999;
Fuente de Piedra;2012;Demandantes;Ambos sexos;TOTAL;214,0833333;
Gaucín;2010;Demandantes;Hombres;De 16 a 29 años;30,5;
Gaucín;2010;Demandantes;Hombres;De 30 a 44 años;39,83333334;
Gaucín;2010;Demandantes;Hombres;De 45 a 64 años;14,91666668;
Gaucín;2010;Demandantes;Hombres;TOTAL;85,25000002;
Gaucín;2010;Demandantes;Mujeres;De 16 a 29 años;13,66666666;
Gaucín;2010;Demandantes;Mujeres;De 30 a 44 años;26,41666666;
Gaucín;2010;Demandantes;Mujeres;De 45 a 64 años;15,58333333;
Gaucín;2010;Demandantes;Mujeres;TOTAL;55,66666665;
Gaucín;2010;Demandantes;Ambos sexos;De 16 a 29 años;44,16666666;
Gaucín;2010;Demandantes;Ambos sexos;De 30 a 44 años;66,25;
Gaucín;2010;Demandantes;Ambos sexos;De 45 a 64 años;30,50000001;
Gaucín;2010;Demandantes;Ambos sexos;TOTAL;140,91666667;
Gaucín;2011;Demandantes;Hombres;De 16 a 29 años;27,41666666;
Gaucín;2011;Demandantes;Hombres;De 30 a 44 años;33,99999999;
Gaucín;2011;Demandantes;Hombres;De 45 a 64 años;16,83333332;
Gaucín;2011;Demandantes;Hombres;TOTAL;78,24999997;
Gaucín;2011;Demandantes;Mujeres;De 16 a 29 años;19,58333333;
Gaucín;2011;Demandantes;Mujeres;De 30 a 44 años;26,33333334;
Gaucín;2011;Demandantes;Mujeres;De 45 a 64 años;21,74999999;
Gaucín;2011;Demandantes;Mujeres;TOTAL;67,66666666;
Gaucín;2011;Demandantes;Ambos sexos;De 16 a 29 años;46,99999999;
Gaucín;2011;Demandantes;Ambos sexos;De 30 a 44 años;60,33333333;
Gaucín;2011;Demandantes;Ambos sexos;De 45 a 64 años;38,58333331;
Gaucín;2011;Demandantes;Ambos sexos;TOTAL;145,91666663;
Gaucín;2012;Demandantes;Hombres;De 16 a 29 años;24,49999999;
Gaucín;2012;Demandantes;Hombres;De 30 a 44 años;43,16666667;
Gaucín;2012;Demandantes;Hombres;De 45 a 64 años;22,58333333;
Gaucín;2012;Demandantes;Hombres;TOTAL;90,24999999;
Gaucín;2012;Demandantes;Mujeres;De 16 a 29 años;22,5;
Gaucín;2012;Demandantes;Mujeres;De 30 a 44 años;34,99999999;
Gaucín;2012;Demandantes;Mujeres;De 45 a 64 años;25,08333333;
Gaucín;2012;Demandantes;Mujeres;TOTAL;82,58333332;
Gaucín;2012;Demandantes;Ambos sexos;De 16 a 29 años;46,99999999;
Gaucín;2012;Demandantes;Ambos sexos;De 30 a 44 años;78,16666666;
Gaucín;2012;Demandantes;Ambos sexos;De 45 a 64 años;47,66666666;
Gaucín;2012;Demandantes;Ambos sexos;TOTAL;172,83333331;
Genalguacil;2010;Demandantes;Hombres;De 16 a 29 años;1,99999999;
Genalguacil;2010;Demandantes;Hombres;De 30 a 44 años;5,91666666;
Genalguacil;2010;Demandantes;Hombres;De 45 a 64 años;7,58333332;
Genalguacil;2010;Demandantes;Hombres;TOTAL;15,49999997;
Genalguacil;2010;Demandantes;Mujeres;De 16 a 29 años;2,83333334;
Genalguacil;2010;Demandantes;Mujeres;De 30 a 44 años;3,66666665;
Genalguacil;2010;Demandantes;Mujeres;De 45 a 64 años;4,25;
Genalguacil;2010;Demandantes;Mujeres;TOTAL;10,74999999;
Genalguacil;2010;Demandantes;Ambos sexos;De 16 a 29 años;4,83333333;
Genalguacil;2010;Demandantes;Ambos sexos;De 30 a 44 años;9,58333331;
Genalguacil;2010;Demandantes;Ambos sexos;De 45 a 64 años;11,83333332;
Genalguacil;2010;Demandantes;Ambos sexos;TOTAL;26,24999996;
Genalguacil;2011;Demandantes;Hombres;De 16 a 29 años;4,25;
Genalguacil;2011;Demandantes;Hombres;De 30 a 44 años;6,24999999;
Genalguacil;2011;Demandantes;Hombres;De 45 a 64 años;5,16666666;
Genalguacil;2011;Demandantes;Hombres;TOTAL;15,66666665;
Genalguacil;2011;Demandantes;Mujeres;De 16 a 29 años;3,49999999;
Genalguacil;2011;Demandantes;Mujeres;De 30 a 44 años;2,74999999;
Genalguacil;2011;Demandantes;Mujeres;De 45 a 64 años;7,33333332;
Genalguacil;2011;Demandantes;Mujeres;TOTAL;13,5833333;
Genalguacil;2011;Demandantes;Ambos sexos;De 16 a 29 años;7,74999999;
Genalguacil;2011;Demandantes;Ambos sexos;De 30 a 44 años;8,99999998;
Genalguacil;2011;Demandantes;Ambos sexos;De 45 a 64 años;12,49999998;
Genalguacil;2011;Demandantes;Ambos sexos;TOTAL;29,24999995;
Genalguacil;2012;Demandantes;Hombres;De 16 a 29 años;6,5;
Genalguacil;2012;Demandantes;Hombres;De 30 a 44 años;6,66666667;
Genalguacil;2012;Demandantes;Hombres;De 45 a 64 años;6,91666666;
Genalguacil;2012;Demandantes;Hombres;TOTAL;20,08333333;
Genalguacil;2012;Demandantes;Mujeres;De 16 a 29 años;4,33333334;
Genalguacil;2012;Demandantes;Mujeres;De 30 a 44 años;4,08333334;
Genalguacil;2012;Demandantes;Mujeres;De 45 a 64 años;12,33333334;
Genalguacil;2012;Demandantes;Mujeres;TOTAL;20,75000002;
Genalguacil;2012;Demandantes;Ambos sexos;De 16 a 29 años;10,83333334;
Genalguacil;2012;Demandantes;Ambos sexos;De 30 a 44 años;10,75000001;
Genalguacil;2012;Demandantes;Ambos sexos;De 45 a 64 años;19,25;
Genalguacil;2012;Demandantes;Ambos sexos;TOTAL;40,83333335;
Guaro;2010;Demandantes;Hombres;De 16 a 29 años;25,25000002;
Guaro;2010;Demandantes;Hombres;De 30 a 44 años;58,16666666;
Guaro;2010;Demandantes;Hombres;De 45 a 64 años;51,91666667;
Guaro;2010;Demandantes;Hombres;TOTAL;135,33333335;
Guaro;2010;Demandantes;Mujeres;De 16 a 29 años;16,49999998;
Guaro;2010;Demandantes;Mujeres;De 30 a 44 años;35,50000001;
Guaro;2010;Demandantes;Mujeres;De 45 a 64 años;21,00000001;
Guaro;2010;Demandantes;Mujeres;TOTAL;73;
Guaro;2010;Demandantes;Ambos sexos;De 16 a 29 años;41,75;
Guaro;2010;Demandantes;Ambos sexos;De 30 a 44 años;93,66666667;
Guaro;2010;Demandantes;Ambos sexos;De 45 a 64 años;72,91666668;
Guaro;2010;Demandantes;Ambos sexos;TOTAL;208,33333335;
Guaro;2011;Demandantes;Hombres;De 16 a 29 años;25,83333335;
Guaro;2011;Demandantes;Hombres;De 30 a 44 años;53,74999999;
Guaro;2011;Demandantes;Hombres;De 45 a 64 años;54,16666667;
Guaro;2011;Demandantes;Hombres;TOTAL;133,75000001;
Guaro;2011;Demandantes;Mujeres;De 16 a 29 años;20,08333333;
Guaro;2011;Demandantes;Mujeres;De 30 a 44 años;41,49999999;
Guaro;2011;Demandantes;Mujeres;De 45 a 64 años;22,41666667;
Guaro;2011;Demandantes;Mujeres;TOTAL;83,99999999;
Guaro;2011;Demandantes;Ambos sexos;De 16 a 29 años;45,91666668;
Guaro;2011;Demandantes;Ambos sexos;De 30 a 44 años;95,24999998;
Guaro;2011;Demandantes;Ambos sexos;De 45 a 64 años;76,58333334;
Guaro;2011;Demandantes;Ambos sexos;TOTAL;217,75;
Guaro;2012;Demandantes;Hombres;De 16 a 29 años;36,33333333;
Guaro;2012;Demandantes;Hombres;De 30 a 44 años;54,91666667;
Guaro;2012;Demandantes;Hombres;De 45 a 64 años;63,33333331;
Guaro;2012;Demandantes;Hombres;TOTAL;154,58333331;
Guaro;2012;Demandantes;Mujeres;De 16 a 29 años;27,41666667;
Guaro;2012;Demandantes;Mujeres;De 30 a 44 años;46,08333335;
Guaro;2012;Demandantes;Mujeres;De 45 a 64 años;28,08333333;
Guaro;2012;Demandantes;Mujeres;TOTAL;101,58333335;
Guaro;2012;Demandantes;Ambos sexos;De 16 a 29 años;63,75;
Guaro;2012;Demandantes;Ambos sexos;De 30 a 44 años;101,00000002;
Guaro;2012;Demandantes;Ambos sexos;De 45 a 64 años;91,41666664;
Guaro;2012;Demandantes;Ambos sexos;TOTAL;256,16666666;
Humilladero;2010;Demandantes;Hombres;De 16 a 29 años;41,33333333;
Humilladero;2010;Demandantes;Hombres;De 30 a 44 años;63,00000001;
Humilladero;2010;Demandantes;Hombres;De 45 a 64 años;64,75000001;
Humilladero;2010;Demandantes;Hombres;TOTAL;169,08333335;
Humilladero;2010;Demandantes;Mujeres;De 16 a 29 años;34,58333334;
Humilladero;2010;Demandantes;Mujeres;De 30 a 44 años;43,33333333;
Humilladero;2010;Demandantes;Mujeres;De 45 a 64 años;20,5;
Humilladero;2010;Demandantes;Mujeres;TOTAL;98,41666667;
Humilladero;2010;Demandantes;Ambos sexos;De 16 a 29 años;75,91666667;
Humilladero;2010;Demandantes;Ambos sexos;De 30 a 44 años;106,33333334;
Humilladero;2010;Demandantes;Ambos sexos;De 45 a 64 años;85,25000001;
Humilladero;2010;Demandantes;Ambos sexos;TOTAL;267,50000002;
Humilladero;2011;Demandantes;Hombres;De 16 a 29 años;39,83333334;
Humilladero;2011;Demandantes;Hombres;De 30 a 44 años;61,25;
Humilladero;2011;Demandantes;Hombres;De 45 a 64 años;71,16666667;
Humilladero;2011;Demandantes;Hombres;TOTAL;172,25000001;
Humilladero;2011;Demandantes;Mujeres;De 16 a 29 años;40,75000001;
Humilladero;2011;Demandantes;Mujeres;De 30 a 44 años;41,58333334;
Humilladero;2011;Demandantes;Mujeres;De 45 a 64 años;25,66666668;
Humilladero;2011;Demandantes;Mujeres;TOTAL;108,00000003;
Humilladero;2011;Demandantes;Ambos sexos;De 16 a 29 años;80,58333335;
Humilladero;2011;Demandantes;Ambos sexos;De 30 a 44 años;102,83333334;
Humilladero;2011;Demandantes;Ambos sexos;De 45 a 64 años;96,83333335;
Humilladero;2011;Demandantes;Ambos sexos;TOTAL;280,25000004;
Humilladero;2012;Demandantes;Hombres;De 16 a 29 años;41,66666666;
Humilladero;2012;Demandantes;Hombres;De 30 a 44 años;64,58333335;
Humilladero;2012;Demandantes;Hombres;De 45 a 64 años;91;
Humilladero;2012;Demandantes;Hombres;TOTAL;197,25000001;
Humilladero;2012;Demandantes;Mujeres;De 16 a 29 años;54,00000002;
Humilladero;2012;Demandantes;Mujeres;De 30 a 44 años;47;
Humilladero;2012;Demandantes;Mujeres;De 45 a 64 años;34,25;
Humilladero;2012;Demandantes;Mujeres;TOTAL;135,25000002;
Humilladero;2012;Demandantes;Ambos sexos;De 16 a 29 años;95,66666668;
Humilladero;2012;Demandantes;Ambos sexos;De 30 a 44 años;111,58333335;
Humilladero;2012;Demandantes;Ambos sexos;De 45 a 64 años;125,25;
Humilladero;2012;Demandantes;Ambos sexos;TOTAL;332,50000003;
Igualeja;2010;Demandantes;Hombres;De 16 a 29 años;12,00000001;
Igualeja;2010;Demandantes;Hombres;De 30 a 44 años;21,25;
Igualeja;2010;Demandantes;Hombres;De 45 a 64 años;19;
Igualeja;2010;Demandantes;Hombres;TOTAL;52,25000001;
Igualeja;2010;Demandantes;Mujeres;De 16 a 29 años;9,99999999;
Igualeja;2010;Demandantes;Mujeres;De 30 a 44 años;5,83333333;
Igualeja;2010;Demandantes;Mujeres;De 45 a 64 años;1,91666666;
Igualeja;2010;Demandantes;Mujeres;TOTAL;17,74999998;
Igualeja;2010;Demandantes;Ambos sexos;De 16 a 29 años;22;
Igualeja;2010;Demandantes;Ambos sexos;De 30 a 44 años;27,08333333;
Igualeja;2010;Demandantes;Ambos sexos;De 45 a 64 años;20,91666666;
Igualeja;2010;Demandantes;Ambos sexos;TOTAL;69,99999999;
Igualeja;2011;Demandantes;Hombres;De 16 a 29 años;12,5;
Igualeja;2011;Demandantes;Hombres;De 30 a 44 años;19,25;
Igualeja;2011;Demandantes;Hombres;De 45 a 64 años;19,91666666;
Igualeja;2011;Demandantes;Hombres;TOTAL;51,66666666;
Igualeja;2011;Demandantes;Mujeres;De 16 a 29 años;10,83333336;
Igualeja;2011;Demandantes;Mujeres;De 30 a 44 años;8,66666667;
Igualeja;2011;Demandantes;Mujeres;De 45 a 64 años;1,25;
Igualeja;2011;Demandantes;Mujeres;TOTAL;20,75000003;
Igualeja;2011;Demandantes;Ambos sexos;De 16 a 29 años;23,33333336;
Igualeja;2011;Demandantes;Ambos sexos;De 30 a 44 años;27,91666667;
Igualeja;2011;Demandantes;Ambos sexos;De 45 a 64 años;21,16666666;
Igualeja;2011;Demandantes;Ambos sexos;TOTAL;72,41666669;
Igualeja;2012;Demandantes;Hombres;De 16 a 29 años;10,83333334;
Igualeja;2012;Demandantes;Hombres;De 30 a 44 años;16,91666667;
Igualeja;2012;Demandantes;Hombres;De 45 a 64 años;22,66666667;
Igualeja;2012;Demandantes;Hombres;TOTAL;50,41666668;
Igualeja;2012;Demandantes;Mujeres;De 16 a 29 años;9,16666666;
Igualeja;2012;Demandantes;Mujeres;De 30 a 44 años;10,33333334;
Igualeja;2012;Demandantes;Mujeres;De 45 a 64 años;2,16666667;
Igualeja;2012;Demandantes;Mujeres;TOTAL;21,66666667;
Igualeja;2012;Demandantes;Ambos sexos;De 16 a 29 años;20;
Igualeja;2012;Demandantes;Ambos sexos;De 30 a 44 años;27,25000001;
Igualeja;2012;Demandantes;Ambos sexos;De 45 a 64 años;24,83333334;
Igualeja;2012;Demandantes;Ambos sexos;TOTAL;72,08333335;
Istán;2010;Demandantes;Hombres;De 16 a 29 años;19,5;
Istán;2010;Demandantes;Hombres;De 30 a 44 años;16,41666666;
Istán;2010;Demandantes;Hombres;De 45 a 64 años;30,08333334;
Istán;2010;Demandantes;Hombres;TOTAL;66;
Istán;2010;Demandantes;Mujeres;De 16 a 29 años;15,58333333;
Istán;2010;Demandantes;Mujeres;De 30 a 44 años;26,83333334;
Istán;2010;Demandantes;Mujeres;De 45 a 64 años;22,16666667;
Istán;2010;Demandantes;Mujeres;TOTAL;64,58333334;
Istán;2010;Demandantes;Ambos sexos;De 16 a 29 años;35,08333333;
Istán;2010;Demandantes;Ambos sexos;De 30 a 44 años;43,25;
Istán;2010;Demandantes;Ambos sexos;De 45 a 64 años;52,25000001;
Istán;2010;Demandantes;Ambos sexos;TOTAL;130,58333334;
Istán;2011;Demandantes;Hombres;De 16 a 29 años;18,83333334;
Istán;2011;Demandantes;Hombres;De 30 a 44 años;19,08333334;
Istán;2011;Demandantes;Hombres;De 45 a 64 años;39,49999999;
Istán;2011;Demandantes;Hombres;TOTAL;77,41666667;
Istán;2011;Demandantes;Mujeres;De 16 a 29 años;16;
Istán;2011;Demandantes;Mujeres;De 30 a 44 años;26,00000001;
Istán;2011;Demandantes;Mujeres;De 45 a 64 años;16,91666669;
Istán;2011;Demandantes;Mujeres;TOTAL;58,9166667;
Istán;2011;Demandantes;Ambos sexos;De 16 a 29 años;34,83333334;
Istán;2011;Demandantes;Ambos sexos;De 30 a 44 años;45,08333335;
Istán;2011;Demandantes;Ambos sexos;De 45 a 64 años;56,41666668;
Istán;2011;Demandantes;Ambos sexos;TOTAL;136,33333337;
Istán;2012;Demandantes;Hombres;De 16 a 29 años;27,66666666;
Istán;2012;Demandantes;Hombres;De 30 a 44 años;20,25;
Istán;2012;Demandantes;Hombres;De 45 a 64 años;43,41666668;
Istán;2012;Demandantes;Hombres;TOTAL;91,33333334;
Istán;2012;Demandantes;Mujeres;De 16 a 29 años;27,25;
Istán;2012;Demandantes;Mujeres;De 30 a 44 años;25,33333332;
Istán;2012;Demandantes;Mujeres;De 45 a 64 años;27,49999999;
Istán;2012;Demandantes;Mujeres;TOTAL;80,08333331;
Istán;2012;Demandantes;Ambos sexos;De 16 a 29 años;54,91666666;
Istán;2012;Demandantes;Ambos sexos;De 30 a 44 años;45,58333332;
Istán;2012;Demandantes;Ambos sexos;De 45 a 64 años;70,91666667;
Istán;2012;Demandantes;Ambos sexos;TOTAL;171,41666665;
Iznate;2010;Demandantes;Hombres;De 16 a 29 años;20,50000001;
Iznate;2010;Demandantes;Hombres;De 30 a 44 años;26,75;
Iznate;2010;Demandantes;Hombres;De 45 a 64 años;15,91666667;
Iznate;2010;Demandantes;Hombres;TOTAL;63,16666668;
Iznate;2010;Demandantes;Mujeres;De 16 a 29 años;7;
Iznate;2010;Demandantes;Mujeres;De 30 a 44 años;7;
Iznate;2010;Demandantes;Mujeres;De 45 a 64 años;1,66666666;
Iznate;2010;Demandantes;Mujeres;TOTAL;15,66666666;
Iznate;2010;Demandantes;Ambos sexos;De 16 a 29 años;27,50000001;
Iznate;2010;Demandantes;Ambos sexos;De 30 a 44 años;33,75;
Iznate;2010;Demandantes;Ambos sexos;De 45 a 64 años;17,58333333;
Iznate;2010;Demandantes;Ambos sexos;TOTAL;78,83333334;
Iznate;2011;Demandantes;Hombres;De 16 a 29 años;19,91666666;
Iznate;2011;Demandantes;Hombres;De 30 a 44 años;29;
Iznate;2011;Demandantes;Hombres;De 45 a 64 años;16,66666668;
Iznate;2011;Demandantes;Hombres;TOTAL;65,58333334;
Iznate;2011;Demandantes;Mujeres;De 16 a 29 años;6,58333333;
Iznate;2011;Demandantes;Mujeres;De 30 a 44 años;6,16666667;
Iznate;2011;Demandantes;Mujeres;De 45 a 64 años;1,66666667;
Iznate;2011;Demandantes;Mujeres;TOTAL;14,41666667;
Iznate;2011;Demandantes;Ambos sexos;De 16 a 29 años;26,49999999;
Iznate;2011;Demandantes;Ambos sexos;De 30 a 44 años;35,16666667;
Iznate;2011;Demandantes;Ambos sexos;De 45 a 64 años;18,33333335;
Iznate;2011;Demandantes;Ambos sexos;TOTAL;80,00000001;
Iznate;2012;Demandantes;Hombres;De 16 a 29 años;20,91666667;
Iznate;2012;Demandantes;Hombres;De 30 a 44 años;25,33333333;
Iznate;2012;Demandantes;Hombres;De 45 a 64 años;18,91666667;
Iznate;2012;Demandantes;Hombres;TOTAL;65,16666667;
Iznate;2012;Demandantes;Mujeres;De 16 a 29 años;10,83333334;
Iznate;2012;Demandantes;Mujeres;De 30 a 44 años;6,66666667;
Iznate;2012;Demandantes;Mujeres;De 45 a 64 años;2,83333333;
Iznate;2012;Demandantes;Mujeres;TOTAL;20,33333334;
Iznate;2012;Demandantes;Ambos sexos;De 16 a 29 años;31,75000001;
Iznate;2012;Demandantes;Ambos sexos;De 30 a 44 años;32;
Iznate;2012;Demandantes;Ambos sexos;De 45 a 64 años;21,75;
Iznate;2012;Demandantes;Ambos sexos;TOTAL;85,50000001;
Jimera de Líbar;2010;Demandantes;Hombres;De 16 a 29 años;3,75;
Jimera de Líbar;2010;Demandantes;Hombres;De 30 a 44 años;6,33333334;
Jimera de Líbar;2010;Demandantes;Hombres;De 45 a 64 años;9,91666666;
Jimera de Líbar;2010;Demandantes;Hombres;TOTAL;20;
Jimera de Líbar;2010;Demandantes;Mujeres;De 16 a 29 años;5,66666667;
Jimera de Líbar;2010;Demandantes;Mujeres;De 30 a 44 años;2,83333333;
Jimera de Líbar;2010;Demandantes;Mujeres;De 45 a 64 años;5,91666667;
Jimera de Líbar;2010;Demandantes;Mujeres;TOTAL;14,41666667;
Jimera de Líbar;2010;Demandantes;Ambos sexos;De 16 a 29 años;9,41666667;
Jimera de Líbar;2010;Demandantes;Ambos sexos;De 30 a 44 años;9,16666667;
Jimera de Líbar;2010;Demandantes;Ambos sexos;De 45 a 64 años;15,83333333;
Jimera de Líbar;2010;Demandantes;Ambos sexos;TOTAL;34,41666667;
Jimera de Líbar;2011;Demandantes;Hombres;De 16 a 29 años;5,16666668;
Jimera de Líbar;2011;Demandantes;Hombres;De 30 a 44 años;6,91666666;
Jimera de Líbar;2011;Demandantes;Hombres;De 45 a 64 años;11,41666666;
Jimera de Líbar;2011;Demandantes;Hombres;TOTAL;23,5;
Jimera de Líbar;2011;Demandantes;Mujeres;De 16 a 29 años;3,74999999;
Jimera de Líbar;2011;Demandantes;Mujeres;De 30 a 44 años;2,83333333;
Jimera de Líbar;2011;Demandantes;Mujeres;De 45 a 64 años;5,33333332;
Jimera de Líbar;2011;Demandantes;Mujeres;TOTAL;11,91666664;
Jimera de Líbar;2011;Demandantes;Ambos sexos;De 16 a 29 años;8,91666667;
Jimera de Líbar;2011;Demandantes;Ambos sexos;De 30 a 44 años;9,74999999;
Jimera de Líbar;2011;Demandantes;Ambos sexos;De 45 a 64 años;16,74999998;
Jimera de Líbar;2011;Demandantes;Ambos sexos;TOTAL;35,41666664;
Jimera de Líbar;2012;Demandantes;Hombres;De 16 a 29 años;6,16666667;
Jimera de Líbar;2012;Demandantes;Hombres;De 30 a 44 años;9,33333333;
Jimera de Líbar;2012;Demandantes;Hombres;De 45 a 64 años;15,83333333;
Jimera de Líbar;2012;Demandantes;Hombres;TOTAL;31,33333333;
Jimera de Líbar;2012;Demandantes;Mujeres;De 16 a 29 años;2,83333332;
Jimera de Líbar;2012;Demandantes;Mujeres;De 30 a 44 años;6,25;
Jimera de Líbar;2012;Demandantes;Mujeres;De 45 a 64 años;6,66666666;
Jimera de Líbar;2012;Demandantes;Mujeres;TOTAL;15,74999998;
Jimera de Líbar;2012;Demandantes;Ambos sexos;De 16 a 29 años;8,99999999;
Jimera de Líbar;2012;Demandantes;Ambos sexos;De 30 a 44 años;15,58333333;
Jimera de Líbar;2012;Demandantes;Ambos sexos;De 45 a 64 años;22,49999999;
Jimera de Líbar;2012;Demandantes;Ambos sexos;TOTAL;47,08333331;
Jubrique;2010;Demandantes;Hombres;De 16 a 29 años;9,16666667;
Jubrique;2010;Demandantes;Hombres;De 30 a 44 años;11,50000001;
Jubrique;2010;Demandantes;Hombres;De 45 a 64 años;13,74999999;
Jubrique;2010;Demandantes;Hombres;TOTAL;34,41666667;
Jubrique;2010;Demandantes;Mujeres;De 16 a 29 años;2,66666667;
Jubrique;2010;Demandantes;Mujeres;De 30 a 44 años;9,66666666;
Jubrique;2010;Demandantes;Mujeres;De 45 a 64 años;11,16666666;
Jubrique;2010;Demandantes;Mujeres;TOTAL;23,49999999;
Jubrique;2010;Demandantes;Ambos sexos;De 16 a 29 años;11,83333334;
Jubrique;2010;Demandantes;Ambos sexos;De 30 a 44 años;21,16666667;
Jubrique;2010;Demandantes;Ambos sexos;De 45 a 64 años;24,91666665;
Jubrique;2010;Demandantes;Ambos sexos;TOTAL;57,91666666;
Jubrique;2011;Demandantes;Hombres;De 16 a 29 años;11,49999999;
Jubrique;2011;Demandantes;Hombres;De 30 a 44 años;9,16666669;
Jubrique;2011;Demandantes;Hombres;De 45 a 64 años;15,24999999;
Jubrique;2011;Demandantes;Hombres;TOTAL;35,91666667;
Jubrique;2011;Demandantes;Mujeres;De 16 a 29 años;5,58333333;
Jubrique;2011;Demandantes;Mujeres;De 30 a 44 años;7,74999999;
Jubrique;2011;Demandantes;Mujeres;De 45 a 64 años;12,75;
Jubrique;2011;Demandantes;Mujeres;TOTAL;26,08333332;
Jubrique;2011;Demandantes;Ambos sexos;De 16 a 29 años;17,08333332;
Jubrique;2011;Demandantes;Ambos sexos;De 30 a 44 años;16,91666668;
Jubrique;2011;Demandantes;Ambos sexos;De 45 a 64 años;27,99999999;
Jubrique;2011;Demandantes;Ambos sexos;TOTAL;61,99999999;
Jubrique;2012;Demandantes;Hombres;De 16 a 29 años;14,25000001;
Jubrique;2012;Demandantes;Hombres;De 30 a 44 años;9,66666668;
Jubrique;2012;Demandantes;Hombres;De 45 a 64 años;16,83333332;
Jubrique;2012;Demandantes;Hombres;TOTAL;40,75000001;
Jubrique;2012;Demandantes;Mujeres;De 16 a 29 años;8,99999999;
Jubrique;2012;Demandantes;Mujeres;De 30 a 44 años;11,08333333;
Jubrique;2012;Demandantes;Mujeres;De 45 a 64 años;12,24999999;
Jubrique;2012;Demandantes;Mujeres;TOTAL;32,33333331;
Jubrique;2012;Demandantes;Ambos sexos;De 16 a 29 años;23,25;
Jubrique;2012;Demandantes;Ambos sexos;De 30 a 44 años;20,75000001;
Jubrique;2012;Demandantes;Ambos sexos;De 45 a 64 años;29,08333331;
Jubrique;2012;Demandantes;Ambos sexos;TOTAL;73,08333332;
Júzcar;2010;Demandantes;Hombres;De 16 a 29 años;3,08333333;
Júzcar;2010;Demandantes;Hombres;De 30 a 44 años;3,99999999;
Júzcar;2010;Demandantes;Hombres;De 45 a 64 años;3,25;
Júzcar;2010;Demandantes;Hombres;TOTAL;10,33333332;
Júzcar;2010;Demandantes;Mujeres;De 16 a 29 años;0,08333333;
Júzcar;2010;Demandantes;Mujeres;De 30 a 44 años;5;
Júzcar;2010;Demandantes;Mujeres;De 45 a 64 años;1,41666667;
Júzcar;2010;Demandantes;Mujeres;TOTAL;6,5;
Júzcar;2010;Demandantes;Ambos sexos;De 16 a 29 años;3,16666666;
Júzcar;2010;Demandantes;Ambos sexos;De 30 a 44 años;8,99999999;
Júzcar;2010;Demandantes;Ambos sexos;De 45 a 64 años;4,66666667;
Júzcar;2010;Demandantes;Ambos sexos;TOTAL;16,83333332;
Júzcar;2011;Demandantes;Hombres;De 16 a 29 años;4,08333334;
Júzcar;2011;Demandantes;Hombres;De 30 a 44 años;3,25;
Júzcar;2011;Demandantes;Hombres;De 45 a 64 años;2,58333334;
Júzcar;2011;Demandantes;Hombres;TOTAL;9,91666668;
Júzcar;2011;Demandantes;Mujeres;De 16 a 29 años;0,5;
Júzcar;2011;Demandantes;Mujeres;De 30 a 44 años;2,41666666;
Júzcar;2011;Demandantes;Mujeres;De 45 a 64 años;2,41666666;
Júzcar;2011;Demandantes;Mujeres;TOTAL;5,33333332;
Júzcar;2011;Demandantes;Ambos sexos;De 16 a 29 años;4,58333334;
Júzcar;2011;Demandantes;Ambos sexos;De 30 a 44 años;5,66666666;
Júzcar;2011;Demandantes;Ambos sexos;De 45 a 64 años;5;
Júzcar;2011;Demandantes;Ambos sexos;TOTAL;15,25;
Júzcar;2012;Demandantes;Hombres;De 16 a 29 años;3,08333334;
Júzcar;2012;Demandantes;Hombres;De 30 a 44 años;3,91666667;
Júzcar;2012;Demandantes;Hombres;De 45 a 64 años;3,08333333;
Júzcar;2012;Demandantes;Hombres;TOTAL;10,08333334;
Júzcar;2012;Demandantes;Mujeres;De 16 a 29 años;0,33333333;
Júzcar;2012;Demandantes;Mujeres;De 30 a 44 años;3,16666667;
Júzcar;2012;Demandantes;Mujeres;De 45 a 64 años;3,33333333;
Júzcar;2012;Demandantes;Mujeres;TOTAL;6,83333333;
Júzcar;2012;Demandantes;Ambos sexos;De 16 a 29 años;3,41666667;
Júzcar;2012;Demandantes;Ambos sexos;De 30 a 44 años;7,08333334;
Júzcar;2012;Demandantes;Ambos sexos;De 45 a 64 años;6,41666666;
Júzcar;2012;Demandantes;Ambos sexos;TOTAL;16,91666667;
Macharaviaya;2010;Demandantes;Hombres;De 16 a 29 años;13,24999999;
Macharaviaya;2010;Demandantes;Hombres;De 30 a 44 años;13,33333333;
Macharaviaya;2010;Demandantes;Hombres;De 45 a 64 años;15,41666667;
Macharaviaya;2010;Demandantes;Hombres;TOTAL;41,99999999;
Macharaviaya;2010;Demandantes;Mujeres;De 16 a 29 años;2,00000001;
Macharaviaya;2010;Demandantes;Mujeres;De 30 a 44 años;7,41666666;
Macharaviaya;2010;Demandantes;Mujeres;De 45 a 64 años;0,5;
Macharaviaya;2010;Demandantes;Mujeres;TOTAL;9,91666667;
Macharaviaya;2010;Demandantes;Ambos sexos;De 16 a 29 años;15,25;
Macharaviaya;2010;Demandantes;Ambos sexos;De 30 a 44 años;20,74999999;
Macharaviaya;2010;Demandantes;Ambos sexos;De 45 a 64 años;15,91666667;
Macharaviaya;2010;Demandantes;Ambos sexos;TOTAL;51,91666666;
Macharaviaya;2011;Demandantes;Hombres;De 16 a 29 años;8,83333333;
Macharaviaya;2011;Demandantes;Hombres;De 30 a 44 años;13,75000001;
Macharaviaya;2011;Demandantes;Hombres;De 45 a 64 años;17,75;
Macharaviaya;2011;Demandantes;Hombres;TOTAL;40,33333334;
Macharaviaya;2011;Demandantes;Mujeres;De 16 a 29 años;4,25000001;
Macharaviaya;2011;Demandantes;Mujeres;De 30 a 44 años;3,91666666;
Macharaviaya;2011;Demandantes;Mujeres;De 45 a 64 años;0,08333333;
Macharaviaya;2011;Demandantes;Mujeres;TOTAL;8,25;
Macharaviaya;2011;Demandantes;Ambos sexos;De 16 a 29 años;13,08333334;
Macharaviaya;2011;Demandantes;Ambos sexos;De 30 a 44 años;17,66666667;
Macharaviaya;2011;Demandantes;Ambos sexos;De 45 a 64 años;17,83333333;
Macharaviaya;2011;Demandantes;Ambos sexos;TOTAL;48,58333334;
Macharaviaya;2012;Demandantes;Hombres;De 16 a 29 años;10,91666667;
Macharaviaya;2012;Demandantes;Hombres;De 30 a 44 años;15,16666665;
Macharaviaya;2012;Demandantes;Hombres;De 45 a 64 años;20,75;
Macharaviaya;2012;Demandantes;Hombres;TOTAL;46,83333332;
Macharaviaya;2012;Demandantes;Mujeres;De 16 a 29 años;4,91666666;
Macharaviaya;2012;Demandantes;Mujeres;De 30 a 44 años;5,08333333;
Macharaviaya;2012;Demandantes;Mujeres;De 45 a 64 años;1,33333334;
Macharaviaya;2012;Demandantes;Mujeres;TOTAL;11,33333333;
Macharaviaya;2012;Demandantes;Ambos sexos;De 16 a 29 años;15,83333333;
Macharaviaya;2012;Demandantes;Ambos sexos;De 30 a 44 años;20,24999998;
Macharaviaya;2012;Demandantes;Ambos sexos;De 45 a 64 años;22,08333334;
Macharaviaya;2012;Demandantes;Ambos sexos;TOTAL;58,16666665;
Málaga (capital);2010;Demandantes;Hombres;De 16 a 29 años;8487,66666665;
Málaga (capital);2010;Demandantes;Hombres;De 30 a 44 años;13698,4166666;
Málaga (capital);2010;Demandantes;Hombres;De 45 a 64 años;11679,24999997;
Málaga (capital);2010;Demandantes;Hombres;TOTAL;33865,33333322;
Málaga (capital);2010;Demandantes;Mujeres;De 16 a 29 años;7457,33333332;
Málaga (capital);2010;Demandantes;Mujeres;De 30 a 44 años;13912,8333333;
Málaga (capital);2010;Demandantes;Mujeres;De 45 a 64 años;14141,74999995;
Málaga (capital);2010;Demandantes;Mujeres;TOTAL;35511,91666657;
Málaga (capital);2010;Demandantes;Ambos sexos;De 16 a 29 años;15944,99999997;
Málaga (capital);2010;Demandantes;Ambos sexos;De 30 a 44 años;27611,2499999;
Málaga (capital);2010;Demandantes;Ambos sexos;De 45 a 64 años;25820,99999992;
Málaga (capital);2010;Demandantes;Ambos sexos;TOTAL;69377,24999979;
Málaga (capital);2011;Demandantes;Hombres;De 16 a 29 años;8473,74999998;
Málaga (capital);2011;Demandantes;Hombres;De 30 a 44 años;13958,33333327;
Málaga (capital);2011;Demandantes;Hombres;De 45 a 64 años;12765,16666661;
Málaga (capital);2011;Demandantes;Hombres;TOTAL;35197,24999986;
Málaga (capital);2011;Demandantes;Mujeres;De 16 a 29 años;7789,91666664;
Málaga (capital);2011;Demandantes;Mujeres;De 30 a 44 años;14260,16666663;
Málaga (capital);2011;Demandantes;Mujeres;De 45 a 64 años;15302,91666663;
Málaga (capital);2011;Demandantes;Mujeres;TOTAL;37352,9999999;
Málaga (capital);2011;Demandantes;Ambos sexos;De 16 a 29 años;16263,66666662;
Málaga (capital);2011;Demandantes;Ambos sexos;De 30 a 44 años;28218,4999999;
Málaga (capital);2011;Demandantes;Ambos sexos;De 45 a 64 años;28068,08333324;
Málaga (capital);2011;Demandantes;Ambos sexos;TOTAL;72550,24999976;
Málaga (capital);2012;Demandantes;Hombres;De 16 a 29 años;8828,24999996;
Málaga (capital);2012;Demandantes;Hombres;De 30 a 44 años;15245,99999995;
Málaga (capital);2012;Demandantes;Hombres;De 45 a 64 años;14530,66666661;
Málaga (capital);2012;Demandantes;Hombres;TOTAL;38604,91666652;
Málaga (capital);2012;Demandantes;Mujeres;De 16 a 29 años;8685,74999997;
Málaga (capital);2012;Demandantes;Mujeres;De 30 a 44 años;15739,33333329;
Málaga (capital);2012;Demandantes;Mujeres;De 45 a 64 años;16847,6666666;
Málaga (capital);2012;Demandantes;Mujeres;TOTAL;41272,74999986;
Málaga (capital);2012;Demandantes;Ambos sexos;De 16 a 29 años;17513,99999993;
Málaga (capital);2012;Demandantes;Ambos sexos;De 30 a 44 años;30985,33333324;
Málaga (capital);2012;Demandantes;Ambos sexos;De 45 a 64 años;31378,33333321;
Málaga (capital);2012;Demandantes;Ambos sexos;TOTAL;79877,66666638;
Manilva;2010;Demandantes;Hombres;De 16 a 29 años;155,16666665;
Manilva;2010;Demandantes;Hombres;De 30 a 44 años;364,75;
Manilva;2010;Demandantes;Hombres;De 45 a 64 años;275,08333333;
Manilva;2010;Demandantes;Hombres;TOTAL;794,99999998;
Manilva;2010;Demandantes;Mujeres;De 16 a 29 años;140,08333331;
Manilva;2010;Demandantes;Mujeres;De 30 a 44 años;265,24999998;
Manilva;2010;Demandantes;Mujeres;De 45 a 64 años;139,58333332;
Manilva;2010;Demandantes;Mujeres;TOTAL;544,91666661;
Manilva;2010;Demandantes;Ambos sexos;De 16 a 29 años;295,24999996;
Manilva;2010;Demandantes;Ambos sexos;De 30 a 44 años;629,99999998;
Manilva;2010;Demandantes;Ambos sexos;De 45 a 64 años;414,66666665;
Manilva;2010;Demandantes;Ambos sexos;TOTAL;1339,91666659;
Manilva;2011;Demandantes;Hombres;De 16 a 29 años;136,25;
Manilva;2011;Demandantes;Hombres;De 30 a 44 años;336,50000001;
Manilva;2011;Demandantes;Hombres;De 45 a 64 años;272,99999997;
Manilva;2011;Demandantes;Hombres;TOTAL;745,74999998;
Manilva;2011;Demandantes;Mujeres;De 16 a 29 años;147,33333333;
Manilva;2011;Demandantes;Mujeres;De 30 a 44 años;263,16666667;
Manilva;2011;Demandantes;Mujeres;De 45 a 64 años;150,24999999;
Manilva;2011;Demandantes;Mujeres;TOTAL;560,74999999;
Manilva;2011;Demandantes;Ambos sexos;De 16 a 29 años;283,58333333;
Manilva;2011;Demandantes;Ambos sexos;De 30 a 44 años;599,66666668;
Manilva;2011;Demandantes;Ambos sexos;De 45 a 64 años;423,24999996;
Manilva;2011;Demandantes;Ambos sexos;TOTAL;1306,49999997;
Manilva;2012;Demandantes;Hombres;De 16 a 29 años;130,66666667;
Manilva;2012;Demandantes;Hombres;De 30 a 44 años;356,66666669;
Manilva;2012;Demandantes;Hombres;De 45 a 64 años;318,25;
Manilva;2012;Demandantes;Hombres;TOTAL;805,58333336;
Manilva;2012;Demandantes;Mujeres;De 16 a 29 años;132;
Manilva;2012;Demandantes;Mujeres;De 30 a 44 años;293,16666666;
Manilva;2012;Demandantes;Mujeres;De 45 a 64 años;185,91666667;
Manilva;2012;Demandantes;Mujeres;TOTAL;611,08333333;
Manilva;2012;Demandantes;Ambos sexos;De 16 a 29 años;262,66666667;
Manilva;2012;Demandantes;Ambos sexos;De 30 a 44 años;649,83333335;
Manilva;2012;Demandantes;Ambos sexos;De 45 a 64 años;504,16666667;
Manilva;2012;Demandantes;Ambos sexos;TOTAL;1416,66666669;
Marbella;2010;Demandantes;Hombres;De 16 a 29 años;1616,41666662;
Marbella;2010;Demandantes;Hombres;De 30 a 44 años;3113,24999999;
Marbella;2010;Demandantes;Hombres;De 45 a 64 años;2585,16666667;
Marbella;2010;Demandantes;Hombres;TOTAL;7314,83333328;
Marbella;2010;Demandantes;Mujeres;De 16 a 29 años;1334,16666664;
Marbella;2010;Demandantes;Mujeres;De 30 a 44 años;3279,58333333;
Marbella;2010;Demandantes;Mujeres;De 45 a 64 años;2621,83333334;
Marbella;2010;Demandantes;Mujeres;TOTAL;7235,58333331;
Marbella;2010;Demandantes;Ambos sexos;De 16 a 29 años;2950,58333326;
Marbella;2010;Demandantes;Ambos sexos;De 30 a 44 años;6392,83333332;
Marbella;2010;Demandantes;Ambos sexos;De 45 a 64 años;5207,00000001;
Marbella;2010;Demandantes;Ambos sexos;TOTAL;14550,41666659;
Marbella;2011;Demandantes;Hombres;De 16 a 29 años;1568,49999999;
Marbella;2011;Demandantes;Hombres;De 30 a 44 años;3081,74999997;
Marbella;2011;Demandantes;Hombres;De 45 a 64 años;2882,91666663;
Marbella;2011;Demandantes;Hombres;TOTAL;7533,16666659;
Marbella;2011;Demandantes;Mujeres;De 16 a 29 años;1362;
Marbella;2011;Demandantes;Mujeres;De 30 a 44 años;3211,83333334;
Marbella;2011;Demandantes;Mujeres;De 45 a 64 años;3004,74999995;
Marbella;2011;Demandantes;Mujeres;TOTAL;7578,58333329;
Marbella;2011;Demandantes;Ambos sexos;De 16 a 29 años;2930,49999999;
Marbella;2011;Demandantes;Ambos sexos;De 30 a 44 años;6293,58333331;
Marbella;2011;Demandantes;Ambos sexos;De 45 a 64 años;5887,66666658;
Marbella;2011;Demandantes;Ambos sexos;TOTAL;15111,74999988;
Marbella;2012;Demandantes;Hombres;De 16 a 29 años;1504,66666666;
Marbella;2012;Demandantes;Hombres;De 30 a 44 años;3141,16666667;
Marbella;2012;Demandantes;Hombres;De 45 a 64 años;3202,49999999;
Marbella;2012;Demandantes;Hombres;TOTAL;7848,33333332;
Marbella;2012;Demandantes;Mujeres;De 16 a 29 años;1414,33333332;
Marbella;2012;Demandantes;Mujeres;De 30 a 44 años;3360,91666663;
Marbella;2012;Demandantes;Mujeres;De 45 a 64 años;3399,99999999;
Marbella;2012;Demandantes;Mujeres;TOTAL;8175,24999994;
Marbella;2012;Demandantes;Ambos sexos;De 16 a 29 años;2918,99999998;
Marbella;2012;Demandantes;Ambos sexos;De 30 a 44 años;6502,0833333;
Marbella;2012;Demandantes;Ambos sexos;De 45 a 64 años;6602,49999998;
Marbella;2012;Demandantes;Ambos sexos;TOTAL;16023,58333326;
Mijas;2010;Demandantes;Hombres;De 16 a 29 años;889,25;
Mijas;2010;Demandantes;Hombres;De 30 a 44 años;1780,91666668;
Mijas;2010;Demandantes;Hombres;De 45 a 64 años;1177,41666667;
Mijas;2010;Demandantes;Hombres;TOTAL;3847,58333335;
Mijas;2010;Demandantes;Mujeres;De 16 a 29 años;724,75;
Mijas;2010;Demandantes;Mujeres;De 30 a 44 años;1724,75;
Mijas;2010;Demandantes;Mujeres;De 45 a 64 años;1116,91666666;
Mijas;2010;Demandantes;Mujeres;TOTAL;3566,41666666;
Mijas;2010;Demandantes;Ambos sexos;De 16 a 29 años;1614;
Mijas;2010;Demandantes;Ambos sexos;De 30 a 44 años;3505,66666668;
Mijas;2010;Demandantes;Ambos sexos;De 45 a 64 años;2294,33333333;
Mijas;2010;Demandantes;Ambos sexos;TOTAL;7414,00000001;
Mijas;2011;Demandantes;Hombres;De 16 a 29 años;852,16666669;
Mijas;2011;Demandantes;Hombres;De 30 a 44 años;1803,41666666;
Mijas;2011;Demandantes;Hombres;De 45 a 64 años;1317,66666667;
Mijas;2011;Demandantes;Hombres;TOTAL;3973,25000002;
Mijas;2011;Demandantes;Mujeres;De 16 a 29 años;815,66666665;
Mijas;2011;Demandantes;Mujeres;De 30 a 44 años;1882,91666663;
Mijas;2011;Demandantes;Mujeres;De 45 a 64 años;1413,83333331;
Mijas;2011;Demandantes;Mujeres;TOTAL;4112,41666659;
Mijas;2011;Demandantes;Ambos sexos;De 16 a 29 años;1667,83333334;
Mijas;2011;Demandantes;Ambos sexos;De 30 a 44 años;3686,33333329;
Mijas;2011;Demandantes;Ambos sexos;De 45 a 64 años;2731,49999998;
Mijas;2011;Demandantes;Ambos sexos;TOTAL;8085,66666661;
Mijas;2012;Demandantes;Hombres;De 16 a 29 años;861,16666667;
Mijas;2012;Demandantes;Hombres;De 30 a 44 años;1826,25;
Mijas;2012;Demandantes;Hombres;De 45 a 64 años;1478,08333334;
Mijas;2012;Demandantes;Hombres;TOTAL;4165,50000001;
Mijas;2012;Demandantes;Mujeres;De 16 a 29 años;852,58333332;
Mijas;2012;Demandantes;Mujeres;De 30 a 44 años;2055,25000002;
Mijas;2012;Demandantes;Mujeres;De 45 a 64 años;1630,5;
Mijas;2012;Demandantes;Mujeres;TOTAL;4538,33333334;
Mijas;2012;Demandantes;Ambos sexos;De 16 a 29 años;1713,74999999;
Mijas;2012;Demandantes;Ambos sexos;De 30 a 44 años;3881,50000002;
Mijas;2012;Demandantes;Ambos sexos;De 45 a 64 años;3108,58333334;
Mijas;2012;Demandantes;Ambos sexos;TOTAL;8703,83333335;
Moclinejo;2010;Demandantes;Hombres;De 16 a 29 años;22,08333334;
Moclinejo;2010;Demandantes;Hombres;De 30 a 44 años;43,83333333;
Moclinejo;2010;Demandantes;Hombres;De 45 a 64 años;22,41666666;
Moclinejo;2010;Demandantes;Hombres;TOTAL;88,33333333;
Moclinejo;2010;Demandantes;Mujeres;De 16 a 29 años;9,33333333;
Moclinejo;2010;Demandantes;Mujeres;De 30 a 44 años;10,25;
Moclinejo;2010;Demandantes;Mujeres;De 45 a 64 años;2,25;
Moclinejo;2010;Demandantes;Mujeres;TOTAL;21,83333333;
Moclinejo;2010;Demandantes;Ambos sexos;De 16 a 29 años;31,41666667;
Moclinejo;2010;Demandantes;Ambos sexos;De 30 a 44 años;54,08333333;
Moclinejo;2010;Demandantes;Ambos sexos;De 45 a 64 años;24,66666666;
Moclinejo;2010;Demandantes;Ambos sexos;TOTAL;110,16666666;
Moclinejo;2011;Demandantes;Hombres;De 16 a 29 años;19,58333333;
Moclinejo;2011;Demandantes;Hombres;De 30 a 44 años;40,75000001;
Moclinejo;2011;Demandantes;Hombres;De 45 a 64 años;25,50000002;
Moclinejo;2011;Demandantes;Hombres;TOTAL;85,83333336;
Moclinejo;2011;Demandantes;Mujeres;De 16 a 29 años;13,16666666;
Moclinejo;2011;Demandantes;Mujeres;De 30 a 44 años;7,74999999;
Moclinejo;2011;Demandantes;Mujeres;De 45 a 64 años;4,5;
Moclinejo;2011;Demandantes;Mujeres;TOTAL;25,41666665;
Moclinejo;2011;Demandantes;Ambos sexos;De 16 a 29 años;32,74999999;
Moclinejo;2011;Demandantes;Ambos sexos;De 30 a 44 años;48,5;
Moclinejo;2011;Demandantes;Ambos sexos;De 45 a 64 años;30,00000002;
Moclinejo;2011;Demandantes;Ambos sexos;TOTAL;111,25000001;
Moclinejo;2012;Demandantes;Hombres;De 16 a 29 años;20,66666667;
Moclinejo;2012;Demandantes;Hombres;De 30 a 44 años;54;
Moclinejo;2012;Demandantes;Hombres;De 45 a 64 años;37,08333334;
Moclinejo;2012;Demandantes;Hombres;TOTAL;111,75000001;
Moclinejo;2012;Demandantes;Mujeres;De 16 a 29 años;16;
Moclinejo;2012;Demandantes;Mujeres;De 30 a 44 años;12,58333333;
Moclinejo;2012;Demandantes;Mujeres;De 45 a 64 años;6,41666668;
Moclinejo;2012;Demandantes;Mujeres;TOTAL;35,00000001;
Moclinejo;2012;Demandantes;Ambos sexos;De 16 a 29 años;36,66666667;
Moclinejo;2012;Demandantes;Ambos sexos;De 30 a 44 años;66,58333333;
Moclinejo;2012;Demandantes;Ambos sexos;De 45 a 64 años;43,50000002;
Moclinejo;2012;Demandantes;Ambos sexos;TOTAL;146,75000002;
Mollina;2010;Demandantes;Hombres;De 16 a 29 años;46,74999998;
Mollina;2010;Demandantes;Hombres;De 30 a 44 años;88,33333333;
Mollina;2010;Demandantes;Hombres;De 45 a 64 años;63,16666666;
Mollina;2010;Demandantes;Hombres;TOTAL;198,24999997;
Mollina;2010;Demandantes;Mujeres;De 16 a 29 años;46,66666667;
Mollina;2010;Demandantes;Mujeres;De 30 a 44 años;70,58333334;
Mollina;2010;Demandantes;Mujeres;De 45 a 64 años;27,50000001;
Mollina;2010;Demandantes;Mujeres;TOTAL;144,75000002;
Mollina;2010;Demandantes;Ambos sexos;De 16 a 29 años;93,41666665;
Mollina;2010;Demandantes;Ambos sexos;De 30 a 44 años;158,91666667;
Mollina;2010;Demandantes;Ambos sexos;De 45 a 64 años;90,66666667;
Mollina;2010;Demandantes;Ambos sexos;TOTAL;342,99999999;
Mollina;2011;Demandantes;Hombres;De 16 a 29 años;50,08333333;
Mollina;2011;Demandantes;Hombres;De 30 a 44 años;89,66666667;
Mollina;2011;Demandantes;Hombres;De 45 a 64 años;68,08333332;
Mollina;2011;Demandantes;Hombres;TOTAL;207,83333332;
Mollina;2011;Demandantes;Mujeres;De 16 a 29 años;49,91666667;
Mollina;2011;Demandantes;Mujeres;De 30 a 44 años;65,66666666;
Mollina;2011;Demandantes;Mujeres;De 45 a 64 años;27,41666668;
Mollina;2011;Demandantes;Mujeres;TOTAL;143,00000001;
Mollina;2011;Demandantes;Ambos sexos;De 16 a 29 años;100;
Mollina;2011;Demandantes;Ambos sexos;De 30 a 44 años;155,33333333;
Mollina;2011;Demandantes;Ambos sexos;De 45 a 64 años;95,5;
Mollina;2011;Demandantes;Ambos sexos;TOTAL;350,83333333;
Mollina;2012;Demandantes;Hombres;De 16 a 29 años;55,25000001;
Mollina;2012;Demandantes;Hombres;De 30 a 44 años;92,00000002;
Mollina;2012;Demandantes;Hombres;De 45 a 64 años;84,91666665;
Mollina;2012;Demandantes;Hombres;TOTAL;232,16666668;
Mollina;2012;Demandantes;Mujeres;De 16 a 29 años;62,74999998;
Mollina;2012;Demandantes;Mujeres;De 30 a 44 años;83,25000001;
Mollina;2012;Demandantes;Mujeres;De 45 a 64 años;35,66666666;
Mollina;2012;Demandantes;Mujeres;TOTAL;181,66666665;
Mollina;2012;Demandantes;Ambos sexos;De 16 a 29 años;117,99999999;
Mollina;2012;Demandantes;Ambos sexos;De 30 a 44 años;175,25000003;
Mollina;2012;Demandantes;Ambos sexos;De 45 a 64 años;120,58333331;
Mollina;2012;Demandantes;Ambos sexos;TOTAL;413,83333333;
Monda;2010;Demandantes;Hombres;De 16 a 29 años;32;
Monda;2010;Demandantes;Hombres;De 30 a 44 años;81,66666666;
Monda;2010;Demandantes;Hombres;De 45 a 64 años;66,91666666;
Monda;2010;Demandantes;Hombres;TOTAL;180,58333332;
Monda;2010;Demandantes;Mujeres;De 16 a 29 años;28,75000002;
Monda;2010;Demandantes;Mujeres;De 30 a 44 años;52,33333333;
Monda;2010;Demandantes;Mujeres;De 45 a 64 años;28,91666667;
Monda;2010;Demandantes;Mujeres;TOTAL;110,00000002;
Monda;2010;Demandantes;Ambos sexos;De 16 a 29 años;60,75000002;
Monda;2010;Demandantes;Ambos sexos;De 30 a 44 años;133,99999999;
Monda;2010;Demandantes;Ambos sexos;De 45 a 64 años;95,83333333;
Monda;2010;Demandantes;Ambos sexos;TOTAL;290,58333334;
Monda;2011;Demandantes;Hombres;De 16 a 29 años;40,91666668;
Monda;2011;Demandantes;Hombres;De 30 a 44 años;84,08333331;
Monda;2011;Demandantes;Hombres;De 45 a 64 años;81,33333334;
Monda;2011;Demandantes;Hombres;TOTAL;206,33333333;
Monda;2011;Demandantes;Mujeres;De 16 a 29 años;27,83333333;
Monda;2011;Demandantes;Mujeres;De 30 a 44 años;50,91666665;
Monda;2011;Demandantes;Mujeres;De 45 a 64 años;41,08333334;
Monda;2011;Demandantes;Mujeres;TOTAL;119,83333332;
Monda;2011;Demandantes;Ambos sexos;De 16 a 29 años;68,75000001;
Monda;2011;Demandantes;Ambos sexos;De 30 a 44 años;134,99999996;
Monda;2011;Demandantes;Ambos sexos;De 45 a 64 años;122,41666668;
Monda;2011;Demandantes;Ambos sexos;TOTAL;326,16666665;
Monda;2012;Demandantes;Hombres;De 16 a 29 años;40,16666665;
Monda;2012;Demandantes;Hombres;De 30 a 44 años;76,33333335;
Monda;2012;Demandantes;Hombres;De 45 a 64 años;95,33333335;
Monda;2012;Demandantes;Hombres;TOTAL;211,83333335;
Monda;2012;Demandantes;Mujeres;De 16 a 29 años;31,83333332;
Monda;2012;Demandantes;Mujeres;De 30 a 44 años;60,75;
Monda;2012;Demandantes;Mujeres;De 45 a 64 años;51,75000001;
Monda;2012;Demandantes;Mujeres;TOTAL;144,33333333;
Monda;2012;Demandantes;Ambos sexos;De 16 a 29 años;71,99999997;
Monda;2012;Demandantes;Ambos sexos;De 30 a 44 años;137,08333335;
Monda;2012;Demandantes;Ambos sexos;De 45 a 64 años;147,08333336;
Monda;2012;Demandantes;Ambos sexos;TOTAL;356,16666668;
Montejaque;2010;Demandantes;Hombres;De 16 a 29 años;6,66666667;
Montejaque;2010;Demandantes;Hombres;De 30 a 44 años;14,66666667;
Montejaque;2010;Demandantes;Hombres;De 45 a 64 años;16,83333332;
Montejaque;2010;Demandantes;Hombres;TOTAL;38,16666666;
Montejaque;2010;Demandantes;Mujeres;De 16 a 29 años;8,58333332;
Montejaque;2010;Demandantes;Mujeres;De 30 a 44 años;16,66666667;
Montejaque;2010;Demandantes;Mujeres;De 45 a 64 años;25,58333334;
Montejaque;2010;Demandantes;Mujeres;TOTAL;50,83333333;
Montejaque;2010;Demandantes;Ambos sexos;De 16 a 29 años;15,24999999;
Montejaque;2010;Demandantes;Ambos sexos;De 30 a 44 años;31,33333334;
Montejaque;2010;Demandantes;Ambos sexos;De 45 a 64 años;42,41666666;
Montejaque;2010;Demandantes;Ambos sexos;TOTAL;88,99999999;
Montejaque;2011;Demandantes;Hombres;De 16 a 29 años;9,75000001;
Montejaque;2011;Demandantes;Hombres;De 30 a 44 años;13,83333333;
Montejaque;2011;Demandantes;Hombres;De 45 a 64 años;15;
Montejaque;2011;Demandantes;Hombres;TOTAL;38,58333334;
Montejaque;2011;Demandantes;Mujeres;De 16 a 29 años;11,5;
Montejaque;2011;Demandantes;Mujeres;De 30 a 44 años;17,41666666;
Montejaque;2011;Demandantes;Mujeres;De 45 a 64 años;28,83333333;
Montejaque;2011;Demandantes;Mujeres;TOTAL;57,74999999;
Montejaque;2011;Demandantes;Ambos sexos;De 16 a 29 años;21,25000001;
Montejaque;2011;Demandantes;Ambos sexos;De 30 a 44 años;31,24999999;
Montejaque;2011;Demandantes;Ambos sexos;De 45 a 64 años;43,83333333;
Montejaque;2011;Demandantes;Ambos sexos;TOTAL;96,33333333;
Montejaque;2012;Demandantes;Hombres;De 16 a 29 años;9,83333333;
Montejaque;2012;Demandantes;Hombres;De 30 a 44 años;15,08333332;
Montejaque;2012;Demandantes;Hombres;De 45 a 64 años;19,08333334;
Montejaque;2012;Demandantes;Hombres;TOTAL;43,99999999;
Montejaque;2012;Demandantes;Mujeres;De 16 a 29 años;13,33333332;
Montejaque;2012;Demandantes;Mujeres;De 30 a 44 años;19,41666666;
Montejaque;2012;Demandantes;Mujeres;De 45 a 64 años;28,91666667;
Montejaque;2012;Demandantes;Mujeres;TOTAL;61,66666665;
Montejaque;2012;Demandantes;Ambos sexos;De 16 a 29 años;23,16666665;
Montejaque;2012;Demandantes;Ambos sexos;De 30 a 44 años;34,49999998;
Montejaque;2012;Demandantes;Ambos sexos;De 45 a 64 años;48,00000001;
Montejaque;2012;Demandantes;Ambos sexos;TOTAL;105,66666664;
Nerja;2010;Demandantes;Hombres;De 16 a 29 años;360,50000002;
Nerja;2010;Demandantes;Hombres;De 30 a 44 años;504,49999997;
Nerja;2010;Demandantes;Hombres;De 45 a 64 años;477,33333333;
Nerja;2010;Demandantes;Hombres;TOTAL;1342,33333332;
Nerja;2010;Demandantes;Mujeres;De 16 a 29 años;295,16666665;
Nerja;2010;Demandantes;Mujeres;De 30 a 44 años;553;
Nerja;2010;Demandantes;Mujeres;De 45 a 64 años;434,58333332;
Nerja;2010;Demandantes;Mujeres;TOTAL;1282,74999997;
Nerja;2010;Demandantes;Ambos sexos;De 16 a 29 años;655,66666667;
Nerja;2010;Demandantes;Ambos sexos;De 30 a 44 años;1057,49999997;
Nerja;2010;Demandantes;Ambos sexos;De 45 a 64 años;911,91666665;
Nerja;2010;Demandantes;Ambos sexos;TOTAL;2625,08333329;
Nerja;2011;Demandantes;Hombres;De 16 a 29 años;379,33333336;
Nerja;2011;Demandantes;Hombres;De 30 a 44 años;493,99999998;
Nerja;2011;Demandantes;Hombres;De 45 a 64 años;518,33333336;
Nerja;2011;Demandantes;Hombres;TOTAL;1391,6666667;
Nerja;2011;Demandantes;Mujeres;De 16 a 29 años;291,83333334;
Nerja;2011;Demandantes;Mujeres;De 30 a 44 años;549,24999998;
Nerja;2011;Demandantes;Mujeres;De 45 a 64 años;496,16666667;
Nerja;2011;Demandantes;Mujeres;TOTAL;1337,24999999;
Nerja;2011;Demandantes;Ambos sexos;De 16 a 29 años;671,1666667;
Nerja;2011;Demandantes;Ambos sexos;De 30 a 44 años;1043,24999996;
Nerja;2011;Demandantes;Ambos sexos;De 45 a 64 años;1014,50000003;
Nerja;2011;Demandantes;Ambos sexos;TOTAL;2728,91666669;
Nerja;2012;Demandantes;Hombres;De 16 a 29 años;386,91666668;
Nerja;2012;Demandantes;Hombres;De 30 a 44 años;529,08333333;
Nerja;2012;Demandantes;Hombres;De 45 a 64 años;605,50000001;
Nerja;2012;Demandantes;Hombres;TOTAL;1521,50000002;
Nerja;2012;Demandantes;Mujeres;De 16 a 29 años;312,5;
Nerja;2012;Demandantes;Mujeres;De 30 a 44 años;569,91666667;
Nerja;2012;Demandantes;Mujeres;De 45 a 64 años;549,75000002;
Nerja;2012;Demandantes;Mujeres;TOTAL;1432,16666669;
Nerja;2012;Demandantes;Ambos sexos;De 16 a 29 años;699,41666668;
Nerja;2012;Demandantes;Ambos sexos;De 30 a 44 años;1099;
Nerja;2012;Demandantes;Ambos sexos;De 45 a 64 años;1155,25000003;
Nerja;2012;Demandantes;Ambos sexos;TOTAL;2953,66666671;
Ojén;2010;Demandantes;Hombres;De 16 a 29 años;34,16666667;
Ojén;2010;Demandantes;Hombres;De 30 a 44 años;90,83333334;
Ojén;2010;Demandantes;Hombres;De 45 a 64 años;53,25;
Ojén;2010;Demandantes;Hombres;TOTAL;178,25000001;
Ojén;2010;Demandantes;Mujeres;De 16 a 29 años;32,5;
Ojén;2010;Demandantes;Mujeres;De 30 a 44 años;72,00000001;
Ojén;2010;Demandantes;Mujeres;De 45 a 64 años;30;
Ojén;2010;Demandantes;Mujeres;TOTAL;134,50000001;
Ojén;2010;Demandantes;Ambos sexos;De 16 a 29 años;66,66666667;
Ojén;2010;Demandantes;Ambos sexos;De 30 a 44 años;162,83333335;
Ojén;2010;Demandantes;Ambos sexos;De 45 a 64 años;83,25;
Ojén;2010;Demandantes;Ambos sexos;TOTAL;312,75000002;
Ojén;2011;Demandantes;Hombres;De 16 a 29 años;36,74999999;
Ojén;2011;Demandantes;Hombres;De 30 a 44 años;90,25000001;
Ojén;2011;Demandantes;Hombres;De 45 a 64 años;55,66666666;
Ojén;2011;Demandantes;Hombres;TOTAL;182,66666666;
Ojén;2011;Demandantes;Mujeres;De 16 a 29 años;33,75;
Ojén;2011;Demandantes;Mujeres;De 30 a 44 años;74,16666665;
Ojén;2011;Demandantes;Mujeres;De 45 a 64 años;34,66666666;
Ojén;2011;Demandantes;Mujeres;TOTAL;142,58333331;
Ojén;2011;Demandantes;Ambos sexos;De 16 a 29 años;70,49999999;
Ojén;2011;Demandantes;Ambos sexos;De 30 a 44 años;164,41666666;
Ojén;2011;Demandantes;Ambos sexos;De 45 a 64 años;90,33333332;
Ojén;2011;Demandantes;Ambos sexos;TOTAL;325,24999997;
Ojén;2012;Demandantes;Hombres;De 16 a 29 años;44;
Ojén;2012;Demandantes;Hombres;De 30 a 44 años;84,16666666;
Ojén;2012;Demandantes;Hombres;De 45 a 64 años;69,50000002;
Ojén;2012;Demandantes;Hombres;TOTAL;197,66666668;
Ojén;2012;Demandantes;Mujeres;De 16 a 29 años;34,75000001;
Ojén;2012;Demandantes;Mujeres;De 30 a 44 años;84,58333334;
Ojén;2012;Demandantes;Mujeres;De 45 a 64 años;49,08333333;
Ojén;2012;Demandantes;Mujeres;TOTAL;168,41666668;
Ojén;2012;Demandantes;Ambos sexos;De 16 a 29 años;78,75000001;
Ojén;2012;Demandantes;Ambos sexos;De 30 a 44 años;168,75;
Ojén;2012;Demandantes;Ambos sexos;De 45 a 64 años;118,58333335;
Ojén;2012;Demandantes;Ambos sexos;TOTAL;366,08333336;
Parauta;2010;Demandantes;Hombres;De 16 a 29 años;3,99999999;
Parauta;2010;Demandantes;Hombres;De 30 a 44 años;6,75;
Parauta;2010;Demandantes;Hombres;De 45 a 64 años;4,58333333;
Parauta;2010;Demandantes;Hombres;TOTAL;15,33333332;
Parauta;2010;Demandantes;Mujeres;De 16 a 29 años;1,5;
Parauta;2010;Demandantes;Mujeres;De 30 a 44 años;1,25;
Parauta;2010;Demandantes;Mujeres;De 45 a 64 años;1,74999999;
Parauta;2010;Demandantes;Mujeres;TOTAL;4,49999999;
Parauta;2010;Demandantes;Ambos sexos;De 16 a 29 años;5,49999999;
Parauta;2010;Demandantes;Ambos sexos;De 30 a 44 años;8;
Parauta;2010;Demandantes;Ambos sexos;De 45 a 64 años;6,33333332;
Parauta;2010;Demandantes;Ambos sexos;TOTAL;19,83333331;
Parauta;2011;Demandantes;Hombres;De 16 a 29 años;4,66666667;
Parauta;2011;Demandantes;Hombres;De 30 a 44 años;5,25;
Parauta;2011;Demandantes;Hombres;De 45 a 64 años;5,25;
Parauta;2011;Demandantes;Hombres;TOTAL;15,16666667;
Parauta;2011;Demandantes;Mujeres;De 16 a 29 años;2,08333333;
Parauta;2011;Demandantes;Mujeres;De 30 a 44 años;1,08333333;
Parauta;2011;Demandantes;Mujeres;De 45 a 64 años;2,08333334;
Parauta;2011;Demandantes;Mujeres;TOTAL;5,25;
Parauta;2011;Demandantes;Ambos sexos;De 16 a 29 años;6,75;
Parauta;2011;Demandantes;Ambos sexos;De 30 a 44 años;6,33333333;
Parauta;2011;Demandantes;Ambos sexos;De 45 a 64 años;7,33333334;
Parauta;2011;Demandantes;Ambos sexos;TOTAL;20,41666667;
Parauta;2012;Demandantes;Hombres;De 16 a 29 años;4,83333332;
Parauta;2012;Demandantes;Hombres;De 30 a 44 años;10,66666667;
Parauta;2012;Demandantes;Hombres;De 45 a 64 años;6,5;
Parauta;2012;Demandantes;Hombres;TOTAL;21,99999999;
Parauta;2012;Demandantes;Mujeres;De 16 a 29 años;5,41666666;
Parauta;2012;Demandantes;Mujeres;De 30 a 44 años;2,58333333;
Parauta;2012;Demandantes;Mujeres;De 45 a 64 años;1,58333333;
Parauta;2012;Demandantes;Mujeres;TOTAL;9,58333332;
Parauta;2012;Demandantes;Ambos sexos;De 16 a 29 años;10,24999998;
Parauta;2012;Demandantes;Ambos sexos;De 30 a 44 años;13,25;
Parauta;2012;Demandantes;Ambos sexos;De 45 a 64 años;8,08333333;
Parauta;2012;Demandantes;Ambos sexos;TOTAL;31,58333331;
Periana;2010;Demandantes;Hombres;De 16 a 29 años;70,08333332;
Periana;2010;Demandantes;Hombres;De 30 a 44 años;83,75;
Periana;2010;Demandantes;Hombres;De 45 a 64 años;69;
Periana;2010;Demandantes;Hombres;TOTAL;222,83333332;
Periana;2010;Demandantes;Mujeres;De 16 a 29 años;34,83333333;
Periana;2010;Demandantes;Mujeres;De 30 a 44 años;33,25000001;
Periana;2010;Demandantes;Mujeres;De 45 a 64 años;17,83333334;
Periana;2010;Demandantes;Mujeres;TOTAL;85,91666668;
Periana;2010;Demandantes;Ambos sexos;De 16 a 29 años;104,91666665;
Periana;2010;Demandantes;Ambos sexos;De 30 a 44 años;117,00000001;
Periana;2010;Demandantes;Ambos sexos;De 45 a 64 años;86,83333334;
Periana;2010;Demandantes;Ambos sexos;TOTAL;308,75;
Periana;2011;Demandantes;Hombres;De 16 a 29 años;56,5;
Periana;2011;Demandantes;Hombres;De 30 a 44 años;79,91666666;
Periana;2011;Demandantes;Hombres;De 45 a 64 años;73,25;
Periana;2011;Demandantes;Hombres;TOTAL;209,66666666;
Periana;2011;Demandantes;Mujeres;De 16 a 29 años;49,16666667;
Periana;2011;Demandantes;Mujeres;De 30 a 44 años;33,58333333;
Periana;2011;Demandantes;Mujeres;De 45 a 64 años;20,58333333;
Periana;2011;Demandantes;Mujeres;TOTAL;103,33333333;
Periana;2011;Demandantes;Ambos sexos;De 16 a 29 años;105,66666667;
Periana;2011;Demandantes;Ambos sexos;De 30 a 44 años;113,49999999;
Periana;2011;Demandantes;Ambos sexos;De 45 a 64 años;93,83333333;
Periana;2011;Demandantes;Ambos sexos;TOTAL;312,99999999;
Periana;2012;Demandantes;Hombres;De 16 a 29 años;65,5;
Periana;2012;Demandantes;Hombres;De 30 a 44 años;86,66666667;
Periana;2012;Demandantes;Hombres;De 45 a 64 años;91,25;
Periana;2012;Demandantes;Hombres;TOTAL;243,41666667;
Periana;2012;Demandantes;Mujeres;De 16 a 29 años;63,16666668;
Periana;2012;Demandantes;Mujeres;De 30 a 44 años;38,58333333;
Periana;2012;Demandantes;Mujeres;De 45 a 64 años;24,08333334;
Periana;2012;Demandantes;Mujeres;TOTAL;125,83333335;
Periana;2012;Demandantes;Ambos sexos;De 16 a 29 años;128,66666668;
Periana;2012;Demandantes;Ambos sexos;De 30 a 44 años;125,25;
Periana;2012;Demandantes;Ambos sexos;De 45 a 64 años;115,33333334;
Periana;2012;Demandantes;Ambos sexos;TOTAL;369,25000002;
Pizarra;2010;Demandantes;Hombres;De 16 a 29 años;138,91666668;
Pizarra;2010;Demandantes;Hombres;De 30 a 44 años;247,83333333;
Pizarra;2010;Demandantes;Hombres;De 45 a 64 años;186,16666666;
Pizarra;2010;Demandantes;Hombres;TOTAL;572,91666667;
Pizarra;2010;Demandantes;Mujeres;De 16 a 29 años;133,83333333;
Pizarra;2010;Demandantes;Mujeres;De 30 a 44 años;251,91666667;
Pizarra;2010;Demandantes;Mujeres;De 45 a 64 años;162,41666665;
Pizarra;2010;Demandantes;Mujeres;TOTAL;548,16666665;
Pizarra;2010;Demandantes;Ambos sexos;De 16 a 29 años;272,75000001;
Pizarra;2010;Demandantes;Ambos sexos;De 30 a 44 años;499,75;
Pizarra;2010;Demandantes;Ambos sexos;De 45 a 64 años;348,58333331;
Pizarra;2010;Demandantes;Ambos sexos;TOTAL;1121,08333332;
Pizarra;2011;Demandantes;Hombres;De 16 a 29 años;164,58333333;
Pizarra;2011;Demandantes;Hombres;De 30 a 44 años;275,16666666;
Pizarra;2011;Demandantes;Hombres;De 45 a 64 años;226,33333334;
Pizarra;2011;Demandantes;Hombres;TOTAL;666,08333333;
Pizarra;2011;Demandantes;Mujeres;De 16 a 29 años;167,08333334;
Pizarra;2011;Demandantes;Mujeres;De 30 a 44 años;282,33333334;
Pizarra;2011;Demandantes;Mujeres;De 45 a 64 años;189,25;
Pizarra;2011;Demandantes;Mujeres;TOTAL;638,66666668;
Pizarra;2011;Demandantes;Ambos sexos;De 16 a 29 años;331,66666667;
Pizarra;2011;Demandantes;Ambos sexos;De 30 a 44 años;557,5;
Pizarra;2011;Demandantes;Ambos sexos;De 45 a 64 años;415,58333334;
Pizarra;2011;Demandantes;Ambos sexos;TOTAL;1304,75000001;
Pizarra;2012;Demandantes;Hombres;De 16 a 29 años;188,16666667;
Pizarra;2012;Demandantes;Hombres;De 30 a 44 años;301,83333333;
Pizarra;2012;Demandantes;Hombres;De 45 a 64 años;264,66666666;
Pizarra;2012;Demandantes;Hombres;TOTAL;754,66666666;
Pizarra;2012;Demandantes;Mujeres;De 16 a 29 años;177,49999999;
Pizarra;2012;Demandantes;Mujeres;De 30 a 44 años;315,33333333;
Pizarra;2012;Demandantes;Mujeres;De 45 a 64 años;226,24999999;
Pizarra;2012;Demandantes;Mujeres;TOTAL;719,08333331;
Pizarra;2012;Demandantes;Ambos sexos;De 16 a 29 años;365,66666666;
Pizarra;2012;Demandantes;Ambos sexos;De 30 a 44 años;617,16666666;
Pizarra;2012;Demandantes;Ambos sexos;De 45 a 64 años;490,91666665;
Pizarra;2012;Demandantes;Ambos sexos;TOTAL;1473,74999997;
Pujerra;2010;Demandantes;Hombres;De 16 a 29 años;4,75;
Pujerra;2010;Demandantes;Hombres;De 30 a 44 años;5,50000001;
Pujerra;2010;Demandantes;Hombres;De 45 a 64 años;3,16666666;
Pujerra;2010;Demandantes;Hombres;TOTAL;13,41666667;
Pujerra;2010;Demandantes;Mujeres;De 16 a 29 años;0,41666667;
Pujerra;2010;Demandantes;Mujeres;De 30 a 44 años;3,75;
Pujerra;2010;Demandantes;Mujeres;De 45 a 64 años;9,08333334;
Pujerra;2010;Demandantes;Mujeres;TOTAL;13,25000001;
Pujerra;2010;Demandantes;Ambos sexos;De 16 a 29 años;5,16666667;
Pujerra;2010;Demandantes;Ambos sexos;De 30 a 44 años;9,25000001;
Pujerra;2010;Demandantes;Ambos sexos;De 45 a 64 años;12,25;
Pujerra;2010;Demandantes;Ambos sexos;TOTAL;26,66666668;
Pujerra;2011;Demandantes;Hombres;De 16 a 29 años;3,58333334;
Pujerra;2011;Demandantes;Hombres;De 30 a 44 años;6,91666667;
Pujerra;2011;Demandantes;Hombres;De 45 a 64 años;2,50000001;
Pujerra;2011;Demandantes;Hombres;TOTAL;13,00000002;
Pujerra;2011;Demandantes;Mujeres;De 16 a 29 años;0,41666666;
Pujerra;2011;Demandantes;Mujeres;De 30 a 44 años;4,66666666;
Pujerra;2011;Demandantes;Mujeres;De 45 a 64 años;5,91666666;
Pujerra;2011;Demandantes;Mujeres;TOTAL;10,99999998;
Pujerra;2011;Demandantes;Ambos sexos;De 16 a 29 años;4;
Pujerra;2011;Demandantes;Ambos sexos;De 30 a 44 años;11,58333333;
Pujerra;2011;Demandantes;Ambos sexos;De 45 a 64 años;8,41666667;
Pujerra;2011;Demandantes;Ambos sexos;TOTAL;24;
Pujerra;2012;Demandantes;Hombres;De 16 a 29 años;3,66666667;
Pujerra;2012;Demandantes;Hombres;De 30 a 44 años;5,5;
Pujerra;2012;Demandantes;Hombres;De 45 a 64 años;3,33333334;
Pujerra;2012;Demandantes;Hombres;TOTAL;12,50000001;
Pujerra;2012;Demandantes;Mujeres;De 16 a 29 años;1,08333334;
Pujerra;2012;Demandantes;Mujeres;De 30 a 44 años;5,41666666;
Pujerra;2012;Demandantes;Mujeres;De 45 a 64 años;3,75000001;
Pujerra;2012;Demandantes;Mujeres;TOTAL;10,25000001;
Pujerra;2012;Demandantes;Ambos sexos;De 16 a 29 años;4,75000001;
Pujerra;2012;Demandantes;Ambos sexos;De 30 a 44 años;10,91666666;
Pujerra;2012;Demandantes;Ambos sexos;De 45 a 64 años;7,08333335;
Pujerra;2012;Demandantes;Ambos sexos;TOTAL;22,75000002;
Rincón de la Victoria;2010;Demandantes;Hombres;De 16 a 29 años;418,91666666;
Rincón de la Victoria;2010;Demandantes;Hombres;De 30 a 44 años;852,83333334;
Rincón de la Victoria;2010;Demandantes;Hombres;De 45 a 64 años;566,75000001;
Rincón de la Victoria;2010;Demandantes;Hombres;TOTAL;1838,50000001;
Rincón de la Victoria;2010;Demandantes;Mujeres;De 16 a 29 años;340,5;
Rincón de la Victoria;2010;Demandantes;Mujeres;De 30 a 44 años;991,58333333;
Rincón de la Victoria;2010;Demandantes;Mujeres;De 45 a 64 años;629,91666666;
Rincón de la Victoria;2010;Demandantes;Mujeres;TOTAL;1961,99999999;
Rincón de la Victoria;2010;Demandantes;Ambos sexos;De 16 a 29 años;759,41666666;
Rincón de la Victoria;2010;Demandantes;Ambos sexos;De 30 a 44 años;1844,41666667;
Rincón de la Victoria;2010;Demandantes;Ambos sexos;De 45 a 64 años;1196,66666667;
Rincón de la Victoria;2010;Demandantes;Ambos sexos;TOTAL;3800,5;
Rincón de la Victoria;2011;Demandantes;Hombres;De 16 a 29 años;459,83333332;
Rincón de la Victoria;2011;Demandantes;Hombres;De 30 a 44 años;882,75000001;
Rincón de la Victoria;2011;Demandantes;Hombres;De 45 a 64 años;665,83333332;
Rincón de la Victoria;2011;Demandantes;Hombres;TOTAL;2008,41666665;
Rincón de la Victoria;2011;Demandantes;Mujeres;De 16 a 29 años;400,16666665;
Rincón de la Victoria;2011;Demandantes;Mujeres;De 30 a 44 años;1041,08333332;
Rincón de la Victoria;2011;Demandantes;Mujeres;De 45 a 64 años;726,08333334;
Rincón de la Victoria;2011;Demandantes;Mujeres;TOTAL;2167,33333331;
Rincón de la Victoria;2011;Demandantes;Ambos sexos;De 16 a 29 años;859,99999997;
Rincón de la Victoria;2011;Demandantes;Ambos sexos;De 30 a 44 años;1923,83333333;
Rincón de la Victoria;2011;Demandantes;Ambos sexos;De 45 a 64 años;1391,91666666;
Rincón de la Victoria;2011;Demandantes;Ambos sexos;TOTAL;4175,74999996;
Rincón de la Victoria;2012;Demandantes;Hombres;De 16 a 29 años;458,83333335;
Rincón de la Victoria;2012;Demandantes;Hombres;De 30 a 44 años;962;
Rincón de la Victoria;2012;Demandantes;Hombres;De 45 a 64 años;788,25000003;
Rincón de la Victoria;2012;Demandantes;Hombres;TOTAL;2209,08333338;
Rincón de la Victoria;2012;Demandantes;Mujeres;De 16 a 29 años;423;
Rincón de la Victoria;2012;Demandantes;Mujeres;De 30 a 44 años;1138,75000001;
Rincón de la Victoria;2012;Demandantes;Mujeres;De 45 a 64 años;860,74999997;
Rincón de la Victoria;2012;Demandantes;Mujeres;TOTAL;2422,49999998;
Rincón de la Victoria;2012;Demandantes;Ambos sexos;De 16 a 29 años;881,83333335;
Rincón de la Victoria;2012;Demandantes;Ambos sexos;De 30 a 44 años;2100,75000001;
Rincón de la Victoria;2012;Demandantes;Ambos sexos;De 45 a 64 años;1649;
Rincón de la Victoria;2012;Demandantes;Ambos sexos;TOTAL;4631,58333336;
Riogordo;2010;Demandantes;Hombres;De 16 a 29 años;34,58333333;
Riogordo;2010;Demandantes;Hombres;De 30 a 44 años;67,58333334;
Riogordo;2010;Demandantes;Hombres;De 45 a 64 años;72,41666665;
Riogordo;2010;Demandantes;Hombres;TOTAL;174,58333332;
Riogordo;2010;Demandantes;Mujeres;De 16 a 29 años;23,16666666;
Riogordo;2010;Demandantes;Mujeres;De 30 a 44 años;35,99999998;
Riogordo;2010;Demandantes;Mujeres;De 45 a 64 años;10,25;
Riogordo;2010;Demandantes;Mujeres;TOTAL;69,41666664;
Riogordo;2010;Demandantes;Ambos sexos;De 16 a 29 años;57,74999999;
Riogordo;2010;Demandantes;Ambos sexos;De 30 a 44 años;103,58333332;
Riogordo;2010;Demandantes;Ambos sexos;De 45 a 64 años;82,66666665;
Riogordo;2010;Demandantes;Ambos sexos;TOTAL;243,99999996;
Riogordo;2011;Demandantes;Hombres;De 16 a 29 años;31,74999998;
Riogordo;2011;Demandantes;Hombres;De 30 a 44 años;58,33333332;
Riogordo;2011;Demandantes;Hombres;De 45 a 64 años;74,75;
Riogordo;2011;Demandantes;Hombres;TOTAL;164,8333333;
Riogordo;2011;Demandantes;Mujeres;De 16 a 29 años;29,91666667;
Riogordo;2011;Demandantes;Mujeres;De 30 a 44 años;38,49999998;
Riogordo;2011;Demandantes;Mujeres;De 45 a 64 años;9,83333333;
Riogordo;2011;Demandantes;Mujeres;TOTAL;78,24999998;
Riogordo;2011;Demandantes;Ambos sexos;De 16 a 29 años;61,66666665;
Riogordo;2011;Demandantes;Ambos sexos;De 30 a 44 años;96,8333333;
Riogordo;2011;Demandantes;Ambos sexos;De 45 a 64 años;84,58333333;
Riogordo;2011;Demandantes;Ambos sexos;TOTAL;243,08333328;
Riogordo;2012;Demandantes;Hombres;De 16 a 29 años;35,08333333;
Riogordo;2012;Demandantes;Hombres;De 30 a 44 años;68,41666666;
Riogordo;2012;Demandantes;Hombres;De 45 a 64 años;88,00000002;
Riogordo;2012;Demandantes;Hombres;TOTAL;191,50000001;
Riogordo;2012;Demandantes;Mujeres;De 16 a 29 años;32,33333333;
Riogordo;2012;Demandantes;Mujeres;De 30 a 44 años;41,91666668;
Riogordo;2012;Demandantes;Mujeres;De 45 a 64 años;16,83333333;
Riogordo;2012;Demandantes;Mujeres;TOTAL;91,08333334;
Riogordo;2012;Demandantes;Ambos sexos;De 16 a 29 años;67,41666666;
Riogordo;2012;Demandantes;Ambos sexos;De 30 a 44 años;110,33333334;
Riogordo;2012;Demandantes;Ambos sexos;De 45 a 64 años;104,83333335;
Riogordo;2012;Demandantes;Ambos sexos;TOTAL;282,58333335;
Ronda;2010;Demandantes;Hombres;De 16 a 29 años;568,91666664;
Ronda;2010;Demandantes;Hombres;De 30 a 44 años;736,58333332;
Ronda;2010;Demandantes;Hombres;De 45 a 64 años;680,41666664;
Ronda;2010;Demandantes;Hombres;TOTAL;1985,9166666;
Ronda;2010;Demandantes;Mujeres;De 16 a 29 años;491,49999999;
Ronda;2010;Demandantes;Mujeres;De 30 a 44 años;915,91666666;
Ronda;2010;Demandantes;Mujeres;De 45 a 64 años;824,24999999;
Ronda;2010;Demandantes;Mujeres;TOTAL;2231,66666664;
Ronda;2010;Demandantes;Ambos sexos;De 16 a 29 años;1060,41666663;
Ronda;2010;Demandantes;Ambos sexos;De 30 a 44 años;1652,49999998;
Ronda;2010;Demandantes;Ambos sexos;De 45 a 64 años;1504,66666663;
Ronda;2010;Demandantes;Ambos sexos;TOTAL;4217,58333324;
Ronda;2011;Demandantes;Hombres;De 16 a 29 años;594,49999999;
Ronda;2011;Demandantes;Hombres;De 30 a 44 años;782,74999999;
Ronda;2011;Demandantes;Hombres;De 45 a 64 años;791,74999998;
Ronda;2011;Demandantes;Hombres;TOTAL;2168,99999996;
Ronda;2011;Demandantes;Mujeres;De 16 a 29 años;552,25;
Ronda;2011;Demandantes;Mujeres;De 30 a 44 años;925,41666667;
Ronda;2011;Demandantes;Mujeres;De 45 a 64 años;898,91666668;
Ronda;2011;Demandantes;Mujeres;TOTAL;2376,58333335;
Ronda;2011;Demandantes;Ambos sexos;De 16 a 29 años;1146,74999999;
Ronda;2011;Demandantes;Ambos sexos;De 30 a 44 años;1708,16666666;
Ronda;2011;Demandantes;Ambos sexos;De 45 a 64 años;1690,66666666;
Ronda;2011;Demandantes;Ambos sexos;TOTAL;4545,58333331;
Ronda;2012;Demandantes;Hombres;De 16 a 29 años;588,91666668;
Ronda;2012;Demandantes;Hombres;De 30 a 44 años;832,33333333;
Ronda;2012;Demandantes;Hombres;De 45 a 64 años;925,66666665;
Ronda;2012;Demandantes;Hombres;TOTAL;2346,91666666;
Ronda;2012;Demandantes;Mujeres;De 16 a 29 años;585,33333337;
Ronda;2012;Demandantes;Mujeres;De 30 a 44 años;937,41666667;
Ronda;2012;Demandantes;Mujeres;De 45 a 64 años;1000,41666666;
Ronda;2012;Demandantes;Mujeres;TOTAL;2523,1666667;
Ronda;2012;Demandantes;Ambos sexos;De 16 a 29 años;1174,25000005;
Ronda;2012;Demandantes;Ambos sexos;De 30 a 44 años;1769,75;
Ronda;2012;Demandantes;Ambos sexos;De 45 a 64 años;1926,08333331;
Ronda;2012;Demandantes;Ambos sexos;TOTAL;4870,08333336;
Salares;2010;Demandantes;Hombres;De 16 a 29 años;2,58333333;
Salares;2010;Demandantes;Hombres;De 30 a 44 años;2,66666667;
Salares;2010;Demandantes;Hombres;De 45 a 64 años;1,83333333;
Salares;2010;Demandantes;Hombres;TOTAL;7,08333333;
Salares;2010;Demandantes;Mujeres;De 16 a 29 años;1,66666667;
Salares;2010;Demandantes;Mujeres;De 30 a 44 años;2,58333333;
Salares;2010;Demandantes;Mujeres;De 45 a 64 años;0,58333333;
Salares;2010;Demandantes;Mujeres;TOTAL;4,83333333;
Salares;2010;Demandantes;Ambos sexos;De 16 a 29 años;4,25;
Salares;2010;Demandantes;Ambos sexos;De 30 a 44 años;5,25;
Salares;2010;Demandantes;Ambos sexos;De 45 a 64 años;2,41666666;
Salares;2010;Demandantes;Ambos sexos;TOTAL;11,91666666;
Salares;2011;Demandantes;Hombres;De 16 a 29 años;3,91666667;
Salares;2011;Demandantes;Hombres;De 30 a 44 años;2,99999999;
Salares;2011;Demandantes;Hombres;De 45 a 64 años;3,08333334;
Salares;2011;Demandantes;Hombres;TOTAL;10;
Salares;2011;Demandantes;Mujeres;De 16 a 29 años;3,16666667;
Salares;2011;Demandantes;Mujeres;De 30 a 44 años;1,58333334;
Salares;2011;Demandantes;Mujeres;De 45 a 64 años;0,91666667;
Salares;2011;Demandantes;Mujeres;TOTAL;5,66666668;
Salares;2011;Demandantes;Ambos sexos;De 16 a 29 años;7,08333334;
Salares;2011;Demandantes;Ambos sexos;De 30 a 44 años;4,58333333;
Salares;2011;Demandantes;Ambos sexos;De 45 a 64 años;4,00000001;
Salares;2011;Demandantes;Ambos sexos;TOTAL;15,66666668;
Salares;2012;Demandantes;Hombres;De 16 a 29 años;4,08333334;
Salares;2012;Demandantes;Hombres;De 30 a 44 años;4,99999999;
Salares;2012;Demandantes;Hombres;De 45 a 64 años;3,08333333;
Salares;2012;Demandantes;Hombres;TOTAL;12,16666666;
Salares;2012;Demandantes;Mujeres;De 16 a 29 años;2,75;
Salares;2012;Demandantes;Mujeres;De 30 a 44 años;1,75;
Salares;2012;Demandantes;Mujeres;De 45 a 64 años;1,33333334;
Salares;2012;Demandantes;Mujeres;TOTAL;5,83333334;
Salares;2012;Demandantes;Ambos sexos;De 16 a 29 años;6,83333334;
Salares;2012;Demandantes;Ambos sexos;De 30 a 44 años;6,74999999;
Salares;2012;Demandantes;Ambos sexos;De 45 a 64 años;4,41666667;
Salares;2012;Demandantes;Ambos sexos;TOTAL;18;
Sayalonga;2010;Demandantes;Hombres;De 16 a 29 años;23,08333333;
Sayalonga;2010;Demandantes;Hombres;De 30 a 44 años;29,33333335;
Sayalonga;2010;Demandantes;Hombres;De 45 a 64 años;28,83333335;
Sayalonga;2010;Demandantes;Hombres;TOTAL;81,25000003;
Sayalonga;2010;Demandantes;Mujeres;De 16 a 29 años;10,66666669;
Sayalonga;2010;Demandantes;Mujeres;De 30 a 44 años;13,83333334;
Sayalonga;2010;Demandantes;Mujeres;De 45 a 64 años;3,33333333;
Sayalonga;2010;Demandantes;Mujeres;TOTAL;27,83333336;
Sayalonga;2010;Demandantes;Ambos sexos;De 16 a 29 años;33,75000002;
Sayalonga;2010;Demandantes;Ambos sexos;De 30 a 44 años;43,16666669;
Sayalonga;2010;Demandantes;Ambos sexos;De 45 a 64 años;32,16666668;
Sayalonga;2010;Demandantes;Ambos sexos;TOTAL;109,08333339;
Sayalonga;2011;Demandantes;Hombres;De 16 a 29 años;21;
Sayalonga;2011;Demandantes;Hombres;De 30 a 44 años;35,33333333;
Sayalonga;2011;Demandantes;Hombres;De 45 a 64 años;34,75;
Sayalonga;2011;Demandantes;Hombres;TOTAL;91,08333333;
Sayalonga;2011;Demandantes;Mujeres;De 16 a 29 años;18,16666668;
Sayalonga;2011;Demandantes;Mujeres;De 30 a 44 años;14,58333333;
Sayalonga;2011;Demandantes;Mujeres;De 45 a 64 años;2,58333334;
Sayalonga;2011;Demandantes;Mujeres;TOTAL;35,33333335;
Sayalonga;2011;Demandantes;Ambos sexos;De 16 a 29 años;39,16666668;
Sayalonga;2011;Demandantes;Ambos sexos;De 30 a 44 años;49,91666666;
Sayalonga;2011;Demandantes;Ambos sexos;De 45 a 64 años;37,33333334;
Sayalonga;2011;Demandantes;Ambos sexos;TOTAL;126,41666668;
Sayalonga;2012;Demandantes;Hombres;De 16 a 29 años;28,41666668;
Sayalonga;2012;Demandantes;Hombres;De 30 a 44 años;39,91666667;
Sayalonga;2012;Demandantes;Hombres;De 45 a 64 años;46,75;
Sayalonga;2012;Demandantes;Hombres;TOTAL;115,08333335;
Sayalonga;2012;Demandantes;Mujeres;De 16 a 29 años;20,66666668;
Sayalonga;2012;Demandantes;Mujeres;De 30 a 44 años;14,16666667;
Sayalonga;2012;Demandantes;Mujeres;De 45 a 64 años;2,91666667;
Sayalonga;2012;Demandantes;Mujeres;TOTAL;37,75000002;
Sayalonga;2012;Demandantes;Ambos sexos;De 16 a 29 años;49,08333336;
Sayalonga;2012;Demandantes;Ambos sexos;De 30 a 44 años;54,08333334;
Sayalonga;2012;Demandantes;Ambos sexos;De 45 a 64 años;49,66666667;
Sayalonga;2012;Demandantes;Ambos sexos;TOTAL;152,83333337;
Sedella;2010;Demandantes;Hombres;De 16 a 29 años;7,91666666;
Sedella;2010;Demandantes;Hombres;De 30 a 44 años;8,49999999;
Sedella;2010;Demandantes;Hombres;De 45 a 64 años;13,33333333;
Sedella;2010;Demandantes;Hombres;TOTAL;29,74999998;
Sedella;2010;Demandantes;Mujeres;De 16 a 29 años;2,41666667;
Sedella;2010;Demandantes;Mujeres;De 30 a 44 años;5,08333333;
Sedella;2010;Demandantes;Mujeres;De 45 a 64 años;1,41666667;
Sedella;2010;Demandantes;Mujeres;TOTAL;8,91666667;
Sedella;2010;Demandantes;Ambos sexos;De 16 a 29 años;10,33333333;
Sedella;2010;Demandantes;Ambos sexos;De 30 a 44 años;13,58333332;
Sedella;2010;Demandantes;Ambos sexos;De 45 a 64 años;14,75;
Sedella;2010;Demandantes;Ambos sexos;TOTAL;38,66666665;
Sedella;2011;Demandantes;Hombres;De 16 a 29 años;8,25;
Sedella;2011;Demandantes;Hombres;De 30 a 44 años;6,58333333;
Sedella;2011;Demandantes;Hombres;De 45 a 64 años;13,75;
Sedella;2011;Demandantes;Hombres;TOTAL;28,58333333;
Sedella;2011;Demandantes;Mujeres;De 16 a 29 años;2,91666667;
Sedella;2011;Demandantes;Mujeres;De 30 a 44 años;4,5;
Sedella;2011;Demandantes;Mujeres;De 45 a 64 años;1,66666666;
Sedella;2011;Demandantes;Mujeres;TOTAL;9,08333333;
Sedella;2011;Demandantes;Ambos sexos;De 16 a 29 años;11,16666667;
Sedella;2011;Demandantes;Ambos sexos;De 30 a 44 años;11,08333333;
Sedella;2011;Demandantes;Ambos sexos;De 45 a 64 años;15,41666666;
Sedella;2011;Demandantes;Ambos sexos;TOTAL;37,66666666;
Sedella;2012;Demandantes;Hombres;De 16 a 29 años;7,74999999;
Sedella;2012;Demandantes;Hombres;De 30 a 44 años;9,08333332;
Sedella;2012;Demandantes;Hombres;De 45 a 64 años;21,08333333;
Sedella;2012;Demandantes;Hombres;TOTAL;37,91666664;
Sedella;2012;Demandantes;Mujeres;De 16 a 29 años;2,49999999;
Sedella;2012;Demandantes;Mujeres;De 30 a 44 años;4,75;
Sedella;2012;Demandantes;Mujeres;De 45 a 64 años;1,91666666;
Sedella;2012;Demandantes;Mujeres;TOTAL;9,16666665;
Sedella;2012;Demandantes;Ambos sexos;De 16 a 29 años;10,24999998;
Sedella;2012;Demandantes;Ambos sexos;De 30 a 44 años;13,83333332;
Sedella;2012;Demandantes;Ambos sexos;De 45 a 64 años;22,99999999;
Sedella;2012;Demandantes;Ambos sexos;TOTAL;47,08333329;
Sierra de Yeguas;2010;Demandantes;Hombres;De 16 a 29 años;44,33333332;
Sierra de Yeguas;2010;Demandantes;Hombres;De 30 a 44 años;55,16666665;
Sierra de Yeguas;2010;Demandantes;Hombres;De 45 a 64 años;59,58333334;
Sierra de Yeguas;2010;Demandantes;Hombres;TOTAL;159,08333331;
Sierra de Yeguas;2010;Demandantes;Mujeres;De 16 a 29 años;30,49999998;
Sierra de Yeguas;2010;Demandantes;Mujeres;De 30 a 44 años;36,08333333;
Sierra de Yeguas;2010;Demandantes;Mujeres;De 45 a 64 años;19,33333334;
Sierra de Yeguas;2010;Demandantes;Mujeres;TOTAL;85,91666665;
Sierra de Yeguas;2010;Demandantes;Ambos sexos;De 16 a 29 años;74,8333333;
Sierra de Yeguas;2010;Demandantes;Ambos sexos;De 30 a 44 años;91,24999998;
Sierra de Yeguas;2010;Demandantes;Ambos sexos;De 45 a 64 años;78,91666668;
Sierra de Yeguas;2010;Demandantes;Ambos sexos;TOTAL;244,99999996;
Sierra de Yeguas;2011;Demandantes;Hombres;De 16 a 29 años;41,41666667;
Sierra de Yeguas;2011;Demandantes;Hombres;De 30 a 44 años;49,08333333;
Sierra de Yeguas;2011;Demandantes;Hombres;De 45 a 64 años;59,41666666;
Sierra de Yeguas;2011;Demandantes;Hombres;TOTAL;149,91666666;
Sierra de Yeguas;2011;Demandantes;Mujeres;De 16 a 29 años;34,33333334;
Sierra de Yeguas;2011;Demandantes;Mujeres;De 30 a 44 años;42,75000002;
Sierra de Yeguas;2011;Demandantes;Mujeres;De 45 a 64 años;21,5;
Sierra de Yeguas;2011;Demandantes;Mujeres;TOTAL;98,58333336;
Sierra de Yeguas;2011;Demandantes;Ambos sexos;De 16 a 29 años;75,75000001;
Sierra de Yeguas;2011;Demandantes;Ambos sexos;De 30 a 44 años;91,83333335;
Sierra de Yeguas;2011;Demandantes;Ambos sexos;De 45 a 64 años;80,91666666;
Sierra de Yeguas;2011;Demandantes;Ambos sexos;TOTAL;248,50000002;
Sierra de Yeguas;2012;Demandantes;Hombres;De 16 a 29 años;43,25;
Sierra de Yeguas;2012;Demandantes;Hombres;De 30 a 44 años;60,16666666;
Sierra de Yeguas;2012;Demandantes;Hombres;De 45 a 64 años;66,74999999;
Sierra de Yeguas;2012;Demandantes;Hombres;TOTAL;170,16666665;
Sierra de Yeguas;2012;Demandantes;Mujeres;De 16 a 29 años;41,25000001;
Sierra de Yeguas;2012;Demandantes;Mujeres;De 30 a 44 años;48,75;
Sierra de Yeguas;2012;Demandantes;Mujeres;De 45 a 64 años;20;
Sierra de Yeguas;2012;Demandantes;Mujeres;TOTAL;110,00000001;
Sierra de Yeguas;2012;Demandantes;Ambos sexos;De 16 a 29 años;84,50000001;
Sierra de Yeguas;2012;Demandantes;Ambos sexos;De 30 a 44 años;108,91666666;
Sierra de Yeguas;2012;Demandantes;Ambos sexos;De 45 a 64 años;86,74999999;
Sierra de Yeguas;2012;Demandantes;Ambos sexos;TOTAL;280,16666666;
Teba;2010;Demandantes;Hombres;De 16 a 29 años;57,5;
Teba;2010;Demandantes;Hombres;De 30 a 44 años;87,08333335;
Teba;2010;Demandantes;Hombres;De 45 a 64 años;87,49999999;
Teba;2010;Demandantes;Hombres;TOTAL;232,08333334;
Teba;2010;Demandantes;Mujeres;De 16 a 29 años;46,33333333;
Teba;2010;Demandantes;Mujeres;De 30 a 44 años;26;
Teba;2010;Demandantes;Mujeres;De 45 a 64 años;26,41666667;
Teba;2010;Demandantes;Mujeres;TOTAL;98,75;
Teba;2010;Demandantes;Ambos sexos;De 16 a 29 años;103,83333333;
Teba;2010;Demandantes;Ambos sexos;De 30 a 44 años;113,08333335;
Teba;2010;Demandantes;Ambos sexos;De 45 a 64 años;113,91666666;
Teba;2010;Demandantes;Ambos sexos;TOTAL;330,83333334;
Teba;2011;Demandantes;Hombres;De 16 a 29 años;56,41666666;
Teba;2011;Demandantes;Hombres;De 30 a 44 años;75,08333335;
Teba;2011;Demandantes;Hombres;De 45 a 64 años;93,33333333;
Teba;2011;Demandantes;Hombres;TOTAL;224,83333334;
Teba;2011;Demandantes;Mujeres;De 16 a 29 años;53,41666666;
Teba;2011;Demandantes;Mujeres;De 30 a 44 años;33,08333332;
Teba;2011;Demandantes;Mujeres;De 45 a 64 años;28,41666667;
Teba;2011;Demandantes;Mujeres;TOTAL;114,91666665;
Teba;2011;Demandantes;Ambos sexos;De 16 a 29 años;109,83333332;
Teba;2011;Demandantes;Ambos sexos;De 30 a 44 años;108,16666667;
Teba;2011;Demandantes;Ambos sexos;De 45 a 64 años;121,75;
Teba;2011;Demandantes;Ambos sexos;TOTAL;339,74999999;
Teba;2012;Demandantes;Hombres;De 16 a 29 años;62,33333333;
Teba;2012;Demandantes;Hombres;De 30 a 44 años;83,16666668;
Teba;2012;Demandantes;Hombres;De 45 a 64 años;105;
Teba;2012;Demandantes;Hombres;TOTAL;250,50000001;
Teba;2012;Demandantes;Mujeres;De 16 a 29 años;72,08333335;
Teba;2012;Demandantes;Mujeres;De 30 a 44 años;29,75;
Teba;2012;Demandantes;Mujeres;De 45 a 64 años;32,16666667;
Teba;2012;Demandantes;Mujeres;TOTAL;134,00000002;
Teba;2012;Demandantes;Ambos sexos;De 16 a 29 años;134,41666668;
Teba;2012;Demandantes;Ambos sexos;De 30 a 44 años;112,91666668;
Teba;2012;Demandantes;Ambos sexos;De 45 a 64 años;137,16666667;
Teba;2012;Demandantes;Ambos sexos;TOTAL;384,50000003;
Tolox;2010;Demandantes;Hombres;De 16 a 29 años;34,08333334;
Tolox;2010;Demandantes;Hombres;De 30 a 44 años;55,58333332;
Tolox;2010;Demandantes;Hombres;De 45 a 64 años;39,75;
Tolox;2010;Demandantes;Hombres;TOTAL;129,41666666;
Tolox;2010;Demandantes;Mujeres;De 16 a 29 años;20;
Tolox;2010;Demandantes;Mujeres;De 30 a 44 años;20,83333334;
Tolox;2010;Demandantes;Mujeres;De 45 a 64 años;22,75;
Tolox;2010;Demandantes;Mujeres;TOTAL;63,58333334;
Tolox;2010;Demandantes;Ambos sexos;De 16 a 29 años;54,08333334;
Tolox;2010;Demandantes;Ambos sexos;De 30 a 44 años;76,41666666;
Tolox;2010;Demandantes;Ambos sexos;De 45 a 64 años;62,5;
Tolox;2010;Demandantes;Ambos sexos;TOTAL;193;
Tolox;2011;Demandantes;Hombres;De 16 a 29 años;34,75;
Tolox;2011;Demandantes;Hombres;De 30 a 44 años;47,66666666;
Tolox;2011;Demandantes;Hombres;De 45 a 64 años;41,91666667;
Tolox;2011;Demandantes;Hombres;TOTAL;124,33333333;
Tolox;2011;Demandantes;Mujeres;De 16 a 29 años;27,75000001;
Tolox;2011;Demandantes;Mujeres;De 30 a 44 años;29,41666666;
Tolox;2011;Demandantes;Mujeres;De 45 a 64 años;33,91666666;
Tolox;2011;Demandantes;Mujeres;TOTAL;91,08333333;
Tolox;2011;Demandantes;Ambos sexos;De 16 a 29 años;62,50000001;
Tolox;2011;Demandantes;Ambos sexos;De 30 a 44 años;77,08333332;
Tolox;2011;Demandantes;Ambos sexos;De 45 a 64 años;75,83333333;
Tolox;2011;Demandantes;Ambos sexos;TOTAL;215,41666666;
Tolox;2012;Demandantes;Hombres;De 16 a 29 años;44,66666667;
Tolox;2012;Demandantes;Hombres;De 30 a 44 años;60,58333333;
Tolox;2012;Demandantes;Hombres;De 45 a 64 años;58,75;
Tolox;2012;Demandantes;Hombres;TOTAL;164;
Tolox;2012;Demandantes;Mujeres;De 16 a 29 años;35,49999999;
Tolox;2012;Demandantes;Mujeres;De 30 a 44 años;31,75;
Tolox;2012;Demandantes;Mujeres;De 45 a 64 años;42,41666668;
Tolox;2012;Demandantes;Mujeres;TOTAL;109,66666667;
Tolox;2012;Demandantes;Ambos sexos;De 16 a 29 años;80,16666666;
Tolox;2012;Demandantes;Ambos sexos;De 30 a 44 años;92,33333333;
Tolox;2012;Demandantes;Ambos sexos;De 45 a 64 años;101,16666668;
Tolox;2012;Demandantes;Ambos sexos;TOTAL;273,66666667;
Torremolinos;2010;Demandantes;Hombres;De 16 a 29 años;717,99999998;
Torremolinos;2010;Demandantes;Hombres;De 30 a 44 años;1482,16666664;
Torremolinos;2010;Demandantes;Hombres;De 45 a 64 años;1195,25000003;
Torremolinos;2010;Demandantes;Hombres;TOTAL;3395,41666665;
Torremolinos;2010;Demandantes;Mujeres;De 16 a 29 años;652,33333336;
Torremolinos;2010;Demandantes;Mujeres;De 30 a 44 años;1603,33333336;
Torremolinos;2010;Demandantes;Mujeres;De 45 a 64 años;1479,16666667;
Torremolinos;2010;Demandantes;Mujeres;TOTAL;3734,83333339;
Torremolinos;2010;Demandantes;Ambos sexos;De 16 a 29 años;1370,33333334;
Torremolinos;2010;Demandantes;Ambos sexos;De 30 a 44 años;3085,5;
Torremolinos;2010;Demandantes;Ambos sexos;De 45 a 64 años;2674,4166667;
Torremolinos;2010;Demandantes;Ambos sexos;TOTAL;7130,25000004;
Torremolinos;2011;Demandantes;Hombres;De 16 a 29 años;654,16666665;
Torremolinos;2011;Demandantes;Hombres;De 30 a 44 años;1413,25000002;
Torremolinos;2011;Demandantes;Hombres;De 45 a 64 años;1279,16666664;
Torremolinos;2011;Demandantes;Hombres;TOTAL;3346,58333331;
Torremolinos;2011;Demandantes;Mujeres;De 16 a 29 años;622,91666665;
Torremolinos;2011;Demandantes;Mujeres;De 30 a 44 años;1691,16666665;
Torremolinos;2011;Demandantes;Mujeres;De 45 a 64 años;1646,58333334;
Torremolinos;2011;Demandantes;Mujeres;TOTAL;3960,66666664;
Torremolinos;2011;Demandantes;Ambos sexos;De 16 a 29 años;1277,0833333;
Torremolinos;2011;Demandantes;Ambos sexos;De 30 a 44 años;3104,41666667;
Torremolinos;2011;Demandantes;Ambos sexos;De 45 a 64 años;2925,74999998;
Torremolinos;2011;Demandantes;Ambos sexos;TOTAL;7307,24999995;
Torremolinos;2012;Demandantes;Hombres;De 16 a 29 años;635,58333334;
Torremolinos;2012;Demandantes;Hombres;De 30 a 44 años;1511,08333336;
Torremolinos;2012;Demandantes;Hombres;De 45 a 64 años;1397,75000001;
Torremolinos;2012;Demandantes;Hombres;TOTAL;3544,41666671;
Torremolinos;2012;Demandantes;Mujeres;De 16 a 29 años;684,91666665;
Torremolinos;2012;Demandantes;Mujeres;De 30 a 44 años;1798,58333334;
Torremolinos;2012;Demandantes;Mujeres;De 45 a 64 años;1830,75;
Torremolinos;2012;Demandantes;Mujeres;TOTAL;4314,24999999;
Torremolinos;2012;Demandantes;Ambos sexos;De 16 a 29 años;1320,49999999;
Torremolinos;2012;Demandantes;Ambos sexos;De 30 a 44 años;3309,6666667;
Torremolinos;2012;Demandantes;Ambos sexos;De 45 a 64 años;3228,50000001;
Torremolinos;2012;Demandantes;Ambos sexos;TOTAL;7858,6666667;
Torrox;2010;Demandantes;Hombres;De 16 a 29 años;243,91666665;
Torrox;2010;Demandantes;Hombres;De 30 a 44 años;374,08333334;
Torrox;2010;Demandantes;Hombres;De 45 a 64 años;296,83333332;
Torrox;2010;Demandantes;Hombres;TOTAL;914,83333331;
Torrox;2010;Demandantes;Mujeres;De 16 a 29 años;183,25000001;
Torrox;2010;Demandantes;Mujeres;De 30 a 44 años;355,66666663;
Torrox;2010;Demandantes;Mujeres;De 45 a 64 años;177,16666665;
Torrox;2010;Demandantes;Mujeres;TOTAL;716,08333329;
Torrox;2010;Demandantes;Ambos sexos;De 16 a 29 años;427,16666666;
Torrox;2010;Demandantes;Ambos sexos;De 30 a 44 años;729,74999997;
Torrox;2010;Demandantes;Ambos sexos;De 45 a 64 años;473,99999997;
Torrox;2010;Demandantes;Ambos sexos;TOTAL;1630,9166666;
Torrox;2011;Demandantes;Hombres;De 16 a 29 años;220,41666668;
Torrox;2011;Demandantes;Hombres;De 30 a 44 años;388;
Torrox;2011;Demandantes;Hombres;De 45 a 64 años;327,66666666;
Torrox;2011;Demandantes;Hombres;TOTAL;936,08333334;
Torrox;2011;Demandantes;Mujeres;De 16 a 29 años;196,91666667;
Torrox;2011;Demandantes;Mujeres;De 30 a 44 años;348,08333333;
Torrox;2011;Demandantes;Mujeres;De 45 a 64 años;213,33333334;
Torrox;2011;Demandantes;Mujeres;TOTAL;758,33333334;
Torrox;2011;Demandantes;Ambos sexos;De 16 a 29 años;417,33333335;
Torrox;2011;Demandantes;Ambos sexos;De 30 a 44 años;736,08333333;
Torrox;2011;Demandantes;Ambos sexos;De 45 a 64 años;541;
Torrox;2011;Demandantes;Ambos sexos;TOTAL;1694,41666668;
Torrox;2012;Demandantes;Hombres;De 16 a 29 años;229,8333333;
Torrox;2012;Demandantes;Hombres;De 30 a 44 años;395,33333331;
Torrox;2012;Demandantes;Hombres;De 45 a 64 años;359,74999999;
Torrox;2012;Demandantes;Hombres;TOTAL;984,9166666;
Torrox;2012;Demandantes;Mujeres;De 16 a 29 años;220,58333334;
Torrox;2012;Demandantes;Mujeres;De 30 a 44 años;364,08333335;
Torrox;2012;Demandantes;Mujeres;De 45 a 64 años;255,99999999;
Torrox;2012;Demandantes;Mujeres;TOTAL;840,66666668;
Torrox;2012;Demandantes;Ambos sexos;De 16 a 29 años;450,41666664;
Torrox;2012;Demandantes;Ambos sexos;De 30 a 44 años;759,41666666;
Torrox;2012;Demandantes;Ambos sexos;De 45 a 64 años;615,74999998;
Torrox;2012;Demandantes;Ambos sexos;TOTAL;1825,58333328;
Totalán;2010;Demandantes;Hombres;De 16 a 29 años;16,41666666;
Totalán;2010;Demandantes;Hombres;De 30 a 44 años;27,83333334;
Totalán;2010;Demandantes;Hombres;De 45 a 64 años;26,91666666;
Totalán;2010;Demandantes;Hombres;TOTAL;71,16666666;
Totalán;2010;Demandantes;Mujeres;De 16 a 29 años;9,08333334;
Totalán;2010;Demandantes;Mujeres;De 30 a 44 años;9,08333333;
Totalán;2010;Demandantes;Mujeres;De 45 a 64 años;10,91666667;
Totalán;2010;Demandantes;Mujeres;TOTAL;29,08333334;
Totalán;2010;Demandantes;Ambos sexos;De 16 a 29 años;25,5;
Totalán;2010;Demandantes;Ambos sexos;De 30 a 44 años;36,91666667;
Totalán;2010;Demandantes;Ambos sexos;De 45 a 64 años;37,83333333;
Totalán;2010;Demandantes;Ambos sexos;TOTAL;100,25;
Totalán;2011;Demandantes;Hombres;De 16 a 29 años;14,16666666;
Totalán;2011;Demandantes;Hombres;De 30 a 44 años;24,16666668;
Totalán;2011;Demandantes;Hombres;De 45 a 64 años;28,5;
Totalán;2011;Demandantes;Hombres;TOTAL;66,83333334;
Totalán;2011;Demandantes;Mujeres;De 16 a 29 años;9,74999999;
Totalán;2011;Demandantes;Mujeres;De 30 a 44 años;11,24999999;
Totalán;2011;Demandantes;Mujeres;De 45 a 64 años;9,5;
Totalán;2011;Demandantes;Mujeres;TOTAL;30,49999998;
Totalán;2011;Demandantes;Ambos sexos;De 16 a 29 años;23,91666665;
Totalán;2011;Demandantes;Ambos sexos;De 30 a 44 años;35,41666667;
Totalán;2011;Demandantes;Ambos sexos;De 45 a 64 años;38;
Totalán;2011;Demandantes;Ambos sexos;TOTAL;97,33333332;
Totalán;2012;Demandantes;Hombres;De 16 a 29 años;17,41666667;
Totalán;2012;Demandantes;Hombres;De 30 a 44 años;33,41666666;
Totalán;2012;Demandantes;Hombres;De 45 a 64 años;37,83333334;
Totalán;2012;Demandantes;Hombres;TOTAL;88,66666667;
Totalán;2012;Demandantes;Mujeres;De 16 a 29 años;14,33333334;
Totalán;2012;Demandantes;Mujeres;De 30 a 44 años;13,58333333;
Totalán;2012;Demandantes;Mujeres;De 45 a 64 años;9,91666667;
Totalán;2012;Demandantes;Mujeres;TOTAL;37,83333334;
Totalán;2012;Demandantes;Ambos sexos;De 16 a 29 años;31,75000001;
Totalán;2012;Demandantes;Ambos sexos;De 30 a 44 años;46,99999999;
Totalán;2012;Demandantes;Ambos sexos;De 45 a 64 años;47,75000001;
Totalán;2012;Demandantes;Ambos sexos;TOTAL;126,50000001;
Valle de Abdalajís;2010;Demandantes;Hombres;De 16 a 29 años;34,91666666;
Valle de Abdalajís;2010;Demandantes;Hombres;De 30 a 44 años;69,49999999;
Valle de Abdalajís;2010;Demandantes;Hombres;De 45 a 64 años;47,25000001;
Valle de Abdalajís;2010;Demandantes;Hombres;TOTAL;151,66666666;
Valle de Abdalajís;2010;Demandantes;Mujeres;De 16 a 29 años;23,66666666;
Valle de Abdalajís;2010;Demandantes;Mujeres;De 30 a 44 años;28,91666667;
Valle de Abdalajís;2010;Demandantes;Mujeres;De 45 a 64 años;10,00000001;
Valle de Abdalajís;2010;Demandantes;Mujeres;TOTAL;62,58333334;
Valle de Abdalajís;2010;Demandantes;Ambos sexos;De 16 a 29 años;58,58333332;
Valle de Abdalajís;2010;Demandantes;Ambos sexos;De 30 a 44 años;98,41666666;
Valle de Abdalajís;2010;Demandantes;Ambos sexos;De 45 a 64 años;57,25000002;
Valle de Abdalajís;2010;Demandantes;Ambos sexos;TOTAL;214,25;
Valle de Abdalajís;2011;Demandantes;Hombres;De 16 a 29 años;41,25000001;
Valle de Abdalajís;2011;Demandantes;Hombres;De 30 a 44 años;57,41666666;
Valle de Abdalajís;2011;Demandantes;Hombres;De 45 a 64 años;58,08333333;
Valle de Abdalajís;2011;Demandantes;Hombres;TOTAL;156,75;
Valle de Abdalajís;2011;Demandantes;Mujeres;De 16 a 29 años;37,08333332;
Valle de Abdalajís;2011;Demandantes;Mujeres;De 30 a 44 años;40,16666666;
Valle de Abdalajís;2011;Demandantes;Mujeres;De 45 a 64 años;16,58333333;
Valle de Abdalajís;2011;Demandantes;Mujeres;TOTAL;93,83333331;
Valle de Abdalajís;2011;Demandantes;Ambos sexos;De 16 a 29 años;78,33333333;
Valle de Abdalajís;2011;Demandantes;Ambos sexos;De 30 a 44 años;97,58333332;
Valle de Abdalajís;2011;Demandantes;Ambos sexos;De 45 a 64 años;74,66666666;
Valle de Abdalajís;2011;Demandantes;Ambos sexos;TOTAL;250,58333331;
Valle de Abdalajís;2012;Demandantes;Hombres;De 16 a 29 años;43,91666668;
Valle de Abdalajís;2012;Demandantes;Hombres;De 30 a 44 años;75,16666669;
Valle de Abdalajís;2012;Demandantes;Hombres;De 45 a 64 años;80,16666664;
Valle de Abdalajís;2012;Demandantes;Hombres;TOTAL;199,25000001;
Valle de Abdalajís;2012;Demandantes;Mujeres;De 16 a 29 años;42,66666665;
Valle de Abdalajís;2012;Demandantes;Mujeres;De 30 a 44 años;39,91666667;
Valle de Abdalajís;2012;Demandantes;Mujeres;De 45 a 64 años;21,16666667;
Valle de Abdalajís;2012;Demandantes;Mujeres;TOTAL;103,74999999;
Valle de Abdalajís;2012;Demandantes;Ambos sexos;De 16 a 29 años;86,58333333;
Valle de Abdalajís;2012;Demandantes;Ambos sexos;De 30 a 44 años;115,08333336;
Valle de Abdalajís;2012;Demandantes;Ambos sexos;De 45 a 64 años;101,33333331;
Valle de Abdalajís;2012;Demandantes;Ambos sexos;TOTAL;303;
Vélez-Málaga;2010;Demandantes;Hombres;De 16 a 29 años;1365,58333334;
Vélez-Málaga;2010;Demandantes;Hombres;De 30 a 44 años;2100,83333334;
Vélez-Málaga;2010;Demandantes;Hombres;De 45 a 64 años;1563,16666668;
Vélez-Málaga;2010;Demandantes;Hombres;TOTAL;5029,58333336;
Vélez-Málaga;2010;Demandantes;Mujeres;De 16 a 29 años;1010,83333331;
Vélez-Málaga;2010;Demandantes;Mujeres;De 30 a 44 años;1636,83333333;
Vélez-Málaga;2010;Demandantes;Mujeres;De 45 a 64 años;883,66666668;
Vélez-Málaga;2010;Demandantes;Mujeres;TOTAL;3531,33333332;
Vélez-Málaga;2010;Demandantes;Ambos sexos;De 16 a 29 años;2376,41666665;
Vélez-Málaga;2010;Demandantes;Ambos sexos;De 30 a 44 años;3737,66666667;
Vélez-Málaga;2010;Demandantes;Ambos sexos;De 45 a 64 años;2446,83333336;
Vélez-Málaga;2010;Demandantes;Ambos sexos;TOTAL;8560,91666668;
Vélez-Málaga;2011;Demandantes;Hombres;De 16 a 29 años;1389,83333335;
Vélez-Málaga;2011;Demandantes;Hombres;De 30 a 44 años;2130,00000003;
Vélez-Málaga;2011;Demandantes;Hombres;De 45 a 64 años;1724,75000002;
Vélez-Málaga;2011;Demandantes;Hombres;TOTAL;5244,5833334;
Vélez-Málaga;2011;Demandantes;Mujeres;De 16 a 29 años;1106,49999999;
Vélez-Málaga;2011;Demandantes;Mujeres;De 30 a 44 años;1791,74999999;
Vélez-Málaga;2011;Demandantes;Mujeres;De 45 a 64 años;1050,08333335;
Vélez-Málaga;2011;Demandantes;Mujeres;TOTAL;3948,33333333;
Vélez-Málaga;2011;Demandantes;Ambos sexos;De 16 a 29 años;2496,33333334;
Vélez-Málaga;2011;Demandantes;Ambos sexos;De 30 a 44 años;3921,75000002;
Vélez-Málaga;2011;Demandantes;Ambos sexos;De 45 a 64 años;2774,83333337;
Vélez-Málaga;2011;Demandantes;Ambos sexos;TOTAL;9192,91666673;
Vélez-Málaga;2012;Demandantes;Hombres;De 16 a 29 años;1397,41666666;
Vélez-Málaga;2012;Demandantes;Hombres;De 30 a 44 años;2310,50000002;
Vélez-Málaga;2012;Demandantes;Hombres;De 45 a 64 años;1961,25000001;
Vélez-Málaga;2012;Demandantes;Hombres;TOTAL;5669,16666669;
Vélez-Málaga;2012;Demandantes;Mujeres;De 16 a 29 años;1207,00000002;
Vélez-Málaga;2012;Demandantes;Mujeres;De 30 a 44 años;2053,00000001;
Vélez-Málaga;2012;Demandantes;Mujeres;De 45 a 64 años;1306,58333334;
Vélez-Málaga;2012;Demandantes;Mujeres;TOTAL;4566,58333337;
Vélez-Málaga;2012;Demandantes;Ambos sexos;De 16 a 29 años;2604,41666668;
Vélez-Málaga;2012;Demandantes;Ambos sexos;De 30 a 44 años;4363,50000003;
Vélez-Málaga;2012;Demandantes;Ambos sexos;De 45 a 64 años;3267,83333335;
Vélez-Málaga;2012;Demandantes;Ambos sexos;TOTAL;10235,75000006;
Villanueva de Algaidas;2010;Demandantes;Hombres;De 16 a 29 años;38,66666666;
Villanueva de Algaidas;2010;Demandantes;Hombres;De 30 a 44 años;34,75;
Villanueva de Algaidas;2010;Demandantes;Hombres;De 45 a 64 años;42,5;
Villanueva de Algaidas;2010;Demandantes;Hombres;TOTAL;115,91666666;
Villanueva de Algaidas;2010;Demandantes;Mujeres;De 16 a 29 años;30;
Villanueva de Algaidas;2010;Demandantes;Mujeres;De 30 a 44 años;43,66666666;
Villanueva de Algaidas;2010;Demandantes;Mujeres;De 45 a 64 años;20,75000001;
Villanueva de Algaidas;2010;Demandantes;Mujeres;TOTAL;94,41666667;
Villanueva de Algaidas;2010;Demandantes;Ambos sexos;De 16 a 29 años;68,66666666;
Villanueva de Algaidas;2010;Demandantes;Ambos sexos;De 30 a 44 años;78,41666666;
Villanueva de Algaidas;2010;Demandantes;Ambos sexos;De 45 a 64 años;63,25000001;
Villanueva de Algaidas;2010;Demandantes;Ambos sexos;TOTAL;210,33333333;
Villanueva de Algaidas;2011;Demandantes;Hombres;De 16 a 29 años;42;
Villanueva de Algaidas;2011;Demandantes;Hombres;De 30 a 44 años;39,5;
Villanueva de Algaidas;2011;Demandantes;Hombres;De 45 a 64 años;53,91666665;
Villanueva de Algaidas;2011;Demandantes;Hombres;TOTAL;135,41666665;
Villanueva de Algaidas;2011;Demandantes;Mujeres;De 16 a 29 años;38,91666667;
Villanueva de Algaidas;2011;Demandantes;Mujeres;De 30 a 44 años;42,83333333;
Villanueva de Algaidas;2011;Demandantes;Mujeres;De 45 a 64 años;20,25000001;
Villanueva de Algaidas;2011;Demandantes;Mujeres;TOTAL;102,00000001;
Villanueva de Algaidas;2011;Demandantes;Ambos sexos;De 16 a 29 años;80,91666667;
Villanueva de Algaidas;2011;Demandantes;Ambos sexos;De 30 a 44 años;82,33333333;
Villanueva de Algaidas;2011;Demandantes;Ambos sexos;De 45 a 64 años;74,16666666;
Villanueva de Algaidas;2011;Demandantes;Ambos sexos;TOTAL;237,41666666;
Villanueva de Algaidas;2012;Demandantes;Hombres;De 16 a 29 años;48,08333333;
Villanueva de Algaidas;2012;Demandantes;Hombres;De 30 a 44 años;48,24999998;
Villanueva de Algaidas;2012;Demandantes;Hombres;De 45 a 64 años;61,24999998;
Villanueva de Algaidas;2012;Demandantes;Hombres;TOTAL;157,58333329;
Villanueva de Algaidas;2012;Demandantes;Mujeres;De 16 a 29 años;46,25;
Villanueva de Algaidas;2012;Demandantes;Mujeres;De 30 a 44 años;51,75;
Villanueva de Algaidas;2012;Demandantes;Mujeres;De 45 a 64 años;24,75;
Villanueva de Algaidas;2012;Demandantes;Mujeres;TOTAL;122,75;
Villanueva de Algaidas;2012;Demandantes;Ambos sexos;De 16 a 29 años;94,33333333;
Villanueva de Algaidas;2012;Demandantes;Ambos sexos;De 30 a 44 años;99,99999998;
Villanueva de Algaidas;2012;Demandantes;Ambos sexos;De 45 a 64 años;85,99999998;
Villanueva de Algaidas;2012;Demandantes;Ambos sexos;TOTAL;280,33333329;
Villanueva de la Concepción;2012;Demandantes;Hombres;De 16 a 29 años;48,66666668;
Villanueva de la Concepción;2012;Demandantes;Hombres;De 30 a 44 años;81,66666666;
Villanueva de la Concepción;2012;Demandantes;Hombres;De 45 a 64 años;93,08333332;
Villanueva de la Concepción;2012;Demandantes;Hombres;TOTAL;223,41666666;
Villanueva de la Concepción;2012;Demandantes;Mujeres;De 16 a 29 años;45,75000001;
Villanueva de la Concepción;2012;Demandantes;Mujeres;De 30 a 44 años;41,99999999;
Villanueva de la Concepción;2012;Demandantes;Mujeres;De 45 a 64 años;21,83333334;
Villanueva de la Concepción;2012;Demandantes;Mujeres;TOTAL;109,58333334;
Villanueva de la Concepción;2012;Demandantes;Ambos sexos;De 16 a 29 años;94,41666669;
Villanueva de la Concepción;2012;Demandantes;Ambos sexos;De 30 a 44 años;123,66666665;
Villanueva de la Concepción;2012;Demandantes;Ambos sexos;De 45 a 64 años;114,91666666;
Villanueva de la Concepción;2012;Demandantes;Ambos sexos;TOTAL;333;
Villanueva de Tapia;2010;Demandantes;Hombres;De 16 a 29 años;20,91666666;
Villanueva de Tapia;2010;Demandantes;Hombres;De 30 a 44 años;12,58333331;
Villanueva de Tapia;2010;Demandantes;Hombres;De 45 a 64 años;18,49999999;
Villanueva de Tapia;2010;Demandantes;Hombres;TOTAL;51,99999996;
Villanueva de Tapia;2010;Demandantes;Mujeres;De 16 a 29 años;17,83333333;
Villanueva de Tapia;2010;Demandantes;Mujeres;De 30 a 44 años;13,99999999;
Villanueva de Tapia;2010;Demandantes;Mujeres;De 45 a 64 años;4,58333333;
Villanueva de Tapia;2010;Demandantes;Mujeres;TOTAL;36,41666665;
Villanueva de Tapia;2010;Demandantes;Ambos sexos;De 16 a 29 años;38,74999999;
Villanueva de Tapia;2010;Demandantes;Ambos sexos;De 30 a 44 años;26,5833333;
Villanueva de Tapia;2010;Demandantes;Ambos sexos;De 45 a 64 años;23,08333332;
Villanueva de Tapia;2010;Demandantes;Ambos sexos;TOTAL;88,41666661;
Villanueva de Tapia;2011;Demandantes;Hombres;De 16 a 29 años;20,83333334;
Villanueva de Tapia;2011;Demandantes;Hombres;De 30 a 44 años;19,24999999;
Villanueva de Tapia;2011;Demandantes;Hombres;De 45 a 64 años;20,91666668;
Villanueva de Tapia;2011;Demandantes;Hombres;TOTAL;61,00000001;
Villanueva de Tapia;2011;Demandantes;Mujeres;De 16 a 29 años;19,16666665;
Villanueva de Tapia;2011;Demandantes;Mujeres;De 30 a 44 años;20,16666667;
Villanueva de Tapia;2011;Demandantes;Mujeres;De 45 a 64 años;6,91666666;
Villanueva de Tapia;2011;Demandantes;Mujeres;TOTAL;46,24999998;
Villanueva de Tapia;2011;Demandantes;Ambos sexos;De 16 a 29 años;39,99999999;
Villanueva de Tapia;2011;Demandantes;Ambos sexos;De 30 a 44 años;39,41666666;
Villanueva de Tapia;2011;Demandantes;Ambos sexos;De 45 a 64 años;27,83333334;
Villanueva de Tapia;2011;Demandantes;Ambos sexos;TOTAL;107,24999999;
Villanueva de Tapia;2012;Demandantes;Hombres;De 16 a 29 años;21,83333334;
Villanueva de Tapia;2012;Demandantes;Hombres;De 30 a 44 años;19,5;
Villanueva de Tapia;2012;Demandantes;Hombres;De 45 a 64 años;29,33333332;
Villanueva de Tapia;2012;Demandantes;Hombres;TOTAL;70,66666666;
Villanueva de Tapia;2012;Demandantes;Mujeres;De 16 a 29 años;20,41666667;
Villanueva de Tapia;2012;Demandantes;Mujeres;De 30 a 44 años;24,16666668;
Villanueva de Tapia;2012;Demandantes;Mujeres;De 45 a 64 años;6,66666667;
Villanueva de Tapia;2012;Demandantes;Mujeres;TOTAL;51,25000002;
Villanueva de Tapia;2012;Demandantes;Ambos sexos;De 16 a 29 años;42,25000001;
Villanueva de Tapia;2012;Demandantes;Ambos sexos;De 30 a 44 años;43,66666668;
Villanueva de Tapia;2012;Demandantes;Ambos sexos;De 45 a 64 años;35,99999999;
Villanueva de Tapia;2012;Demandantes;Ambos sexos;TOTAL;121,91666668;
Villanueva del Rosario;2010;Demandantes;Hombres;De 16 a 29 años;63;
Villanueva del Rosario;2010;Demandantes;Hombres;De 30 a 44 años;67,66666664;
Villanueva del Rosario;2010;Demandantes;Hombres;De 45 a 64 años;97,74999999;
Villanueva del Rosario;2010;Demandantes;Hombres;TOTAL;228,41666663;
Villanueva del Rosario;2010;Demandantes;Mujeres;De 16 a 29 años;36,58333335;
Villanueva del Rosario;2010;Demandantes;Mujeres;De 30 a 44 años;51,16666665;
Villanueva del Rosario;2010;Demandantes;Mujeres;De 45 a 64 años;22,08333334;
Villanueva del Rosario;2010;Demandantes;Mujeres;TOTAL;109,83333334;
Villanueva del Rosario;2010;Demandantes;Ambos sexos;De 16 a 29 años;99,58333335;
Villanueva del Rosario;2010;Demandantes;Ambos sexos;De 30 a 44 años;118,83333329;
Villanueva del Rosario;2010;Demandantes;Ambos sexos;De 45 a 64 años;119,83333333;
Villanueva del Rosario;2010;Demandantes;Ambos sexos;TOTAL;338,24999997;
Villanueva del Rosario;2011;Demandantes;Hombres;De 16 a 29 años;66;
Villanueva del Rosario;2011;Demandantes;Hombres;De 30 a 44 años;65,91666667;
Villanueva del Rosario;2011;Demandantes;Hombres;De 45 a 64 años;108,66666666;
Villanueva del Rosario;2011;Demandantes;Hombres;TOTAL;240,58333333;
Villanueva del Rosario;2011;Demandantes;Mujeres;De 16 a 29 años;42;
Villanueva del Rosario;2011;Demandantes;Mujeres;De 30 a 44 años;57,41666664;
Villanueva del Rosario;2011;Demandantes;Mujeres;De 45 a 64 años;17,91666666;
Villanueva del Rosario;2011;Demandantes;Mujeres;TOTAL;117,3333333;
Villanueva del Rosario;2011;Demandantes;Ambos sexos;De 16 a 29 años;108;
Villanueva del Rosario;2011;Demandantes;Ambos sexos;De 30 a 44 años;123,33333331;
Villanueva del Rosario;2011;Demandantes;Ambos sexos;De 45 a 64 años;126,58333332;
Villanueva del Rosario;2011;Demandantes;Ambos sexos;TOTAL;357,91666663;
Villanueva del Rosario;2012;Demandantes;Hombres;De 16 a 29 años;70,74999999;
Villanueva del Rosario;2012;Demandantes;Hombres;De 30 a 44 años;80,66666666;
Villanueva del Rosario;2012;Demandantes;Hombres;De 45 a 64 años;129,25000001;
Villanueva del Rosario;2012;Demandantes;Hombres;TOTAL;280,66666666;
Villanueva del Rosario;2012;Demandantes;Mujeres;De 16 a 29 años;47,25000001;
Villanueva del Rosario;2012;Demandantes;Mujeres;De 30 a 44 años;57,83333334;
Villanueva del Rosario;2012;Demandantes;Mujeres;De 45 a 64 años;20,16666667;
Villanueva del Rosario;2012;Demandantes;Mujeres;TOTAL;125,25000002;
Villanueva del Rosario;2012;Demandantes;Ambos sexos;De 16 a 29 años;118;
Villanueva del Rosario;2012;Demandantes;Ambos sexos;De 30 a 44 años;138,5;
Villanueva del Rosario;2012;Demandantes;Ambos sexos;De 45 a 64 años;149,41666668;
Villanueva del Rosario;2012;Demandantes;Ambos sexos;TOTAL;405,91666668;
Villanueva del Trabuco;2010;Demandantes;Hombres;De 16 a 29 años;72,75;
Villanueva del Trabuco;2010;Demandantes;Hombres;De 30 a 44 años;97,33333333;
Villanueva del Trabuco;2010;Demandantes;Hombres;De 45 a 64 años;84,75;
Villanueva del Trabuco;2010;Demandantes;Hombres;TOTAL;254,83333333;
Villanueva del Trabuco;2010;Demandantes;Mujeres;De 16 a 29 años;55,25;
Villanueva del Trabuco;2010;Demandantes;Mujeres;De 30 a 44 años;71,08333333;
Villanueva del Trabuco;2010;Demandantes;Mujeres;De 45 a 64 años;22,25000001;
Villanueva del Trabuco;2010;Demandantes;Mujeres;TOTAL;148,58333334;
Villanueva del Trabuco;2010;Demandantes;Ambos sexos;De 16 a 29 años;128;
Villanueva del Trabuco;2010;Demandantes;Ambos sexos;De 30 a 44 años;168,41666666;
Villanueva del Trabuco;2010;Demandantes;Ambos sexos;De 45 a 64 años;107,00000001;
Villanueva del Trabuco;2010;Demandantes;Ambos sexos;TOTAL;403,41666667;
Villanueva del Trabuco;2011;Demandantes;Hombres;De 16 a 29 años;68,99999999;
Villanueva del Trabuco;2011;Demandantes;Hombres;De 30 a 44 años;97,08333334;
Villanueva del Trabuco;2011;Demandantes;Hombres;De 45 a 64 años;101;
Villanueva del Trabuco;2011;Demandantes;Hombres;TOTAL;267,08333333;
Villanueva del Trabuco;2011;Demandantes;Mujeres;De 16 a 29 años;64,25000001;
Villanueva del Trabuco;2011;Demandantes;Mujeres;De 30 a 44 años;71,33333335;
Villanueva del Trabuco;2011;Demandantes;Mujeres;De 45 a 64 años;21,24999999;
Villanueva del Trabuco;2011;Demandantes;Mujeres;TOTAL;156,83333335;
Villanueva del Trabuco;2011;Demandantes;Ambos sexos;De 16 a 29 años;133,25;
Villanueva del Trabuco;2011;Demandantes;Ambos sexos;De 30 a 44 años;168,41666669;
Villanueva del Trabuco;2011;Demandantes;Ambos sexos;De 45 a 64 años;122,24999999;
Villanueva del Trabuco;2011;Demandantes;Ambos sexos;TOTAL;423,91666668;
Villanueva del Trabuco;2012;Demandantes;Hombres;De 16 a 29 años;71,25000001;
Villanueva del Trabuco;2012;Demandantes;Hombres;De 30 a 44 años;99,33333331;
Villanueva del Trabuco;2012;Demandantes;Hombres;De 45 a 64 años;111,33333335;
Villanueva del Trabuco;2012;Demandantes;Hombres;TOTAL;281,91666667;
Villanueva del Trabuco;2012;Demandantes;Mujeres;De 16 a 29 años;67,25000002;
Villanueva del Trabuco;2012;Demandantes;Mujeres;De 30 a 44 años;71,49999999;
Villanueva del Trabuco;2012;Demandantes;Mujeres;De 45 a 64 años;23,25;
Villanueva del Trabuco;2012;Demandantes;Mujeres;TOTAL;162,00000001;
Villanueva del Trabuco;2012;Demandantes;Ambos sexos;De 16 a 29 años;138,50000003;
Villanueva del Trabuco;2012;Demandantes;Ambos sexos;De 30 a 44 años;170,8333333;
Villanueva del Trabuco;2012;Demandantes;Ambos sexos;De 45 a 64 años;134,58333335;
Villanueva del Trabuco;2012;Demandantes;Ambos sexos;TOTAL;443,91666668;
Viñuela;2010;Demandantes;Hombres;De 16 a 29 años;26,16666666;
Viñuela;2010;Demandantes;Hombres;De 30 a 44 años;30,5;
Viñuela;2010;Demandantes;Hombres;De 45 a 64 años;21,33333333;
Viñuela;2010;Demandantes;Hombres;TOTAL;77,99999999;
Viñuela;2010;Demandantes;Mujeres;De 16 a 29 años;12,41666666;
Viñuela;2010;Demandantes;Mujeres;De 30 a 44 años;14,16666666;
Viñuela;2010;Demandantes;Mujeres;De 45 a 64 años;7,74999999;
Viñuela;2010;Demandantes;Mujeres;TOTAL;34,33333331;
Viñuela;2010;Demandantes;Ambos sexos;De 16 a 29 años;38,58333332;
Viñuela;2010;Demandantes;Ambos sexos;De 30 a 44 años;44,66666666;
Viñuela;2010;Demandantes;Ambos sexos;De 45 a 64 años;29,08333332;
Viñuela;2010;Demandantes;Ambos sexos;TOTAL;112,3333333;
Viñuela;2011;Demandantes;Hombres;De 16 a 29 años;25,16666666;
Viñuela;2011;Demandantes;Hombres;De 30 a 44 años;27,83333334;
Viñuela;2011;Demandantes;Hombres;De 45 a 64 años;25,75;
Viñuela;2011;Demandantes;Hombres;TOTAL;78,75;
Viñuela;2011;Demandantes;Mujeres;De 16 a 29 años;11,91666667;
Viñuela;2011;Demandantes;Mujeres;De 30 a 44 años;13,58333333;
Viñuela;2011;Demandantes;Mujeres;De 45 a 64 años;8,08333335;
Viñuela;2011;Demandantes;Mujeres;TOTAL;33,58333335;
Viñuela;2011;Demandantes;Ambos sexos;De 16 a 29 años;37,08333333;
Viñuela;2011;Demandantes;Ambos sexos;De 30 a 44 años;41,41666667;
Viñuela;2011;Demandantes;Ambos sexos;De 45 a 64 años;33,83333335;
Viñuela;2011;Demandantes;Ambos sexos;TOTAL;112,33333335;
Viñuela;2012;Demandantes;Hombres;De 16 a 29 años;28,75;
Viñuela;2012;Demandantes;Hombres;De 30 a 44 años;27,58333332;
Viñuela;2012;Demandantes;Hombres;De 45 a 64 años;30,16666666;
Viñuela;2012;Demandantes;Hombres;TOTAL;86,49999998;
Viñuela;2012;Demandantes;Mujeres;De 16 a 29 años;17;
Viñuela;2012;Demandantes;Mujeres;De 30 a 44 años;25,24999999;
Viñuela;2012;Demandantes;Mujeres;De 45 a 64 años;13,33333334;
Viñuela;2012;Demandantes;Mujeres;TOTAL;55,58333333;
Viñuela;2012;Demandantes;Ambos sexos;De 16 a 29 años;45,75;
Viñuela;2012;Demandantes;Ambos sexos;De 30 a 44 años;52,83333331;
Viñuela;2012;Demandantes;Ambos sexos;De 45 a 64 años;43,5;
Viñuela;2012;Demandantes;Ambos sexos;TOTAL;142,08333331;
Yunquera;2010;Demandantes;Hombres;De 16 a 29 años;44,08333333;
Yunquera;2010;Demandantes;Hombres;De 30 a 44 años;74,66666669;
Yunquera;2010;Demandantes;Hombres;De 45 a 64 años;81,16666667;
Yunquera;2010;Demandantes;Hombres;TOTAL;199,91666669;
Yunquera;2010;Demandantes;Mujeres;De 16 a 29 años;34,25;
Yunquera;2010;Demandantes;Mujeres;De 30 a 44 años;78,41666667;
Yunquera;2010;Demandantes;Mujeres;De 45 a 64 años;136,66666666;
Yunquera;2010;Demandantes;Mujeres;TOTAL;249,33333333;
Yunquera;2010;Demandantes;Ambos sexos;De 16 a 29 años;78,33333333;
Yunquera;2010;Demandantes;Ambos sexos;De 30 a 44 años;153,08333336;
Yunquera;2010;Demandantes;Ambos sexos;De 45 a 64 años;217,83333333;
Yunquera;2010;Demandantes;Ambos sexos;TOTAL;449,25000002;
Yunquera;2011;Demandantes;Hombres;De 16 a 29 años;50;
Yunquera;2011;Demandantes;Hombres;De 30 a 44 años;58,91666668;
Yunquera;2011;Demandantes;Hombres;De 45 a 64 años;84,83333334;
Yunquera;2011;Demandantes;Hombres;TOTAL;193,75000002;
Yunquera;2011;Demandantes;Mujeres;De 16 a 29 años;48,00000001;
Yunquera;2011;Demandantes;Mujeres;De 30 a 44 años;84,08333334;
Yunquera;2011;Demandantes;Mujeres;De 45 a 64 años;128,83333334;
Yunquera;2011;Demandantes;Mujeres;TOTAL;260,91666669;
Yunquera;2011;Demandantes;Ambos sexos;De 16 a 29 años;98,00000001;
Yunquera;2011;Demandantes;Ambos sexos;De 30 a 44 años;143,00000002;
Yunquera;2011;Demandantes;Ambos sexos;De 45 a 64 años;213,66666668;
Yunquera;2011;Demandantes;Ambos sexos;TOTAL;454,66666671;
Yunquera;2012;Demandantes;Hombres;De 16 a 29 años;71,16666667;
Yunquera;2012;Demandantes;Hombres;De 30 a 44 años;65,41666667;
Yunquera;2012;Demandantes;Hombres;De 45 a 64 años;101,16666666;
Yunquera;2012;Demandantes;Hombres;TOTAL;237,75;
Yunquera;2012;Demandantes;Mujeres;De 16 a 29 años;66,91666667;
Yunquera;2012;Demandantes;Mujeres;De 30 a 44 años;95,25000001;
Yunquera;2012;Demandantes;Mujeres;De 45 a 64 años;136,83333333;
Yunquera;2012;Demandantes;Mujeres;TOTAL;299,00000001;
Yunquera;2012;Demandantes;Ambos sexos;De 16 a 29 años;138,08333334;
Yunquera;2012;Demandantes;Ambos sexos;De 30 a 44 años;160,66666668;
Yunquera;2012;Demandantes;Ambos sexos;De 45 a 64 años;237,99999999;
Yunquera;2012;Demandantes;Ambos sexos;TOTAL;536,75000001;
Sevilla;2010;Demandantes;Hombres;De 16 a 29 años;26729,16666653;
Sevilla;2010;Demandantes;Hombres;De 30 a 44 años;40315,5833333;
Sevilla;2010;Demandantes;Hombres;De 45 a 64 años;31060,99999986;
Sevilla;2010;Demandantes;Hombres;TOTAL;98105,74999969;
Sevilla;2010;Demandantes;Mujeres;De 16 a 29 años;23307,24999977;
Sevilla;2010;Demandantes;Mujeres;De 30 a 44 años;44851,99999975;
Sevilla;2010;Demandantes;Mujeres;De 45 a 64 años;37246,83333327;
Sevilla;2010;Demandantes;Mujeres;TOTAL;105406,08333279;
Sevilla;2010;Demandantes;Ambos sexos;De 16 a 29 años;50036,4166663;
Sevilla;2010;Demandantes;Ambos sexos;De 30 a 44 años;85167,58333305;
Sevilla;2010;Demandantes;Ambos sexos;De 45 a 64 años;68307,83333313;
Sevilla;2010;Demandantes;Ambos sexos;TOTAL;203511,83333248;
Sevilla;2011;Demandantes;Hombres;De 16 a 29 años;27645,33333321;
Sevilla;2011;Demandantes;Hombres;De 30 a 44 años;41790,49999993;
Sevilla;2011;Demandantes;Hombres;De 45 a 64 años;34930,58333332;
Sevilla;2011;Demandantes;Hombres;TOTAL;104366,41666646;
Sevilla;2011;Demandantes;Mujeres;De 16 a 29 años;25877,08333317;
Sevilla;2011;Demandantes;Mujeres;De 30 a 44 años;47449,99999965;
Sevilla;2011;Demandantes;Mujeres;De 45 a 64 años;40431,33333308;
Sevilla;2011;Demandantes;Mujeres;TOTAL;113758,4166659;
Sevilla;2011;Demandantes;Ambos sexos;De 16 a 29 años;53522,41666638;
Sevilla;2011;Demandantes;Ambos sexos;De 30 a 44 años;89240,49999958;
Sevilla;2011;Demandantes;Ambos sexos;De 45 a 64 años;75361,9166664;
Sevilla;2011;Demandantes;Ambos sexos;TOTAL;218124,83333236;
Sevilla;2012;Demandantes;Hombres;De 16 a 29 años;30207,58333296;
Sevilla;2012;Demandantes;Hombres;De 30 a 44 años;47837,91666668;
Sevilla;2012;Demandantes;Hombres;De 45 a 64 años;41879,24999985;
Sevilla;2012;Demandantes;Hombres;TOTAL;119924,74999949;
Sevilla;2012;Demandantes;Mujeres;De 16 a 29 años;29089,99999966;
Sevilla;2012;Demandantes;Mujeres;De 30 a 44 años;52472,33333324;
Sevilla;2012;Demandantes;Mujeres;De 45 a 64 años;45530,91666653;
Sevilla;2012;Demandantes;Mujeres;TOTAL;127093,24999943;
Sevilla;2012;Demandantes;Ambos sexos;De 16 a 29 años;59297,58333262;
Sevilla;2012;Demandantes;Ambos sexos;De 30 a 44 años;100310,24999992;
Sevilla;2012;Demandantes;Ambos sexos;De 45 a 64 años;87410,16666638;
Sevilla;2012;Demandantes;Ambos sexos;TOTAL;247017,99999892;
Aguadulce;2010;Demandantes;Hombres;De 16 a 29 años;23,58333333;
Aguadulce;2010;Demandantes;Hombres;De 30 a 44 años;20,25;
Aguadulce;2010;Demandantes;Hombres;De 45 a 64 años;18,91666667;
Aguadulce;2010;Demandantes;Hombres;TOTAL;62,75;
Aguadulce;2010;Demandantes;Mujeres;De 16 a 29 años;19,24999999;
Aguadulce;2010;Demandantes;Mujeres;De 30 a 44 años;28,16666667;
Aguadulce;2010;Demandantes;Mujeres;De 45 a 64 años;11,83333334;
Aguadulce;2010;Demandantes;Mujeres;TOTAL;59,25;
Aguadulce;2010;Demandantes;Ambos sexos;De 16 a 29 años;42,83333332;
Aguadulce;2010;Demandantes;Ambos sexos;De 30 a 44 años;48,41666667;
Aguadulce;2010;Demandantes;Ambos sexos;De 45 a 64 años;30,75000001;
Aguadulce;2010;Demandantes;Ambos sexos;TOTAL;122;
Aguadulce;2011;Demandantes;Hombres;De 16 a 29 años;18,41666666;
Aguadulce;2011;Demandantes;Hombres;De 30 a 44 años;22,91666667;
Aguadulce;2011;Demandantes;Hombres;De 45 a 64 años;25,08333334;
Aguadulce;2011;Demandantes;Hombres;TOTAL;66,41666667;
Aguadulce;2011;Demandantes;Mujeres;De 16 a 29 años;19,58333334;
Aguadulce;2011;Demandantes;Mujeres;De 30 a 44 años;27,41666668;
Aguadulce;2011;Demandantes;Mujeres;De 45 a 64 años;12,58333333;
Aguadulce;2011;Demandantes;Mujeres;TOTAL;59,58333335;
Aguadulce;2011;Demandantes;Ambos sexos;De 16 a 29 años;38;
Aguadulce;2011;Demandantes;Ambos sexos;De 30 a 44 años;50,33333335;
Aguadulce;2011;Demandantes;Ambos sexos;De 45 a 64 años;37,66666667;
Aguadulce;2011;Demandantes;Ambos sexos;TOTAL;126,00000002;
Aguadulce;2012;Demandantes;Hombres;De 16 a 29 años;20,75;
Aguadulce;2012;Demandantes;Hombres;De 30 a 44 años;32,5;
Aguadulce;2012;Demandantes;Hombres;De 45 a 64 años;31,91666667;
Aguadulce;2012;Demandantes;Hombres;TOTAL;85,16666667;
Aguadulce;2012;Demandantes;Mujeres;De 16 a 29 años;27,25;
Aguadulce;2012;Demandantes;Mujeres;De 30 a 44 años;36,75000001;
Aguadulce;2012;Demandantes;Mujeres;De 45 a 64 años;19,33333333;
Aguadulce;2012;Demandantes;Mujeres;TOTAL;83,33333334;
Aguadulce;2012;Demandantes;Ambos sexos;De 16 a 29 años;48;
Aguadulce;2012;Demandantes;Ambos sexos;De 30 a 44 años;69,25000001;
Aguadulce;2012;Demandantes;Ambos sexos;De 45 a 64 años;51,25;
Aguadulce;2012;Demandantes;Ambos sexos;TOTAL;168,50000001;
Alanís;2010;Demandantes;Hombres;De 16 a 29 años;17,66666666;
Alanís;2010;Demandantes;Hombres;De 30 a 44 años;18,25000001;
Alanís;2010;Demandantes;Hombres;De 45 a 64 años;13,75;
Alanís;2010;Demandantes;Hombres;TOTAL;49,66666667;
Alanís;2010;Demandantes;Mujeres;De 16 a 29 años;28,33333331;
Alanís;2010;Demandantes;Mujeres;De 30 a 44 años;21,16666666;
Alanís;2010;Demandantes;Mujeres;De 45 a 64 años;16,5;
Alanís;2010;Demandantes;Mujeres;TOTAL;65,99999997;
Alanís;2010;Demandantes;Ambos sexos;De 16 a 29 años;45,99999997;
Alanís;2010;Demandantes;Ambos sexos;De 30 a 44 años;39,41666667;
Alanís;2010;Demandantes;Ambos sexos;De 45 a 64 años;30,25;
Alanís;2010;Demandantes;Ambos sexos;TOTAL;115,66666664;
Alanís;2011;Demandantes;Hombres;De 16 a 29 años;18,16666666;
Alanís;2011;Demandantes;Hombres;De 30 a 44 años;23,08333334;
Alanís;2011;Demandantes;Hombres;De 45 a 64 años;21,91666666;
Alanís;2011;Demandantes;Hombres;TOTAL;63,16666666;
Alanís;2011;Demandantes;Mujeres;De 16 a 29 años;28,58333333;
Alanís;2011;Demandantes;Mujeres;De 30 a 44 años;20,66666668;
Alanís;2011;Demandantes;Mujeres;De 45 a 64 años;20,00000001;
Alanís;2011;Demandantes;Mujeres;TOTAL;69,25000002;
Alanís;2011;Demandantes;Ambos sexos;De 16 a 29 años;46,74999999;
Alanís;2011;Demandantes;Ambos sexos;De 30 a 44 años;43,75000002;
Alanís;2011;Demandantes;Ambos sexos;De 45 a 64 años;41,91666667;
Alanís;2011;Demandantes;Ambos sexos;TOTAL;132,41666668;
Alanís;2012;Demandantes;Hombres;De 16 a 29 años;21,08333333;
Alanís;2012;Demandantes;Hombres;De 30 a 44 años;24,16666667;
Alanís;2012;Demandantes;Hombres;De 45 a 64 años;18,66666667;
Alanís;2012;Demandantes;Hombres;TOTAL;63,91666667;
Alanís;2012;Demandantes;Mujeres;De 16 a 29 años;38,16666666;
Alanís;2012;Demandantes;Mujeres;De 30 a 44 años;25,00000002;
Alanís;2012;Demandantes;Mujeres;De 45 a 64 años;22,83333334;
Alanís;2012;Demandantes;Mujeres;TOTAL;86,00000002;
Alanís;2012;Demandantes;Ambos sexos;De 16 a 29 años;59,24999999;
Alanís;2012;Demandantes;Ambos sexos;De 30 a 44 años;49,16666669;
Alanís;2012;Demandantes;Ambos sexos;De 45 a 64 años;41,50000001;
Alanís;2012;Demandantes;Ambos sexos;TOTAL;149,91666669;
Albaida del Aljarafe;2010;Demandantes;Hombres;De 16 a 29 años;59,16666666;
Albaida del Aljarafe;2010;Demandantes;Hombres;De 30 a 44 años;93,66666668;
Albaida del Aljarafe;2010;Demandantes;Hombres;De 45 a 64 años;45,25000001;
Albaida del Aljarafe;2010;Demandantes;Hombres;TOTAL;198,08333335;
Albaida del Aljarafe;2010;Demandantes;Mujeres;De 16 a 29 años;48,25;
Albaida del Aljarafe;2010;Demandantes;Mujeres;De 30 a 44 años;86,91666667;
Albaida del Aljarafe;2010;Demandantes;Mujeres;De 45 a 64 años;55,3333333;
Albaida del Aljarafe;2010;Demandantes;Mujeres;TOTAL;190,49999997;
Albaida del Aljarafe;2010;Demandantes;Ambos sexos;De 16 a 29 años;107,41666666;
Albaida del Aljarafe;2010;Demandantes;Ambos sexos;De 30 a 44 años;180,58333335;
Albaida del Aljarafe;2010;Demandantes;Ambos sexos;De 45 a 64 años;100,58333331;
Albaida del Aljarafe;2010;Demandantes;Ambos sexos;TOTAL;388,58333332;
Albaida del Aljarafe;2011;Demandantes;Hombres;De 16 a 29 años;45,58333333;
Albaida del Aljarafe;2011;Demandantes;Hombres;De 30 a 44 años;95,41666666;
Albaida del Aljarafe;2011;Demandantes;Hombres;De 45 a 64 años;53,58333332;
Albaida del Aljarafe;2011;Demandantes;Hombres;TOTAL;194,58333331;
Albaida del Aljarafe;2011;Demandantes;Mujeres;De 16 a 29 años;47,91666666;
Albaida del Aljarafe;2011;Demandantes;Mujeres;De 30 a 44 años;83,91666666;
Albaida del Aljarafe;2011;Demandantes;Mujeres;De 45 a 64 años;65;
Albaida del Aljarafe;2011;Demandantes;Mujeres;TOTAL;196,83333332;
Albaida del Aljarafe;2011;Demandantes;Ambos sexos;De 16 a 29 años;93,49999999;
Albaida del Aljarafe;2011;Demandantes;Ambos sexos;De 30 a 44 años;179,33333332;
Albaida del Aljarafe;2011;Demandantes;Ambos sexos;De 45 a 64 años;118,58333332;
Albaida del Aljarafe;2011;Demandantes;Ambos sexos;TOTAL;391,41666663;
Albaida del Aljarafe;2012;Demandantes;Hombres;De 16 a 29 años;50,00000001;
Albaida del Aljarafe;2012;Demandantes;Hombres;De 30 a 44 años;111,00000001;
Albaida del Aljarafe;2012;Demandantes;Hombres;De 45 a 64 años;68,58333335;
Albaida del Aljarafe;2012;Demandantes;Hombres;TOTAL;229,58333337;
Albaida del Aljarafe;2012;Demandantes;Mujeres;De 16 a 29 años;51,66666667;
Albaida del Aljarafe;2012;Demandantes;Mujeres;De 30 a 44 años;113,83333333;
Albaida del Aljarafe;2012;Demandantes;Mujeres;De 45 a 64 años;68,16666667;
Albaida del Aljarafe;2012;Demandantes;Mujeres;TOTAL;233,66666667;
Albaida del Aljarafe;2012;Demandantes;Ambos sexos;De 16 a 29 años;101,66666668;
Albaida del Aljarafe;2012;Demandantes;Ambos sexos;De 30 a 44 años;224,83333334;
Albaida del Aljarafe;2012;Demandantes;Ambos sexos;De 45 a 64 años;136,75000002;
Albaida del Aljarafe;2012;Demandantes;Ambos sexos;TOTAL;463,25000004;
Alcalá de Guadaíra;2010;Demandantes;Hombres;De 16 a 29 años;1041,50000002;
Alcalá de Guadaíra;2010;Demandantes;Hombres;De 30 a 44 años;1746,83333335;
Alcalá de Guadaíra;2010;Demandantes;Hombres;De 45 a 64 años;1233,66666667;
Alcalá de Guadaíra;2010;Demandantes;Hombres;TOTAL;4022,00000004;
Alcalá de Guadaíra;2010;Demandantes;Mujeres;De 16 a 29 años;1001,33333333;
Alcalá de Guadaíra;2010;Demandantes;Mujeres;De 30 a 44 años;2438,99999997;
Alcalá de Guadaíra;2010;Demandantes;Mujeres;De 45 a 64 años;1992,08333336;
Alcalá de Guadaíra;2010;Demandantes;Mujeres;TOTAL;5432,41666666;
Alcalá de Guadaíra;2010;Demandantes;Ambos sexos;De 16 a 29 años;2042,83333335;
Alcalá de Guadaíra;2010;Demandantes;Ambos sexos;De 30 a 44 años;4185,83333332;
Alcalá de Guadaíra;2010;Demandantes;Ambos sexos;De 45 a 64 años;3225,75000003;
Alcalá de Guadaíra;2010;Demandantes;Ambos sexos;TOTAL;9454,4166667;
Alcalá de Guadaíra;2011;Demandantes;Hombres;De 16 a 29 años;1047,66666668;
Alcalá de Guadaíra;2011;Demandantes;Hombres;De 30 a 44 años;1803,91666666;
Alcalá de Guadaíra;2011;Demandantes;Hombres;De 45 a 64 años;1387,75;
Alcalá de Guadaíra;2011;Demandantes;Hombres;TOTAL;4239,33333334;
Alcalá de Guadaíra;2011;Demandantes;Mujeres;De 16 a 29 años;1039,16666667;
Alcalá de Guadaíra;2011;Demandantes;Mujeres;De 30 a 44 años;2515,49999998;
Alcalá de Guadaíra;2011;Demandantes;Mujeres;De 45 a 64 años;2098,75000002;
Alcalá de Guadaíra;2011;Demandantes;Mujeres;TOTAL;5653,41666667;
Alcalá de Guadaíra;2011;Demandantes;Ambos sexos;De 16 a 29 años;2086,83333335;
Alcalá de Guadaíra;2011;Demandantes;Ambos sexos;De 30 a 44 años;4319,41666664;
Alcalá de Guadaíra;2011;Demandantes;Ambos sexos;De 45 a 64 años;3486,50000002;
Alcalá de Guadaíra;2011;Demandantes;Ambos sexos;TOTAL;9892,75000001;
Alcalá de Guadaíra;2012;Demandantes;Hombres;De 16 a 29 años;1160,33333334;
Alcalá de Guadaíra;2012;Demandantes;Hombres;De 30 a 44 años;2087,66666669;
Alcalá de Guadaíra;2012;Demandantes;Hombres;De 45 a 64 años;1669,08333337;
Alcalá de Guadaíra;2012;Demandantes;Hombres;TOTAL;4917,0833334;
Alcalá de Guadaíra;2012;Demandantes;Mujeres;De 16 a 29 años;1127,49999997;
Alcalá de Guadaíra;2012;Demandantes;Mujeres;De 30 a 44 años;2762,24999996;
Alcalá de Guadaíra;2012;Demandantes;Mujeres;De 45 a 64 años;2334,16666667;
Alcalá de Guadaíra;2012;Demandantes;Mujeres;TOTAL;6223,9166666;
Alcalá de Guadaíra;2012;Demandantes;Ambos sexos;De 16 a 29 años;2287,83333331;
Alcalá de Guadaíra;2012;Demandantes;Ambos sexos;De 30 a 44 años;4849,91666665;
Alcalá de Guadaíra;2012;Demandantes;Ambos sexos;De 45 a 64 años;4003,25000004;
Alcalá de Guadaíra;2012;Demandantes;Ambos sexos;TOTAL;11141;
Alcalá del Río;2010;Demandantes;Hombres;De 16 a 29 años;180,91666665;
Alcalá del Río;2010;Demandantes;Hombres;De 30 a 44 años;268,99999998;
Alcalá del Río;2010;Demandantes;Hombres;De 45 a 64 años;204,91666668;
Alcalá del Río;2010;Demandantes;Hombres;TOTAL;654,83333331;
Alcalá del Río;2010;Demandantes;Mujeres;De 16 a 29 años;114,91666666;
Alcalá del Río;2010;Demandantes;Mujeres;De 30 a 44 años;209,66666665;
Alcalá del Río;2010;Demandantes;Mujeres;De 45 a 64 años;98,33333335;
Alcalá del Río;2010;Demandantes;Mujeres;TOTAL;422,91666666;
Alcalá del Río;2010;Demandantes;Ambos sexos;De 16 a 29 años;295,83333331;
Alcalá del Río;2010;Demandantes;Ambos sexos;De 30 a 44 años;478,66666663;
Alcalá del Río;2010;Demandantes;Ambos sexos;De 45 a 64 años;303,25000003;
Alcalá del Río;2010;Demandantes;Ambos sexos;TOTAL;1077,74999997;
Alcalá del Río;2011;Demandantes;Hombres;De 16 a 29 años;191,08333331;
Alcalá del Río;2011;Demandantes;Hombres;De 30 a 44 años;278,58333332;
Alcalá del Río;2011;Demandantes;Hombres;De 45 a 64 años;235,25000001;
Alcalá del Río;2011;Demandantes;Hombres;TOTAL;704,91666664;
Alcalá del Río;2011;Demandantes;Mujeres;De 16 a 29 años;135,91666667;
Alcalá del Río;2011;Demandantes;Mujeres;De 30 a 44 años;243,66666668;
Alcalá del Río;2011;Demandantes;Mujeres;De 45 a 64 años;125,5;
Alcalá del Río;2011;Demandantes;Mujeres;TOTAL;505,08333335;
Alcalá del Río;2011;Demandantes;Ambos sexos;De 16 a 29 años;326,99999998;
Alcalá del Río;2011;Demandantes;Ambos sexos;De 30 a 44 años;522,25;
Alcalá del Río;2011;Demandantes;Ambos sexos;De 45 a 64 años;360,75000001;
Alcalá del Río;2011;Demandantes;Ambos sexos;TOTAL;1209,99999999;
Alcalá del Río;2012;Demandantes;Hombres;De 16 a 29 años;187,25;
Alcalá del Río;2012;Demandantes;Hombres;De 30 a 44 años;315,33333336;
Alcalá del Río;2012;Demandantes;Hombres;De 45 a 64 años;263,08333335;
Alcalá del Río;2012;Demandantes;Hombres;TOTAL;765,66666671;
Alcalá del Río;2012;Demandantes;Mujeres;De 16 a 29 años;156,41666667;
Alcalá del Río;2012;Demandantes;Mujeres;De 30 a 44 años;274,41666668;
Alcalá del Río;2012;Demandantes;Mujeres;De 45 a 64 años;145,41666667;
Alcalá del Río;2012;Demandantes;Mujeres;TOTAL;576,25000002;
Alcalá del Río;2012;Demandantes;Ambos sexos;De 16 a 29 años;343,66666667;
Alcalá del Río;2012;Demandantes;Ambos sexos;De 30 a 44 años;589,75000004;
Alcalá del Río;2012;Demandantes;Ambos sexos;De 45 a 64 años;408,50000002;
Alcalá del Río;2012;Demandantes;Ambos sexos;TOTAL;1341,91666673;
Alcolea del Río;2010;Demandantes;Hombres;De 16 a 29 años;24,25;
Alcolea del Río;2010;Demandantes;Hombres;De 30 a 44 años;36,75000001;
Alcolea del Río;2010;Demandantes;Hombres;De 45 a 64 años;23,08333333;
Alcolea del Río;2010;Demandantes;Hombres;TOTAL;84,08333334;
Alcolea del Río;2010;Demandantes;Mujeres;De 16 a 29 años;17,16666668;
Alcolea del Río;2010;Demandantes;Mujeres;De 30 a 44 años;20,83333335;
Alcolea del Río;2010;Demandantes;Mujeres;De 45 a 64 años;10;
Alcolea del Río;2010;Demandantes;Mujeres;TOTAL;48,00000003;
Alcolea del Río;2010;Demandantes;Ambos sexos;De 16 a 29 años;41,41666668;
Alcolea del Río;2010;Demandantes;Ambos sexos;De 30 a 44 años;57,58333336;
Alcolea del Río;2010;Demandantes;Ambos sexos;De 45 a 64 años;33,08333333;
Alcolea del Río;2010;Demandantes;Ambos sexos;TOTAL;132,08333337;
Alcolea del Río;2011;Demandantes;Hombres;De 16 a 29 años;29,25;
Alcolea del Río;2011;Demandantes;Hombres;De 30 a 44 años;38,5;
Alcolea del Río;2011;Demandantes;Hombres;De 45 a 64 años;26,41666667;
Alcolea del Río;2011;Demandantes;Hombres;TOTAL;94,16666667;
Alcolea del Río;2011;Demandantes;Mujeres;De 16 a 29 años;24;
Alcolea del Río;2011;Demandantes;Mujeres;De 30 a 44 años;24,33333333;
Alcolea del Río;2011;Demandantes;Mujeres;De 45 a 64 años;10,91666667;
Alcolea del Río;2011;Demandantes;Mujeres;TOTAL;59,25;
Alcolea del Río;2011;Demandantes;Ambos sexos;De 16 a 29 años;53,25;
Alcolea del Río;2011;Demandantes;Ambos sexos;De 30 a 44 años;62,83333333;
Alcolea del Río;2011;Demandantes;Ambos sexos;De 45 a 64 años;37,33333334;
Alcolea del Río;2011;Demandantes;Ambos sexos;TOTAL;153,41666667;
Alcolea del Río;2012;Demandantes;Hombres;De 16 a 29 años;33,66666669;
Alcolea del Río;2012;Demandantes;Hombres;De 30 a 44 años;40,58333333;
Alcolea del Río;2012;Demandantes;Hombres;De 45 a 64 años;35,99999999;
Alcolea del Río;2012;Demandantes;Hombres;TOTAL;110,25000001;
Alcolea del Río;2012;Demandantes;Mujeres;De 16 a 29 años;27,5;
Alcolea del Río;2012;Demandantes;Mujeres;De 30 a 44 años;26,41666667;
Alcolea del Río;2012;Demandantes;Mujeres;De 45 a 64 años;14,58333334;
Alcolea del Río;2012;Demandantes;Mujeres;TOTAL;68,50000001;
Alcolea del Río;2012;Demandantes;Ambos sexos;De 16 a 29 años;61,16666669;
Alcolea del Río;2012;Demandantes;Ambos sexos;De 30 a 44 años;67;
Alcolea del Río;2012;Demandantes;Ambos sexos;De 45 a 64 años;50,58333333;
Alcolea del Río;2012;Demandantes;Ambos sexos;TOTAL;178,75000002;
Algámitas;2010;Demandantes;Hombres;De 16 a 29 años;25,91666666;
Algámitas;2010;Demandantes;Hombres;De 30 a 44 años;21,08333335;
Algámitas;2010;Demandantes;Hombres;De 45 a 64 años;23,91666667;
Algámitas;2010;Demandantes;Hombres;TOTAL;70,91666668;
Algámitas;2010;Demandantes;Mujeres;De 16 a 29 años;8,83333334;
Algámitas;2010;Demandantes;Mujeres;De 30 a 44 años;13;
Algámitas;2010;Demandantes;Mujeres;De 45 a 64 años;11,08333333;
Algámitas;2010;Demandantes;Mujeres;TOTAL;32,91666667;
Algámitas;2010;Demandantes;Ambos sexos;De 16 a 29 años;34,75;
Algámitas;2010;Demandantes;Ambos sexos;De 30 a 44 años;34,08333335;
Algámitas;2010;Demandantes;Ambos sexos;De 45 a 64 años;35;
Algámitas;2010;Demandantes;Ambos sexos;TOTAL;103,83333335;
Algámitas;2011;Demandantes;Hombres;De 16 a 29 años;22,91666669;
Algámitas;2011;Demandantes;Hombres;De 30 a 44 años;21,33333333;
Algámitas;2011;Demandantes;Hombres;De 45 a 64 años;24,66666667;
Algámitas;2011;Demandantes;Hombres;TOTAL;68,91666669;
Algámitas;2011;Demandantes;Mujeres;De 16 a 29 años;13,16666667;
Algámitas;2011;Demandantes;Mujeres;De 30 a 44 años;16,08333332;
Algámitas;2011;Demandantes;Mujeres;De 45 a 64 años;11,58333333;
Algámitas;2011;Demandantes;Mujeres;TOTAL;40,83333332;
Algámitas;2011;Demandantes;Ambos sexos;De 16 a 29 años;36,08333336;
Algámitas;2011;Demandantes;Ambos sexos;De 30 a 44 años;37,41666665;
Algámitas;2011;Demandantes;Ambos sexos;De 45 a 64 años;36,25;
Algámitas;2011;Demandantes;Ambos sexos;TOTAL;109,75000001;
Algámitas;2012;Demandantes;Hombres;De 16 a 29 años;21,16666667;
Algámitas;2012;Demandantes;Hombres;De 30 a 44 años;23,49999999;
Algámitas;2012;Demandantes;Hombres;De 45 a 64 años;30,16666666;
Algámitas;2012;Demandantes;Hombres;TOTAL;74,83333332;
Algámitas;2012;Demandantes;Mujeres;De 16 a 29 años;17,83333332;
Algámitas;2012;Demandantes;Mujeres;De 30 a 44 años;16,83333334;
Algámitas;2012;Demandantes;Mujeres;De 45 a 64 años;15,91666666;
Algámitas;2012;Demandantes;Mujeres;TOTAL;50,58333332;
Algámitas;2012;Demandantes;Ambos sexos;De 16 a 29 años;38,99999999;
Algámitas;2012;Demandantes;Ambos sexos;De 30 a 44 años;40,33333333;
Algámitas;2012;Demandantes;Ambos sexos;De 45 a 64 años;46,08333332;
Algámitas;2012;Demandantes;Ambos sexos;TOTAL;125,41666664;
Almadén de la Plata;2010;Demandantes;Hombres;De 16 a 29 años;16,33333333;
Almadén de la Plata;2010;Demandantes;Hombres;De 30 a 44 años;17;
Almadén de la Plata;2010;Demandantes;Hombres;De 45 a 64 años;15,66666665;
Almadén de la Plata;2010;Demandantes;Hombres;TOTAL;48,99999998;
Almadén de la Plata;2010;Demandantes;Mujeres;De 16 a 29 años;15,66666666;
Almadén de la Plata;2010;Demandantes;Mujeres;De 30 a 44 años;42,08333333;
Almadén de la Plata;2010;Demandantes;Mujeres;De 45 a 64 años;38,83333333;
Almadén de la Plata;2010;Demandantes;Mujeres;TOTAL;96,58333332;
Almadén de la Plata;2010;Demandantes;Ambos sexos;De 16 a 29 años;31,99999999;
Almadén de la Plata;2010;Demandantes;Ambos sexos;De 30 a 44 años;59,08333333;
Almadén de la Plata;2010;Demandantes;Ambos sexos;De 45 a 64 años;54,49999998;
Almadén de la Plata;2010;Demandantes;Ambos sexos;TOTAL;145,5833333;
Almadén de la Plata;2011;Demandantes;Hombres;De 16 a 29 años;15,91666666;
Almadén de la Plata;2011;Demandantes;Hombres;De 30 a 44 años;21,49999999;
Almadén de la Plata;2011;Demandantes;Hombres;De 45 a 64 años;18,25;
Almadén de la Plata;2011;Demandantes;Hombres;TOTAL;55,66666665;
Almadén de la Plata;2011;Demandantes;Mujeres;De 16 a 29 años;21,83333334;
Almadén de la Plata;2011;Demandantes;Mujeres;De 30 a 44 años;37,99999999;
Almadén de la Plata;2011;Demandantes;Mujeres;De 45 a 64 años;44,08333332;
Almadén de la Plata;2011;Demandantes;Mujeres;TOTAL;103,91666665;
Almadén de la Plata;2011;Demandantes;Ambos sexos;De 16 a 29 años;37,75;
Almadén de la Plata;2011;Demandantes;Ambos sexos;De 30 a 44 años;59,49999998;
Almadén de la Plata;2011;Demandantes;Ambos sexos;De 45 a 64 años;62,33333332;
Almadén de la Plata;2011;Demandantes;Ambos sexos;TOTAL;159,5833333;
Almadén de la Plata;2012;Demandantes;Hombres;De 16 a 29 años;23,99999998;
Almadén de la Plata;2012;Demandantes;Hombres;De 30 a 44 años;31,33333333;
Almadén de la Plata;2012;Demandantes;Hombres;De 45 a 64 años;26,5;
Almadén de la Plata;2012;Demandantes;Hombres;TOTAL;81,83333331;
Almadén de la Plata;2012;Demandantes;Mujeres;De 16 a 29 años;29,91666666;
Almadén de la Plata;2012;Demandantes;Mujeres;De 30 a 44 años;45,00000001;
Almadén de la Plata;2012;Demandantes;Mujeres;De 45 a 64 años;48,66666668;
Almadén de la Plata;2012;Demandantes;Mujeres;TOTAL;123,58333335;
Almadén de la Plata;2012;Demandantes;Ambos sexos;De 16 a 29 años;53,91666664;
Almadén de la Plata;2012;Demandantes;Ambos sexos;De 30 a 44 años;76,33333334;
Almadén de la Plata;2012;Demandantes;Ambos sexos;De 45 a 64 años;75,16666668;
Almadén de la Plata;2012;Demandantes;Ambos sexos;TOTAL;205,41666666;
Almensilla;2010;Demandantes;Hombres;De 16 a 29 años;82,75000001;
Almensilla;2010;Demandantes;Hombres;De 30 a 44 años;128,16666667;
Almensilla;2010;Demandantes;Hombres;De 45 a 64 años;69,91666667;
Almensilla;2010;Demandantes;Hombres;TOTAL;280,83333335;
Almensilla;2010;Demandantes;Mujeres;De 16 a 29 años;65,33333333;
Almensilla;2010;Demandantes;Mujeres;De 30 a 44 años;150,41666666;
Almensilla;2010;Demandantes;Mujeres;De 45 a 64 años;78,41666666;
Almensilla;2010;Demandantes;Mujeres;TOTAL;294,16666665;
Almensilla;2010;Demandantes;Ambos sexos;De 16 a 29 años;148,08333334;
Almensilla;2010;Demandantes;Ambos sexos;De 30 a 44 años;278,58333333;
Almensilla;2010;Demandantes;Ambos sexos;De 45 a 64 años;148,33333333;
Almensilla;2010;Demandantes;Ambos sexos;TOTAL;575;
Almensilla;2011;Demandantes;Hombres;De 16 a 29 años;78,41666665;
Almensilla;2011;Demandantes;Hombres;De 30 a 44 años;137,83333333;
Almensilla;2011;Demandantes;Hombres;De 45 a 64 años;80,91666667;
Almensilla;2011;Demandantes;Hombres;TOTAL;297,16666665;
Almensilla;2011;Demandantes;Mujeres;De 16 a 29 años;68,49999999;
Almensilla;2011;Demandantes;Mujeres;De 30 a 44 años;169,75000001;
Almensilla;2011;Demandantes;Mujeres;De 45 a 64 años;94,49999999;
Almensilla;2011;Demandantes;Mujeres;TOTAL;332,74999999;
Almensilla;2011;Demandantes;Ambos sexos;De 16 a 29 años;146,91666664;
Almensilla;2011;Demandantes;Ambos sexos;De 30 a 44 años;307,58333334;
Almensilla;2011;Demandantes;Ambos sexos;De 45 a 64 años;175,41666666;
Almensilla;2011;Demandantes;Ambos sexos;TOTAL;629,91666664;
Almensilla;2012;Demandantes;Hombres;De 16 a 29 años;80,24999999;
Almensilla;2012;Demandantes;Hombres;De 30 a 44 años;162,41666664;
Almensilla;2012;Demandantes;Hombres;De 45 a 64 años;91,66666664;
Almensilla;2012;Demandantes;Hombres;TOTAL;334,33333327;
Almensilla;2012;Demandantes;Mujeres;De 16 a 29 años;75,5;
Almensilla;2012;Demandantes;Mujeres;De 30 a 44 años;180,83333335;
Almensilla;2012;Demandantes;Mujeres;De 45 a 64 años;104,91666665;
Almensilla;2012;Demandantes;Mujeres;TOTAL;361,25;
Almensilla;2012;Demandantes;Ambos sexos;De 16 a 29 años;155,74999999;
Almensilla;2012;Demandantes;Ambos sexos;De 30 a 44 años;343,24999999;
Almensilla;2012;Demandantes;Ambos sexos;De 45 a 64 años;196,58333329;
Almensilla;2012;Demandantes;Ambos sexos;TOTAL;695,58333327;
Arahal;2010;Demandantes;Hombres;De 16 a 29 años;315,33333333;
Arahal;2010;Demandantes;Hombres;De 30 a 44 años;405,75000002;
Arahal;2010;Demandantes;Hombres;De 45 a 64 años;339,66666666;
Arahal;2010;Demandantes;Hombres;TOTAL;1060,75000001;
Arahal;2010;Demandantes;Mujeres;De 16 a 29 años;245,33333334;
Arahal;2010;Demandantes;Mujeres;De 30 a 44 años;289,58333333;
Arahal;2010;Demandantes;Mujeres;De 45 a 64 años;160,08333335;
Arahal;2010;Demandantes;Mujeres;TOTAL;695,00000002;
Arahal;2010;Demandantes;Ambos sexos;De 16 a 29 años;560,66666667;
Arahal;2010;Demandantes;Ambos sexos;De 30 a 44 años;695,33333335;
Arahal;2010;Demandantes;Ambos sexos;De 45 a 64 años;499,75000001;
Arahal;2010;Demandantes;Ambos sexos;TOTAL;1755,75000003;
Arahal;2011;Demandantes;Hombres;De 16 a 29 años;328,08333331;
Arahal;2011;Demandantes;Hombres;De 30 a 44 años;403,91666667;
Arahal;2011;Demandantes;Hombres;De 45 a 64 años;356,58333331;
Arahal;2011;Demandantes;Hombres;TOTAL;1088,58333329;
Arahal;2011;Demandantes;Mujeres;De 16 a 29 años;295,41666668;
Arahal;2011;Demandantes;Mujeres;De 30 a 44 años;316,83333336;
Arahal;2011;Demandantes;Mujeres;De 45 a 64 años;180,74999999;
Arahal;2011;Demandantes;Mujeres;TOTAL;793,00000003;
Arahal;2011;Demandantes;Ambos sexos;De 16 a 29 años;623,49999999;
Arahal;2011;Demandantes;Ambos sexos;De 30 a 44 años;720,75000003;
Arahal;2011;Demandantes;Ambos sexos;De 45 a 64 años;537,3333333;
Arahal;2011;Demandantes;Ambos sexos;TOTAL;1881,58333332;
Arahal;2012;Demandantes;Hombres;De 16 a 29 años;374,74999999;
Arahal;2012;Demandantes;Hombres;De 30 a 44 años;466,08333335;
Arahal;2012;Demandantes;Hombres;De 45 a 64 años;441,5;
Arahal;2012;Demandantes;Hombres;TOTAL;1282,33333334;
Arahal;2012;Demandantes;Mujeres;De 16 a 29 años;360,99999999;
Arahal;2012;Demandantes;Mujeres;De 30 a 44 años;355,99999999;
Arahal;2012;Demandantes;Mujeres;De 45 a 64 años;213,16666667;
Arahal;2012;Demandantes;Mujeres;TOTAL;930,16666665;
Arahal;2012;Demandantes;Ambos sexos;De 16 a 29 años;735,74999998;
Arahal;2012;Demandantes;Ambos sexos;De 30 a 44 años;822,08333334;
Arahal;2012;Demandantes;Ambos sexos;De 45 a 64 años;654,66666667;
Arahal;2012;Demandantes;Ambos sexos;TOTAL;2212,49999999;
Aznalcázar;2010;Demandantes;Hombres;De 16 a 29 años;46,41666667;
Aznalcázar;2010;Demandantes;Hombres;De 30 a 44 años;78;
Aznalcázar;2010;Demandantes;Hombres;De 45 a 64 años;49,91666667;
Aznalcázar;2010;Demandantes;Hombres;TOTAL;174,33333334;
Aznalcázar;2010;Demandantes;Mujeres;De 16 a 29 años;41,16666669;
Aznalcázar;2010;Demandantes;Mujeres;De 30 a 44 años;68,16666667;
Aznalcázar;2010;Demandantes;Mujeres;De 45 a 64 años;21,99999999;
Aznalcázar;2010;Demandantes;Mujeres;TOTAL;131,33333335;
Aznalcázar;2010;Demandantes;Ambos sexos;De 16 a 29 años;87,58333336;
Aznalcázar;2010;Demandantes;Ambos sexos;De 30 a 44 años;146,16666667;
Aznalcázar;2010;Demandantes;Ambos sexos;De 45 a 64 años;71,91666666;
Aznalcázar;2010;Demandantes;Ambos sexos;TOTAL;305,66666669;
Aznalcázar;2011;Demandantes;Hombres;De 16 a 29 años;48,08333334;
Aznalcázar;2011;Demandantes;Hombres;De 30 a 44 años;85,25000002;
Aznalcázar;2011;Demandantes;Hombres;De 45 a 64 años;55,24999999;
Aznalcázar;2011;Demandantes;Hombres;TOTAL;188,58333335;
Aznalcázar;2011;Demandantes;Mujeres;De 16 a 29 años;50,66666665;
Aznalcázar;2011;Demandantes;Mujeres;De 30 a 44 años;85,91666666;
Aznalcázar;2011;Demandantes;Mujeres;De 45 a 64 años;29,00000002;
Aznalcázar;2011;Demandantes;Mujeres;TOTAL;165,58333333;
Aznalcázar;2011;Demandantes;Ambos sexos;De 16 a 29 años;98,74999999;
Aznalcázar;2011;Demandantes;Ambos sexos;De 30 a 44 años;171,16666668;
Aznalcázar;2011;Demandantes;Ambos sexos;De 45 a 64 años;84,25000001;
Aznalcázar;2011;Demandantes;Ambos sexos;TOTAL;354,16666668;
Aznalcázar;2012;Demandantes;Hombres;De 16 a 29 años;55,5833333;
Aznalcázar;2012;Demandantes;Hombres;De 30 a 44 años;94,33333333;
Aznalcázar;2012;Demandantes;Hombres;De 45 a 64 años;66,91666668;
Aznalcázar;2012;Demandantes;Hombres;TOTAL;216,83333331;
Aznalcázar;2012;Demandantes;Mujeres;De 16 a 29 años;59,33333333;
Aznalcázar;2012;Demandantes;Mujeres;De 30 a 44 años;84,75000001;
Aznalcázar;2012;Demandantes;Mujeres;De 45 a 64 años;30,08333334;
Aznalcázar;2012;Demandantes;Mujeres;TOTAL;174,16666668;
Aznalcázar;2012;Demandantes;Ambos sexos;De 16 a 29 años;114,91666663;
Aznalcázar;2012;Demandantes;Ambos sexos;De 30 a 44 años;179,08333334;
Aznalcázar;2012;Demandantes;Ambos sexos;De 45 a 64 años;97,00000002;
Aznalcázar;2012;Demandantes;Ambos sexos;TOTAL;390,99999999;
Aznalcóllar;2010;Demandantes;Hombres;De 16 a 29 años;116,91666668;
Aznalcóllar;2010;Demandantes;Hombres;De 30 a 44 años;114,66666667;
Aznalcóllar;2010;Demandantes;Hombres;De 45 a 64 años;102,33333334;
Aznalcóllar;2010;Demandantes;Hombres;TOTAL;333,91666669;
Aznalcóllar;2010;Demandantes;Mujeres;De 16 a 29 años;112,5;
Aznalcóllar;2010;Demandantes;Mujeres;De 30 a 44 años;136,16666667;
Aznalcóllar;2010;Demandantes;Mujeres;De 45 a 64 años;173;
Aznalcóllar;2010;Demandantes;Mujeres;TOTAL;421,66666667;
Aznalcóllar;2010;Demandantes;Ambos sexos;De 16 a 29 años;229,41666668;
Aznalcóllar;2010;Demandantes;Ambos sexos;De 30 a 44 años;250,83333334;
Aznalcóllar;2010;Demandantes;Ambos sexos;De 45 a 64 años;275,33333334;
Aznalcóllar;2010;Demandantes;Ambos sexos;TOTAL;755,58333336;
Aznalcóllar;2011;Demandantes;Hombres;De 16 a 29 años;122,91666667;
Aznalcóllar;2011;Demandantes;Hombres;De 30 a 44 años;122;
Aznalcóllar;2011;Demandantes;Hombres;De 45 a 64 años;114,16666669;
Aznalcóllar;2011;Demandantes;Hombres;TOTAL;359,08333336;
Aznalcóllar;2011;Demandantes;Mujeres;De 16 a 29 años;115,00000001;
Aznalcóllar;2011;Demandantes;Mujeres;De 30 a 44 años;165,00000001;
Aznalcóllar;2011;Demandantes;Mujeres;De 45 a 64 años;180,24999999;
Aznalcóllar;2011;Demandantes;Mujeres;TOTAL;460,25000001;
Aznalcóllar;2011;Demandantes;Ambos sexos;De 16 a 29 años;237,91666668;
Aznalcóllar;2011;Demandantes;Ambos sexos;De 30 a 44 años;287,00000001;
Aznalcóllar;2011;Demandantes;Ambos sexos;De 45 a 64 años;294,41666668;
Aznalcóllar;2011;Demandantes;Ambos sexos;TOTAL;819,33333337;
Aznalcóllar;2012;Demandantes;Hombres;De 16 a 29 años;136,66666666;
Aznalcóllar;2012;Demandantes;Hombres;De 30 a 44 años;144,99999998;
Aznalcóllar;2012;Demandantes;Hombres;De 45 a 64 años;117,58333331;
Aznalcóllar;2012;Demandantes;Hombres;TOTAL;399,24999995;
Aznalcóllar;2012;Demandantes;Mujeres;De 16 a 29 años;120,25;
Aznalcóllar;2012;Demandantes;Mujeres;De 30 a 44 años;194,16666666;
Aznalcóllar;2012;Demandantes;Mujeres;De 45 a 64 años;192,75;
Aznalcóllar;2012;Demandantes;Mujeres;TOTAL;507,16666666;
Aznalcóllar;2012;Demandantes;Ambos sexos;De 16 a 29 años;256,91666666;
Aznalcóllar;2012;Demandantes;Ambos sexos;De 30 a 44 años;339,16666664;
Aznalcóllar;2012;Demandantes;Ambos sexos;De 45 a 64 años;310,33333331;
Aznalcóllar;2012;Demandantes;Ambos sexos;TOTAL;906,41666661;
Badolatosa;2010;Demandantes;Hombres;De 16 a 29 años;33,66666668;
Badolatosa;2010;Demandantes;Hombres;De 30 a 44 años;62;
Badolatosa;2010;Demandantes;Hombres;De 45 a 64 años;39,00000002;
Badolatosa;2010;Demandantes;Hombres;TOTAL;134,6666667;
Badolatosa;2010;Demandantes;Mujeres;De 16 a 29 años;13,33333333;
Badolatosa;2010;Demandantes;Mujeres;De 30 a 44 años;15,75;
Badolatosa;2010;Demandantes;Mujeres;De 45 a 64 años;3,58333334;
Badolatosa;2010;Demandantes;Mujeres;TOTAL;32,66666667;
Badolatosa;2010;Demandantes;Ambos sexos;De 16 a 29 años;47,00000001;
Badolatosa;2010;Demandantes;Ambos sexos;De 30 a 44 años;77,75;
Badolatosa;2010;Demandantes;Ambos sexos;De 45 a 64 años;42,58333336;
Badolatosa;2010;Demandantes;Ambos sexos;TOTAL;167,33333337;
Badolatosa;2011;Demandantes;Hombres;De 16 a 29 años;22,83333331;
Badolatosa;2011;Demandantes;Hombres;De 30 a 44 años;54,58333333;
Badolatosa;2011;Demandantes;Hombres;De 45 a 64 años;47,83333332;
Badolatosa;2011;Demandantes;Hombres;TOTAL;125,24999996;
Badolatosa;2011;Demandantes;Mujeres;De 16 a 29 años;14,08333334;
Badolatosa;2011;Demandantes;Mujeres;De 30 a 44 años;14,66666666;
Badolatosa;2011;Demandantes;Mujeres;De 45 a 64 años;4,91666666;
Badolatosa;2011;Demandantes;Mujeres;TOTAL;33,66666666;
Badolatosa;2011;Demandantes;Ambos sexos;De 16 a 29 años;36,91666665;
Badolatosa;2011;Demandantes;Ambos sexos;De 30 a 44 años;69,24999999;
Badolatosa;2011;Demandantes;Ambos sexos;De 45 a 64 años;52,74999998;
Badolatosa;2011;Demandantes;Ambos sexos;TOTAL;158,91666662;
Badolatosa;2012;Demandantes;Hombres;De 16 a 29 años;21,91666665;
Badolatosa;2012;Demandantes;Hombres;De 30 a 44 años;52,5;
Badolatosa;2012;Demandantes;Hombres;De 45 a 64 años;60,25;
Badolatosa;2012;Demandantes;Hombres;TOTAL;134,66666665;
Badolatosa;2012;Demandantes;Mujeres;De 16 a 29 años;21,41666665;
Badolatosa;2012;Demandantes;Mujeres;De 30 a 44 años;18,49999999;
Badolatosa;2012;Demandantes;Mujeres;De 45 a 64 años;7,83333333;
Badolatosa;2012;Demandantes;Mujeres;TOTAL;47,74999997;
Badolatosa;2012;Demandantes;Ambos sexos;De 16 a 29 años;43,3333333;
Badolatosa;2012;Demandantes;Ambos sexos;De 30 a 44 años;70,99999999;
Badolatosa;2012;Demandantes;Ambos sexos;De 45 a 64 años;68,08333333;
Badolatosa;2012;Demandantes;Ambos sexos;TOTAL;182,41666662;
Benacazón;2010;Demandantes;Hombres;De 16 a 29 años;114,75000001;
Benacazón;2010;Demandantes;Hombres;De 30 a 44 años;156,16666666;
Benacazón;2010;Demandantes;Hombres;De 45 a 64 años;96,5;
Benacazón;2010;Demandantes;Hombres;TOTAL;367,41666667;
Benacazón;2010;Demandantes;Mujeres;De 16 a 29 años;85,16666667;
Benacazón;2010;Demandantes;Mujeres;De 30 a 44 años;141,33333334;
Benacazón;2010;Demandantes;Mujeres;De 45 a 64 años;49,58333334;
Benacazón;2010;Demandantes;Mujeres;TOTAL;276,08333335;
Benacazón;2010;Demandantes;Ambos sexos;De 16 a 29 años;199,91666668;
Benacazón;2010;Demandantes;Ambos sexos;De 30 a 44 años;297,5;
Benacazón;2010;Demandantes;Ambos sexos;De 45 a 64 años;146,08333334;
Benacazón;2010;Demandantes;Ambos sexos;TOTAL;643,50000002;
Benacazón;2011;Demandantes;Hombres;De 16 a 29 años;111,66666665;
Benacazón;2011;Demandantes;Hombres;De 30 a 44 años;182,75;
Benacazón;2011;Demandantes;Hombres;De 45 a 64 años;117,66666666;
Benacazón;2011;Demandantes;Hombres;TOTAL;412,08333331;
Benacazón;2011;Demandantes;Mujeres;De 16 a 29 años;104,58333333;
Benacazón;2011;Demandantes;Mujeres;De 30 a 44 años;149,66666668;
Benacazón;2011;Demandantes;Mujeres;De 45 a 64 años;64,00000001;
Benacazón;2011;Demandantes;Mujeres;TOTAL;318,25000002;
Benacazón;2011;Demandantes;Ambos sexos;De 16 a 29 años;216,24999998;
Benacazón;2011;Demandantes;Ambos sexos;De 30 a 44 años;332,41666668;
Benacazón;2011;Demandantes;Ambos sexos;De 45 a 64 años;181,66666667;
Benacazón;2011;Demandantes;Ambos sexos;TOTAL;730,33333333;
Benacazón;2012;Demandantes;Hombres;De 16 a 29 años;113,16666666;
Benacazón;2012;Demandantes;Hombres;De 30 a 44 años;209,74999998;
Benacazón;2012;Demandantes;Hombres;De 45 a 64 años;135,25;
Benacazón;2012;Demandantes;Hombres;TOTAL;458,16666664;
Benacazón;2012;Demandantes;Mujeres;De 16 a 29 años;108,75;
Benacazón;2012;Demandantes;Mujeres;De 30 a 44 años;185,83333333;
Benacazón;2012;Demandantes;Mujeres;De 45 a 64 años;74,58333334;
Benacazón;2012;Demandantes;Mujeres;TOTAL;369,16666667;
Benacazón;2012;Demandantes;Ambos sexos;De 16 a 29 años;221,91666666;
Benacazón;2012;Demandantes;Ambos sexos;De 30 a 44 años;395,58333331;
Benacazón;2012;Demandantes;Ambos sexos;De 45 a 64 años;209,83333334;
Benacazón;2012;Demandantes;Ambos sexos;TOTAL;827,33333331;
Bollullos de la Mitación;2010;Demandantes;Hombres;De 16 a 29 años;127,24999998;
Bollullos de la Mitación;2010;Demandantes;Hombres;De 30 a 44 años;238,08333334;
Bollullos de la Mitación;2010;Demandantes;Hombres;De 45 a 64 años;142,5;
Bollullos de la Mitación;2010;Demandantes;Hombres;TOTAL;507,83333332;
Bollullos de la Mitación;2010;Demandantes;Mujeres;De 16 a 29 años;113,75;
Bollullos de la Mitación;2010;Demandantes;Mujeres;De 30 a 44 años;264,58333334;
Bollullos de la Mitación;2010;Demandantes;Mujeres;De 45 a 64 años;132,25;
Bollullos de la Mitación;2010;Demandantes;Mujeres;TOTAL;510,58333334;
Bollullos de la Mitación;2010;Demandantes;Ambos sexos;De 16 a 29 años;240,99999998;
Bollullos de la Mitación;2010;Demandantes;Ambos sexos;De 30 a 44 años;502,66666668;
Bollullos de la Mitación;2010;Demandantes;Ambos sexos;De 45 a 64 años;274,75;
Bollullos de la Mitación;2010;Demandantes;Ambos sexos;TOTAL;1018,41666666;
Bollullos de la Mitación;2011;Demandantes;Hombres;De 16 a 29 años;124,24999998;
Bollullos de la Mitación;2011;Demandantes;Hombres;De 30 a 44 años;239,66666665;
Bollullos de la Mitación;2011;Demandantes;Hombres;De 45 a 64 años;167;
Bollullos de la Mitación;2011;Demandantes;Hombres;TOTAL;530,91666663;
Bollullos de la Mitación;2011;Demandantes;Mujeres;De 16 a 29 años;117,74999999;
Bollullos de la Mitación;2011;Demandantes;Mujeres;De 30 a 44 años;279,41666666;
Bollullos de la Mitación;2011;Demandantes;Mujeres;De 45 a 64 años;163,16666665;
Bollullos de la Mitación;2011;Demandantes;Mujeres;TOTAL;560,3333333;
Bollullos de la Mitación;2011;Demandantes;Ambos sexos;De 16 a 29 años;241,99999997;
Bollullos de la Mitación;2011;Demandantes;Ambos sexos;De 30 a 44 años;519,08333331;
Bollullos de la Mitación;2011;Demandantes;Ambos sexos;De 45 a 64 años;330,16666665;
Bollullos de la Mitación;2011;Demandantes;Ambos sexos;TOTAL;1091,24999993;
Bollullos de la Mitación;2012;Demandantes;Hombres;De 16 a 29 años;137,83333333;
Bollullos de la Mitación;2012;Demandantes;Hombres;De 30 a 44 años;291,66666666;
Bollullos de la Mitación;2012;Demandantes;Hombres;De 45 a 64 años;203,91666664;
Bollullos de la Mitación;2012;Demandantes;Hombres;TOTAL;633,41666663;
Bollullos de la Mitación;2012;Demandantes;Mujeres;De 16 a 29 años;129,83333333;
Bollullos de la Mitación;2012;Demandantes;Mujeres;De 30 a 44 años;353,75000002;
Bollullos de la Mitación;2012;Demandantes;Mujeres;De 45 a 64 años;188,41666666;
Bollullos de la Mitación;2012;Demandantes;Mujeres;TOTAL;672,00000001;
Bollullos de la Mitación;2012;Demandantes;Ambos sexos;De 16 a 29 años;267,66666666;
Bollullos de la Mitación;2012;Demandantes;Ambos sexos;De 30 a 44 años;645,41666668;
Bollullos de la Mitación;2012;Demandantes;Ambos sexos;De 45 a 64 años;392,3333333;
Bollullos de la Mitación;2012;Demandantes;Ambos sexos;TOTAL;1305,41666664;
Bormujos;2010;Demandantes;Hombres;De 16 a 29 años;194,49999999;
Bormujos;2010;Demandantes;Hombres;De 30 a 44 años;350,66666667;
Bormujos;2010;Demandantes;Hombres;De 45 a 64 años;235,16666666;
Bormujos;2010;Demandantes;Hombres;TOTAL;780,33333332;
Bormujos;2010;Demandantes;Mujeres;De 16 a 29 años;157,91666665;
Bormujos;2010;Demandantes;Mujeres;De 30 a 44 años;612,91666667;
Bormujos;2010;Demandantes;Mujeres;De 45 a 64 años;352,25;
Bormujos;2010;Demandantes;Mujeres;TOTAL;1123,08333332;
Bormujos;2010;Demandantes;Ambos sexos;De 16 a 29 años;352,41666664;
Bormujos;2010;Demandantes;Ambos sexos;De 30 a 44 años;963,58333334;
Bormujos;2010;Demandantes;Ambos sexos;De 45 a 64 años;587,41666666;
Bormujos;2010;Demandantes;Ambos sexos;TOTAL;1903,41666664;
Bormujos;2011;Demandantes;Hombres;De 16 a 29 años;201,74999999;
Bormujos;2011;Demandantes;Hombres;De 30 a 44 años;377,66666666;
Bormujos;2011;Demandantes;Hombres;De 45 a 64 años;275,91666664;
Bormujos;2011;Demandantes;Hombres;TOTAL;855,33333329;
Bormujos;2011;Demandantes;Mujeres;De 16 a 29 años;181,16666666;
Bormujos;2011;Demandantes;Mujeres;De 30 a 44 años;649,50000001;
Bormujos;2011;Demandantes;Mujeres;De 45 a 64 años;380,83333332;
Bormujos;2011;Demandantes;Mujeres;TOTAL;1211,49999999;
Bormujos;2011;Demandantes;Ambos sexos;De 16 a 29 años;382,91666665;
Bormujos;2011;Demandantes;Ambos sexos;De 30 a 44 años;1027,16666667;
Bormujos;2011;Demandantes;Ambos sexos;De 45 a 64 años;656,74999996;
Bormujos;2011;Demandantes;Ambos sexos;TOTAL;2066,83333328;
Bormujos;2012;Demandantes;Hombres;De 16 a 29 años;236,25;
Bormujos;2012;Demandantes;Hombres;De 30 a 44 años;452,33333334;
Bormujos;2012;Demandantes;Hombres;De 45 a 64 años;350,49999998;
Bormujos;2012;Demandantes;Hombres;TOTAL;1039,08333332;
Bormujos;2012;Demandantes;Mujeres;De 16 a 29 años;223,83333333;
Bormujos;2012;Demandantes;Mujeres;De 30 a 44 años;692,08333334;
Bormujos;2012;Demandantes;Mujeres;De 45 a 64 años;455;
Bormujos;2012;Demandantes;Mujeres;TOTAL;1370,91666667;
Bormujos;2012;Demandantes;Ambos sexos;De 16 a 29 años;460,08333333;
Bormujos;2012;Demandantes;Ambos sexos;De 30 a 44 años;1144,41666668;
Bormujos;2012;Demandantes;Ambos sexos;De 45 a 64 años;805,49999998;
Bormujos;2012;Demandantes;Ambos sexos;TOTAL;2409,99999999;
Brenes;2010;Demandantes;Hombres;De 16 a 29 años;161,58333333;
Brenes;2010;Demandantes;Hombres;De 30 a 44 años;265,58333336;
Brenes;2010;Demandantes;Hombres;De 45 a 64 años;185,58333334;
Brenes;2010;Demandantes;Hombres;TOTAL;612,75000003;
Brenes;2010;Demandantes;Mujeres;De 16 a 29 años;116,25000001;
Brenes;2010;Demandantes;Mujeres;De 30 a 44 años;198,33333334;
Brenes;2010;Demandantes;Mujeres;De 45 a 64 años;87,16666667;
Brenes;2010;Demandantes;Mujeres;TOTAL;401,75000002;
Brenes;2010;Demandantes;Ambos sexos;De 16 a 29 años;277,83333334;
Brenes;2010;Demandantes;Ambos sexos;De 30 a 44 años;463,9166667;
Brenes;2010;Demandantes;Ambos sexos;De 45 a 64 años;272,75000001;
Brenes;2010;Demandantes;Ambos sexos;TOTAL;1014,50000005;
Brenes;2011;Demandantes;Hombres;De 16 a 29 años;149,41666667;
Brenes;2011;Demandantes;Hombres;De 30 a 44 años;253,41666667;
Brenes;2011;Demandantes;Hombres;De 45 a 64 años;181,91666665;
Brenes;2011;Demandantes;Hombres;TOTAL;584,74999999;
Brenes;2011;Demandantes;Mujeres;De 16 a 29 años;146,83333332;
Brenes;2011;Demandantes;Mujeres;De 30 a 44 años;216,66666666;
Brenes;2011;Demandantes;Mujeres;De 45 a 64 años;104,75000001;
Brenes;2011;Demandantes;Mujeres;TOTAL;468,24999999;
Brenes;2011;Demandantes;Ambos sexos;De 16 a 29 años;296,24999999;
Brenes;2011;Demandantes;Ambos sexos;De 30 a 44 años;470,08333333;
Brenes;2011;Demandantes;Ambos sexos;De 45 a 64 años;286,66666666;
Brenes;2011;Demandantes;Ambos sexos;TOTAL;1052,99999998;
Brenes;2012;Demandantes;Hombres;De 16 a 29 años;159,16666665;
Brenes;2012;Demandantes;Hombres;De 30 a 44 años;275,91666669;
Brenes;2012;Demandantes;Hombres;De 45 a 64 años;219,99999999;
Brenes;2012;Demandantes;Hombres;TOTAL;655,08333333;
Brenes;2012;Demandantes;Mujeres;De 16 a 29 años;165,74999999;
Brenes;2012;Demandantes;Mujeres;De 30 a 44 años;234,91666667;
Brenes;2012;Demandantes;Mujeres;De 45 a 64 años;130,16666665;
Brenes;2012;Demandantes;Mujeres;TOTAL;530,83333331;
Brenes;2012;Demandantes;Ambos sexos;De 16 a 29 años;324,91666664;
Brenes;2012;Demandantes;Ambos sexos;De 30 a 44 años;510,83333336;
Brenes;2012;Demandantes;Ambos sexos;De 45 a 64 años;350,16666664;
Brenes;2012;Demandantes;Ambos sexos;TOTAL;1185,91666664;
Burguillos;2010;Demandantes;Hombres;De 16 a 29 años;89,33333333;
Burguillos;2010;Demandantes;Hombres;De 30 a 44 años;165,66666668;
Burguillos;2010;Demandantes;Hombres;De 45 a 64 años;93,91666666;
Burguillos;2010;Demandantes;Hombres;TOTAL;348,91666667;
Burguillos;2010;Demandantes;Mujeres;De 16 a 29 años;94;
Burguillos;2010;Demandantes;Mujeres;De 30 a 44 años;163,58333334;
Burguillos;2010;Demandantes;Mujeres;De 45 a 64 años;74,58333334;
Burguillos;2010;Demandantes;Mujeres;TOTAL;332,16666668;
Burguillos;2010;Demandantes;Ambos sexos;De 16 a 29 años;183,33333333;
Burguillos;2010;Demandantes;Ambos sexos;De 30 a 44 años;329,25000002;
Burguillos;2010;Demandantes;Ambos sexos;De 45 a 64 años;168,5;
Burguillos;2010;Demandantes;Ambos sexos;TOTAL;681,08333335;
Burguillos;2011;Demandantes;Hombres;De 16 a 29 años;92,33333333;
Burguillos;2011;Demandantes;Hombres;De 30 a 44 años;167,16666667;
Burguillos;2011;Demandantes;Hombres;De 45 a 64 años;116,5;
Burguillos;2011;Demandantes;Hombres;TOTAL;376;
Burguillos;2011;Demandantes;Mujeres;De 16 a 29 años;91,25;
Burguillos;2011;Demandantes;Mujeres;De 30 a 44 años;184,83333334;
Burguillos;2011;Demandantes;Mujeres;De 45 a 64 años;80,75000001;
Burguillos;2011;Demandantes;Mujeres;TOTAL;356,83333335;
Burguillos;2011;Demandantes;Ambos sexos;De 16 a 29 años;183,58333333;
Burguillos;2011;Demandantes;Ambos sexos;De 30 a 44 años;352,00000001;
Burguillos;2011;Demandantes;Ambos sexos;De 45 a 64 años;197,25000001;
Burguillos;2011;Demandantes;Ambos sexos;TOTAL;732,83333335;
Burguillos;2012;Demandantes;Hombres;De 16 a 29 años;89,83333332;
Burguillos;2012;Demandantes;Hombres;De 30 a 44 años;180,91666668;
Burguillos;2012;Demandantes;Hombres;De 45 a 64 años;133,33333331;
Burguillos;2012;Demandantes;Hombres;TOTAL;404,08333331;
Burguillos;2012;Demandantes;Mujeres;De 16 a 29 años;103,66666668;
Burguillos;2012;Demandantes;Mujeres;De 30 a 44 años;201,50000002;
Burguillos;2012;Demandantes;Mujeres;De 45 a 64 años;104,50000001;
Burguillos;2012;Demandantes;Mujeres;TOTAL;409,66666671;
Burguillos;2012;Demandantes;Ambos sexos;De 16 a 29 años;193,5;
Burguillos;2012;Demandantes;Ambos sexos;De 30 a 44 años;382,4166667;
Burguillos;2012;Demandantes;Ambos sexos;De 45 a 64 años;237,83333332;
Burguillos;2012;Demandantes;Ambos sexos;TOTAL;813,75000002;
Camas;2010;Demandantes;Hombres;De 16 a 29 años;476,66666669;
Camas;2010;Demandantes;Hombres;De 30 a 44 años;695,08333336;
Camas;2010;Demandantes;Hombres;De 45 a 64 años;594,08333333;
Camas;2010;Demandantes;Hombres;TOTAL;1765,83333338;
Camas;2010;Demandantes;Mujeres;De 16 a 29 años;406,83333337;
Camas;2010;Demandantes;Mujeres;De 30 a 44 años;753,08333334;
Camas;2010;Demandantes;Mujeres;De 45 a 64 años;769,91666668;
Camas;2010;Demandantes;Mujeres;TOTAL;1929,83333339;
Camas;2010;Demandantes;Ambos sexos;De 16 a 29 años;883,50000006;
Camas;2010;Demandantes;Ambos sexos;De 30 a 44 años;1448,1666667;
Camas;2010;Demandantes;Ambos sexos;De 45 a 64 años;1364,00000001;
Camas;2010;Demandantes;Ambos sexos;TOTAL;3695,66666677;
Camas;2011;Demandantes;Hombres;De 16 a 29 años;494,25000001;
Camas;2011;Demandantes;Hombres;De 30 a 44 años;762,33333333;
Camas;2011;Demandantes;Hombres;De 45 a 64 años;622,83333335;
Camas;2011;Demandantes;Hombres;TOTAL;1879,41666669;
Camas;2011;Demandantes;Mujeres;De 16 a 29 años;462,66666665;
Camas;2011;Demandantes;Mujeres;De 30 a 44 años;838,24999997;
Camas;2011;Demandantes;Mujeres;De 45 a 64 años;805,91666668;
Camas;2011;Demandantes;Mujeres;TOTAL;2106,8333333;
Camas;2011;Demandantes;Ambos sexos;De 16 a 29 años;956,91666666;
Camas;2011;Demandantes;Ambos sexos;De 30 a 44 años;1600,5833333;
Camas;2011;Demandantes;Ambos sexos;De 45 a 64 años;1428,75000003;
Camas;2011;Demandantes;Ambos sexos;TOTAL;3986,24999999;
Camas;2012;Demandantes;Hombres;De 16 a 29 años;524,66666666;
Camas;2012;Demandantes;Hombres;De 30 a 44 años;889,58333332;
Camas;2012;Demandantes;Hombres;De 45 a 64 años;742,50000001;
Camas;2012;Demandantes;Hombres;TOTAL;2156,74999999;
Camas;2012;Demandantes;Mujeres;De 16 a 29 años;517,33333333;
Camas;2012;Demandantes;Mujeres;De 30 a 44 años;920,50000001;
Camas;2012;Demandantes;Mujeres;De 45 a 64 años;877,41666665;
Camas;2012;Demandantes;Mujeres;TOTAL;2315,24999999;
Camas;2012;Demandantes;Ambos sexos;De 16 a 29 años;1041,99999999;
Camas;2012;Demandantes;Ambos sexos;De 30 a 44 años;1810,08333333;
Camas;2012;Demandantes;Ambos sexos;De 45 a 64 años;1619,91666666;
Camas;2012;Demandantes;Ambos sexos;TOTAL;4471,99999998;
Cantillana;2010;Demandantes;Hombres;De 16 a 29 años;150,00000002;
Cantillana;2010;Demandantes;Hombres;De 30 a 44 años;261,58333334;
Cantillana;2010;Demandantes;Hombres;De 45 a 64 años;178,83333335;
Cantillana;2010;Demandantes;Hombres;TOTAL;590,41666671;
Cantillana;2010;Demandantes;Mujeres;De 16 a 29 años;115,91666666;
Cantillana;2010;Demandantes;Mujeres;De 30 a 44 años;151,41666664;
Cantillana;2010;Demandantes;Mujeres;De 45 a 64 años;82,33333332;
Cantillana;2010;Demandantes;Mujeres;TOTAL;349,66666662;
Cantillana;2010;Demandantes;Ambos sexos;De 16 a 29 años;265,91666668;
Cantillana;2010;Demandantes;Ambos sexos;De 30 a 44 años;412,99999998;
Cantillana;2010;Demandantes;Ambos sexos;De 45 a 64 años;261,16666667;
Cantillana;2010;Demandantes;Ambos sexos;TOTAL;940,08333333;
Cantillana;2011;Demandantes;Hombres;De 16 a 29 años;148,50000002;
Cantillana;2011;Demandantes;Hombres;De 30 a 44 años;241,83333331;
Cantillana;2011;Demandantes;Hombres;De 45 a 64 años;186,75000001;
Cantillana;2011;Demandantes;Hombres;TOTAL;577,08333334;
Cantillana;2011;Demandantes;Mujeres;De 16 a 29 años;126,5;
Cantillana;2011;Demandantes;Mujeres;De 30 a 44 años;164,41666666;
Cantillana;2011;Demandantes;Mujeres;De 45 a 64 años;88,49999999;
Cantillana;2011;Demandantes;Mujeres;TOTAL;379,41666665;
Cantillana;2011;Demandantes;Ambos sexos;De 16 a 29 años;275,00000002;
Cantillana;2011;Demandantes;Ambos sexos;De 30 a 44 años;406,24999997;
Cantillana;2011;Demandantes;Ambos sexos;De 45 a 64 años;275,25;
Cantillana;2011;Demandantes;Ambos sexos;TOTAL;956,49999999;
Cantillana;2012;Demandantes;Hombres;De 16 a 29 años;173,16666665;
Cantillana;2012;Demandantes;Hombres;De 30 a 44 años;277;
Cantillana;2012;Demandantes;Hombres;De 45 a 64 años;234,83333333;
Cantillana;2012;Demandantes;Hombres;TOTAL;684,99999998;
Cantillana;2012;Demandantes;Mujeres;De 16 a 29 años;167,41666668;
Cantillana;2012;Demandantes;Mujeres;De 30 a 44 años;203,41666665;
Cantillana;2012;Demandantes;Mujeres;De 45 a 64 años;130,99999998;
Cantillana;2012;Demandantes;Mujeres;TOTAL;501,83333331;
Cantillana;2012;Demandantes;Ambos sexos;De 16 a 29 años;340,58333333;
Cantillana;2012;Demandantes;Ambos sexos;De 30 a 44 años;480,41666665;
Cantillana;2012;Demandantes;Ambos sexos;De 45 a 64 años;365,83333331;
Cantillana;2012;Demandantes;Ambos sexos;TOTAL;1186,83333329;
Cañada Rosal;2010;Demandantes;Hombres;De 16 a 29 años;32,08333333;
Cañada Rosal;2010;Demandantes;Hombres;De 30 a 44 años;54,16666665;
Cañada Rosal;2010;Demandantes;Hombres;De 45 a 64 años;31,41666667;
Cañada Rosal;2010;Demandantes;Hombres;TOTAL;117,66666665;
Cañada Rosal;2010;Demandantes;Mujeres;De 16 a 29 años;25,99999999;
Cañada Rosal;2010;Demandantes;Mujeres;De 30 a 44 años;43,75;
Cañada Rosal;2010;Demandantes;Mujeres;De 45 a 64 años;14,66666667;
Cañada Rosal;2010;Demandantes;Mujeres;TOTAL;84,41666666;
Cañada Rosal;2010;Demandantes;Ambos sexos;De 16 a 29 años;58,08333332;
Cañada Rosal;2010;Demandantes;Ambos sexos;De 30 a 44 años;97,91666665;
Cañada Rosal;2010;Demandantes;Ambos sexos;De 45 a 64 años;46,08333334;
Cañada Rosal;2010;Demandantes;Ambos sexos;TOTAL;202,08333331;
Cañada Rosal;2011;Demandantes;Hombres;De 16 a 29 años;35,74999999;
Cañada Rosal;2011;Demandantes;Hombres;De 30 a 44 años;52,49999999;
Cañada Rosal;2011;Demandantes;Hombres;De 45 a 64 años;26,66666666;
Cañada Rosal;2011;Demandantes;Hombres;TOTAL;114,91666664;
Cañada Rosal;2011;Demandantes;Mujeres;De 16 a 29 años;31,16666666;
Cañada Rosal;2011;Demandantes;Mujeres;De 30 a 44 años;40,83333332;
Cañada Rosal;2011;Demandantes;Mujeres;De 45 a 64 años;19,33333332;
Cañada Rosal;2011;Demandantes;Mujeres;TOTAL;91,3333333;
Cañada Rosal;2011;Demandantes;Ambos sexos;De 16 a 29 años;66,91666665;
Cañada Rosal;2011;Demandantes;Ambos sexos;De 30 a 44 años;93,33333331;
Cañada Rosal;2011;Demandantes;Ambos sexos;De 45 a 64 años;45,99999998;
Cañada Rosal;2011;Demandantes;Ambos sexos;TOTAL;206,24999994;
Cañada Rosal;2012;Demandantes;Hombres;De 16 a 29 años;40,58333333;
Cañada Rosal;2012;Demandantes;Hombres;De 30 a 44 años;73,08333335;
Cañada Rosal;2012;Demandantes;Hombres;De 45 a 64 años;33,16666666;
Cañada Rosal;2012;Demandantes;Hombres;TOTAL;146,83333334;
Cañada Rosal;2012;Demandantes;Mujeres;De 16 a 29 años;39,33333332;
Cañada Rosal;2012;Demandantes;Mujeres;De 30 a 44 años;44,33333335;
Cañada Rosal;2012;Demandantes;Mujeres;De 45 a 64 años;21,08333334;
Cañada Rosal;2012;Demandantes;Mujeres;TOTAL;104,75000001;
Cañada Rosal;2012;Demandantes;Ambos sexos;De 16 a 29 años;79,91666665;
Cañada Rosal;2012;Demandantes;Ambos sexos;De 30 a 44 años;117,4166667;
Cañada Rosal;2012;Demandantes;Ambos sexos;De 45 a 64 años;54,25;
Cañada Rosal;2012;Demandantes;Ambos sexos;TOTAL;251,58333335;
Carmona;2010;Demandantes;Hombres;De 16 a 29 años;415,75;
Carmona;2010;Demandantes;Hombres;De 30 a 44 años;570,41666668;
Carmona;2010;Demandantes;Hombres;De 45 a 64 años;516,58333335;
Carmona;2010;Demandantes;Hombres;TOTAL;1502,75000003;
Carmona;2010;Demandantes;Mujeres;De 16 a 29 años;339,83333333;
Carmona;2010;Demandantes;Mujeres;De 30 a 44 años;605,25000001;
Carmona;2010;Demandantes;Mujeres;De 45 a 64 años;532,24999999;
Carmona;2010;Demandantes;Mujeres;TOTAL;1477,33333333;
Carmona;2010;Demandantes;Ambos sexos;De 16 a 29 años;755,58333333;
Carmona;2010;Demandantes;Ambos sexos;De 30 a 44 años;1175,66666669;
Carmona;2010;Demandantes;Ambos sexos;De 45 a 64 años;1048,83333334;
Carmona;2010;Demandantes;Ambos sexos;TOTAL;2980,08333336;
Carmona;2011;Demandantes;Hombres;De 16 a 29 años;443,08333334;
Carmona;2011;Demandantes;Hombres;De 30 a 44 años;624,58333335;
Carmona;2011;Demandantes;Hombres;De 45 a 64 años;586,33333333;
Carmona;2011;Demandantes;Hombres;TOTAL;1654,00000002;
Carmona;2011;Demandantes;Mujeres;De 16 a 29 años;392,08333336;
Carmona;2011;Demandantes;Mujeres;De 30 a 44 años;636,08333332;
Carmona;2011;Demandantes;Mujeres;De 45 a 64 años;588,41666668;
Carmona;2011;Demandantes;Mujeres;TOTAL;1616,58333336;
Carmona;2011;Demandantes;Ambos sexos;De 16 a 29 años;835,1666667;
Carmona;2011;Demandantes;Ambos sexos;De 30 a 44 años;1260,66666667;
Carmona;2011;Demandantes;Ambos sexos;De 45 a 64 años;1174,75000001;
Carmona;2011;Demandantes;Ambos sexos;TOTAL;3270,58333338;
Carmona;2012;Demandantes;Hombres;De 16 a 29 años;525,66666667;
Carmona;2012;Demandantes;Hombres;De 30 a 44 años;751,00000001;
Carmona;2012;Demandantes;Hombres;De 45 a 64 años;721,83333334;
Carmona;2012;Demandantes;Hombres;TOTAL;1998,50000002;
Carmona;2012;Demandantes;Mujeres;De 16 a 29 años;464,83333333;
Carmona;2012;Demandantes;Mujeres;De 30 a 44 años;724,25000001;
Carmona;2012;Demandantes;Mujeres;De 45 a 64 años;656,08333333;
Carmona;2012;Demandantes;Mujeres;TOTAL;1845,16666667;
Carmona;2012;Demandantes;Ambos sexos;De 16 a 29 años;990,5;
Carmona;2012;Demandantes;Ambos sexos;De 30 a 44 años;1475,25000002;
Carmona;2012;Demandantes;Ambos sexos;De 45 a 64 años;1377,91666667;
Carmona;2012;Demandantes;Ambos sexos;TOTAL;3843,66666669;
Carrión de los Céspedes;2010;Demandantes;Hombres;De 16 a 29 años;24,08333333;
Carrión de los Céspedes;2010;Demandantes;Hombres;De 30 a 44 años;31,49999999;
Carrión de los Céspedes;2010;Demandantes;Hombres;De 45 a 64 años;31,58333332;
Carrión de los Céspedes;2010;Demandantes;Hombres;TOTAL;87,16666664;
Carrión de los Céspedes;2010;Demandantes;Mujeres;De 16 a 29 años;25;
Carrión de los Céspedes;2010;Demandantes;Mujeres;De 30 a 44 años;48,24999999;
Carrión de los Céspedes;2010;Demandantes;Mujeres;De 45 a 64 años;19,75000001;
Carrión de los Céspedes;2010;Demandantes;Mujeres;TOTAL;93;
Carrión de los Céspedes;2010;Demandantes;Ambos sexos;De 16 a 29 años;49,08333333;
Carrión de los Céspedes;2010;Demandantes;Ambos sexos;De 30 a 44 años;79,74999998;
Carrión de los Céspedes;2010;Demandantes;Ambos sexos;De 45 a 64 años;51,33333333;
Carrión de los Céspedes;2010;Demandantes;Ambos sexos;TOTAL;180,16666664;
Carrión de los Céspedes;2011;Demandantes;Hombres;De 16 a 29 años;32,16666669;
Carrión de los Céspedes;2011;Demandantes;Hombres;De 30 a 44 años;26,58333335;
Carrión de los Céspedes;2011;Demandantes;Hombres;De 45 a 64 años;28,58333333;
Carrión de los Céspedes;2011;Demandantes;Hombres;TOTAL;87,33333337;
Carrión de los Céspedes;2011;Demandantes;Mujeres;De 16 a 29 años;32,33333333;
Carrión de los Céspedes;2011;Demandantes;Mujeres;De 30 a 44 años;54,66666669;
Carrión de los Céspedes;2011;Demandantes;Mujeres;De 45 a 64 años;21,16666665;
Carrión de los Céspedes;2011;Demandantes;Mujeres;TOTAL;108,16666667;
Carrión de los Céspedes;2011;Demandantes;Ambos sexos;De 16 a 29 años;64,50000002;
Carrión de los Céspedes;2011;Demandantes;Ambos sexos;De 30 a 44 años;81,25000004;
Carrión de los Céspedes;2011;Demandantes;Ambos sexos;De 45 a 64 años;49,74999998;
Carrión de los Céspedes;2011;Demandantes;Ambos sexos;TOTAL;195,50000004;
Carrión de los Céspedes;2012;Demandantes;Hombres;De 16 a 29 años;34,16666666;
Carrión de los Céspedes;2012;Demandantes;Hombres;De 30 a 44 años;28,99999999;
Carrión de los Céspedes;2012;Demandantes;Hombres;De 45 a 64 años;33,33333331;
Carrión de los Céspedes;2012;Demandantes;Hombres;TOTAL;96,49999996;
Carrión de los Céspedes;2012;Demandantes;Mujeres;De 16 a 29 años;39,33333334;
Carrión de los Céspedes;2012;Demandantes;Mujeres;De 30 a 44 años;57,83333333;
Carrión de los Céspedes;2012;Demandantes;Mujeres;De 45 a 64 años;28,83333335;
Carrión de los Céspedes;2012;Demandantes;Mujeres;TOTAL;126,00000002;
Carrión de los Céspedes;2012;Demandantes;Ambos sexos;De 16 a 29 años;73,5;
Carrión de los Céspedes;2012;Demandantes;Ambos sexos;De 30 a 44 años;86,83333332;
Carrión de los Céspedes;2012;Demandantes;Ambos sexos;De 45 a 64 años;62,16666666;
Carrión de los Céspedes;2012;Demandantes;Ambos sexos;TOTAL;222,49999998;
Casariche;2010;Demandantes;Hombres;De 16 a 29 años;56,58333333;
Casariche;2010;Demandantes;Hombres;De 30 a 44 años;71,41666665;
Casariche;2010;Demandantes;Hombres;De 45 a 64 años;73,08333333;
Casariche;2010;Demandantes;Hombres;TOTAL;201,08333331;
Casariche;2010;Demandantes;Mujeres;De 16 a 29 años;64,49999997;
Casariche;2010;Demandantes;Mujeres;De 30 a 44 años;60,74999998;
Casariche;2010;Demandantes;Mujeres;De 45 a 64 años;19,5;
Casariche;2010;Demandantes;Mujeres;TOTAL;144,74999995;
Casariche;2010;Demandantes;Ambos sexos;De 16 a 29 años;121,0833333;
Casariche;2010;Demandantes;Ambos sexos;De 30 a 44 años;132,16666663;
Casariche;2010;Demandantes;Ambos sexos;De 45 a 64 años;92,58333333;
Casariche;2010;Demandantes;Ambos sexos;TOTAL;345,83333326;
Casariche;2011;Demandantes;Hombres;De 16 a 29 años;61,08333331;
Casariche;2011;Demandantes;Hombres;De 30 a 44 años;74,99999999;
Casariche;2011;Demandantes;Hombres;De 45 a 64 años;81,66666666;
Casariche;2011;Demandantes;Hombres;TOTAL;217,74999996;
Casariche;2011;Demandantes;Mujeres;De 16 a 29 años;73,74999999;
Casariche;2011;Demandantes;Mujeres;De 30 a 44 años;69,99999999;
Casariche;2011;Demandantes;Mujeres;De 45 a 64 años;25,99999999;
Casariche;2011;Demandantes;Mujeres;TOTAL;169,74999997;
Casariche;2011;Demandantes;Ambos sexos;De 16 a 29 años;134,8333333;
Casariche;2011;Demandantes;Ambos sexos;De 30 a 44 años;144,99999998;
Casariche;2011;Demandantes;Ambos sexos;De 45 a 64 años;107,66666665;
Casariche;2011;Demandantes;Ambos sexos;TOTAL;387,49999993;
Casariche;2012;Demandantes;Hombres;De 16 a 29 años;67,91666666;
Casariche;2012;Demandantes;Hombres;De 30 a 44 años;84,91666667;
Casariche;2012;Demandantes;Hombres;De 45 a 64 años;110,08333333;
Casariche;2012;Demandantes;Hombres;TOTAL;262,91666666;
Casariche;2012;Demandantes;Mujeres;De 16 a 29 años;86,33333334;
Casariche;2012;Demandantes;Mujeres;De 30 a 44 años;74,49999999;
Casariche;2012;Demandantes;Mujeres;De 45 a 64 años;35,41666666;
Casariche;2012;Demandantes;Mujeres;TOTAL;196,24999999;
Casariche;2012;Demandantes;Ambos sexos;De 16 a 29 años;154,25;
Casariche;2012;Demandantes;Ambos sexos;De 30 a 44 años;159,41666666;
Casariche;2012;Demandantes;Ambos sexos;De 45 a 64 años;145,49999999;
Casariche;2012;Demandantes;Ambos sexos;TOTAL;459,16666665;
Castilblanco de los Arroyos;2010;Demandantes;Hombres;De 16 a 29 años;74,5;
Castilblanco de los Arroyos;2010;Demandantes;Hombres;De 30 a 44 años;113,41666667;
Castilblanco de los Arroyos;2010;Demandantes;Hombres;De 45 a 64 años;101,00000001;
Castilblanco de los Arroyos;2010;Demandantes;Hombres;TOTAL;288,91666668;
Castilblanco de los Arroyos;2010;Demandantes;Mujeres;De 16 a 29 años;67,66666665;
Castilblanco de los Arroyos;2010;Demandantes;Mujeres;De 30 a 44 años;121,16666667;
Castilblanco de los Arroyos;2010;Demandantes;Mujeres;De 45 a 64 años;133,16666668;
Castilblanco de los Arroyos;2010;Demandantes;Mujeres;TOTAL;322;
Castilblanco de los Arroyos;2010;Demandantes;Ambos sexos;De 16 a 29 años;142,16666665;
Castilblanco de los Arroyos;2010;Demandantes;Ambos sexos;De 30 a 44 años;234,58333334;
Castilblanco de los Arroyos;2010;Demandantes;Ambos sexos;De 45 a 64 años;234,16666669;
Castilblanco de los Arroyos;2010;Demandantes;Ambos sexos;TOTAL;610,91666668;
Castilblanco de los Arroyos;2011;Demandantes;Hombres;De 16 a 29 años;69,24999999;
Castilblanco de los Arroyos;2011;Demandantes;Hombres;De 30 a 44 años;125,41666667;
Castilblanco de los Arroyos;2011;Demandantes;Hombres;De 45 a 64 años;118,58333334;
Castilblanco de los Arroyos;2011;Demandantes;Hombres;TOTAL;313,25;
Castilblanco de los Arroyos;2011;Demandantes;Mujeres;De 16 a 29 años;74,50000001;
Castilblanco de los Arroyos;2011;Demandantes;Mujeres;De 30 a 44 años;135,75;
Castilblanco de los Arroyos;2011;Demandantes;Mujeres;De 45 a 64 años;148,74999998;
Castilblanco de los Arroyos;2011;Demandantes;Mujeres;TOTAL;358,99999999;
Castilblanco de los Arroyos;2011;Demandantes;Ambos sexos;De 16 a 29 años;143,75;
Castilblanco de los Arroyos;2011;Demandantes;Ambos sexos;De 30 a 44 años;261,16666667;
Castilblanco de los Arroyos;2011;Demandantes;Ambos sexos;De 45 a 64 años;267,33333332;
Castilblanco de los Arroyos;2011;Demandantes;Ambos sexos;TOTAL;672,24999999;
Castilblanco de los Arroyos;2012;Demandantes;Hombres;De 16 a 29 años;91,83333334;
Castilblanco de los Arroyos;2012;Demandantes;Hombres;De 30 a 44 años;139,74999999;
Castilblanco de los Arroyos;2012;Demandantes;Hombres;De 45 a 64 años;139,75000001;
Castilblanco de los Arroyos;2012;Demandantes;Hombres;TOTAL;371,33333334;
Castilblanco de los Arroyos;2012;Demandantes;Mujeres;De 16 a 29 años;85,49999999;
Castilblanco de los Arroyos;2012;Demandantes;Mujeres;De 30 a 44 años;148,41666666;
Castilblanco de los Arroyos;2012;Demandantes;Mujeres;De 45 a 64 años;157,33333335;
Castilblanco de los Arroyos;2012;Demandantes;Mujeres;TOTAL;391,25;
Castilblanco de los Arroyos;2012;Demandantes;Ambos sexos;De 16 a 29 años;177,33333333;
Castilblanco de los Arroyos;2012;Demandantes;Ambos sexos;De 30 a 44 años;288,16666665;
Castilblanco de los Arroyos;2012;Demandantes;Ambos sexos;De 45 a 64 años;297,08333336;
Castilblanco de los Arroyos;2012;Demandantes;Ambos sexos;TOTAL;762,58333334;
Castilleja de Guzmán;2010;Demandantes;Hombres;De 16 a 29 años;22,08333331;
Castilleja de Guzmán;2010;Demandantes;Hombres;De 30 a 44 años;41,91666666;
Castilleja de Guzmán;2010;Demandantes;Hombres;De 45 a 64 años;20,91666666;
Castilleja de Guzmán;2010;Demandantes;Hombres;TOTAL;84,91666663;
Castilleja de Guzmán;2010;Demandantes;Mujeres;De 16 a 29 años;20,83333333;
Castilleja de Guzmán;2010;Demandantes;Mujeres;De 30 a 44 años;75,41666668;
Castilleja de Guzmán;2010;Demandantes;Mujeres;De 45 a 64 años;43,75000001;
Castilleja de Guzmán;2010;Demandantes;Mujeres;TOTAL;140,00000002;
Castilleja de Guzmán;2010;Demandantes;Ambos sexos;De 16 a 29 años;42,91666664;
Castilleja de Guzmán;2010;Demandantes;Ambos sexos;De 30 a 44 años;117,33333334;
Castilleja de Guzmán;2010;Demandantes;Ambos sexos;De 45 a 64 años;64,66666667;
Castilleja de Guzmán;2010;Demandantes;Ambos sexos;TOTAL;224,91666665;
Castilleja de Guzmán;2011;Demandantes;Hombres;De 16 a 29 años;15,91666667;
Castilleja de Guzmán;2011;Demandantes;Hombres;De 30 a 44 años;37,24999998;
Castilleja de Guzmán;2011;Demandantes;Hombres;De 45 a 64 años;23,99999998;
Castilleja de Guzmán;2011;Demandantes;Hombres;TOTAL;77,16666663;
Castilleja de Guzmán;2011;Demandantes;Mujeres;De 16 a 29 años;18,41666666;
Castilleja de Guzmán;2011;Demandantes;Mujeres;De 30 a 44 años;66,16666664;
Castilleja de Guzmán;2011;Demandantes;Mujeres;De 45 a 64 años;39,16666668;
Castilleja de Guzmán;2011;Demandantes;Mujeres;TOTAL;123,74999998;
Castilleja de Guzmán;2011;Demandantes;Ambos sexos;De 16 a 29 años;34,33333333;
Castilleja de Guzmán;2011;Demandantes;Ambos sexos;De 30 a 44 años;103,41666662;
Castilleja de Guzmán;2011;Demandantes;Ambos sexos;De 45 a 64 años;63,16666666;
Castilleja de Guzmán;2011;Demandantes;Ambos sexos;TOTAL;200,91666661;
Castilleja de Guzmán;2012;Demandantes;Hombres;De 16 a 29 años;15,33333334;
Castilleja de Guzmán;2012;Demandantes;Hombres;De 30 a 44 años;49,83333334;
Castilleja de Guzmán;2012;Demandantes;Hombres;De 45 a 64 años;38,50000001;
Castilleja de Guzmán;2012;Demandantes;Hombres;TOTAL;103,66666669;
Castilleja de Guzmán;2012;Demandantes;Mujeres;De 16 a 29 años;21,91666666;
Castilleja de Guzmán;2012;Demandantes;Mujeres;De 30 a 44 años;91,41666666;
Castilleja de Guzmán;2012;Demandantes;Mujeres;De 45 a 64 años;49,33333332;
Castilleja de Guzmán;2012;Demandantes;Mujeres;TOTAL;162,66666664;
Castilleja de Guzmán;2012;Demandantes;Ambos sexos;De 16 a 29 años;37,25;
Castilleja de Guzmán;2012;Demandantes;Ambos sexos;De 30 a 44 años;141,25;
Castilleja de Guzmán;2012;Demandantes;Ambos sexos;De 45 a 64 años;87,83333333;
Castilleja de Guzmán;2012;Demandantes;Ambos sexos;TOTAL;266,33333333;
Castilleja de la Cuesta;2010;Demandantes;Hombres;De 16 a 29 años;248,99999999;
Castilleja de la Cuesta;2010;Demandantes;Hombres;De 30 a 44 años;369,16666668;
Castilleja de la Cuesta;2010;Demandantes;Hombres;De 45 a 64 años;322,58333334;
Castilleja de la Cuesta;2010;Demandantes;Hombres;TOTAL;940,75000001;
Castilleja de la Cuesta;2010;Demandantes;Mujeres;De 16 a 29 años;205,91666668;
Castilleja de la Cuesta;2010;Demandantes;Mujeres;De 30 a 44 años;446,3333333;
Castilleja de la Cuesta;2010;Demandantes;Mujeres;De 45 a 64 años;518,99999999;
Castilleja de la Cuesta;2010;Demandantes;Mujeres;TOTAL;1171,24999997;
Castilleja de la Cuesta;2010;Demandantes;Ambos sexos;De 16 a 29 años;454,91666667;
Castilleja de la Cuesta;2010;Demandantes;Ambos sexos;De 30 a 44 años;815,49999998;
Castilleja de la Cuesta;2010;Demandantes;Ambos sexos;De 45 a 64 años;841,58333333;
Castilleja de la Cuesta;2010;Demandantes;Ambos sexos;TOTAL;2111,99999998;
Castilleja de la Cuesta;2011;Demandantes;Hombres;De 16 a 29 años;266,16666666;
Castilleja de la Cuesta;2011;Demandantes;Hombres;De 30 a 44 años;366,66666669;
Castilleja de la Cuesta;2011;Demandantes;Hombres;De 45 a 64 años;344,16666669;
Castilleja de la Cuesta;2011;Demandantes;Hombres;TOTAL;977,00000004;
Castilleja de la Cuesta;2011;Demandantes;Mujeres;De 16 a 29 años;227,58333332;
Castilleja de la Cuesta;2011;Demandantes;Mujeres;De 30 a 44 años;455,75;
Castilleja de la Cuesta;2011;Demandantes;Mujeres;De 45 a 64 años;538,5833333;
Castilleja de la Cuesta;2011;Demandantes;Mujeres;TOTAL;1221,91666662;
Castilleja de la Cuesta;2011;Demandantes;Ambos sexos;De 16 a 29 años;493,74999998;
Castilleja de la Cuesta;2011;Demandantes;Ambos sexos;De 30 a 44 años;822,41666669;
Castilleja de la Cuesta;2011;Demandantes;Ambos sexos;De 45 a 64 años;882,74999999;
Castilleja de la Cuesta;2011;Demandantes;Ambos sexos;TOTAL;2198,91666666;
Castilleja de la Cuesta;2012;Demandantes;Hombres;De 16 a 29 años;312,16666667;
Castilleja de la Cuesta;2012;Demandantes;Hombres;De 30 a 44 años;446,91666666;
Castilleja de la Cuesta;2012;Demandantes;Hombres;De 45 a 64 años;408,74999998;
Castilleja de la Cuesta;2012;Demandantes;Hombres;TOTAL;1167,83333331;
Castilleja de la Cuesta;2012;Demandantes;Mujeres;De 16 a 29 años;260,08333333;
Castilleja de la Cuesta;2012;Demandantes;Mujeres;De 30 a 44 años;476,58333334;
Castilleja de la Cuesta;2012;Demandantes;Mujeres;De 45 a 64 años;583,83333331;
Castilleja de la Cuesta;2012;Demandantes;Mujeres;TOTAL;1320,49999998;
Castilleja de la Cuesta;2012;Demandantes;Ambos sexos;De 16 a 29 años;572,25;
Castilleja de la Cuesta;2012;Demandantes;Ambos sexos;De 30 a 44 años;923,5;
Castilleja de la Cuesta;2012;Demandantes;Ambos sexos;De 45 a 64 años;992,58333329;
Castilleja de la Cuesta;2012;Demandantes;Ambos sexos;TOTAL;2488,33333329;
Castilleja del Campo;2010;Demandantes;Hombres;De 16 a 29 años;7,25000001;
Castilleja del Campo;2010;Demandantes;Hombres;De 30 a 44 años;8,33333333;
Castilleja del Campo;2010;Demandantes;Hombres;De 45 a 64 años;7,99999999;
Castilleja del Campo;2010;Demandantes;Hombres;TOTAL;23,58333333;
Castilleja del Campo;2010;Demandantes;Mujeres;De 16 a 29 años;2,91666666;
Castilleja del Campo;2010;Demandantes;Mujeres;De 30 a 44 años;8,91666667;
Castilleja del Campo;2010;Demandantes;Mujeres;De 45 a 64 años;4,00000001;
Castilleja del Campo;2010;Demandantes;Mujeres;TOTAL;15,83333334;
Castilleja del Campo;2010;Demandantes;Ambos sexos;De 16 a 29 años;10,16666667;
Castilleja del Campo;2010;Demandantes;Ambos sexos;De 30 a 44 años;17,25;
Castilleja del Campo;2010;Demandantes;Ambos sexos;De 45 a 64 años;12;
Castilleja del Campo;2010;Demandantes;Ambos sexos;TOTAL;39,41666667;
Castilleja del Campo;2011;Demandantes;Hombres;De 16 a 29 años;8,83333333;
Castilleja del Campo;2011;Demandantes;Hombres;De 30 a 44 años;9;
Castilleja del Campo;2011;Demandantes;Hombres;De 45 a 64 años;10,74999999;
Castilleja del Campo;2011;Demandantes;Hombres;TOTAL;28,58333332;
Castilleja del Campo;2011;Demandantes;Mujeres;De 16 a 29 años;4,33333332;
Castilleja del Campo;2011;Demandantes;Mujeres;De 30 a 44 años;9,83333334;
Castilleja del Campo;2011;Demandantes;Mujeres;De 45 a 64 años;4,08333333;
Castilleja del Campo;2011;Demandantes;Mujeres;TOTAL;18,24999999;
Castilleja del Campo;2011;Demandantes;Ambos sexos;De 16 a 29 años;13,16666665;
Castilleja del Campo;2011;Demandantes;Ambos sexos;De 30 a 44 años;18,83333334;
Castilleja del Campo;2011;Demandantes;Ambos sexos;De 45 a 64 años;14,83333332;
Castilleja del Campo;2011;Demandantes;Ambos sexos;TOTAL;46,83333331;
Castilleja del Campo;2012;Demandantes;Hombres;De 16 a 29 años;8,41666667;
Castilleja del Campo;2012;Demandantes;Hombres;De 30 a 44 años;8,75;
Castilleja del Campo;2012;Demandantes;Hombres;De 45 a 64 años;13;
Castilleja del Campo;2012;Demandantes;Hombres;TOTAL;30,16666667;
Castilleja del Campo;2012;Demandantes;Mujeres;De 16 a 29 años;9,66666666;
Castilleja del Campo;2012;Demandantes;Mujeres;De 30 a 44 años;13,00000001;
Castilleja del Campo;2012;Demandantes;Mujeres;De 45 a 64 años;12,24999999;
Castilleja del Campo;2012;Demandantes;Mujeres;TOTAL;34,91666666;
Castilleja del Campo;2012;Demandantes;Ambos sexos;De 16 a 29 años;18,08333333;
Castilleja del Campo;2012;Demandantes;Ambos sexos;De 30 a 44 años;21,75000001;
Castilleja del Campo;2012;Demandantes;Ambos sexos;De 45 a 64 años;25,24999999;
Castilleja del Campo;2012;Demandantes;Ambos sexos;TOTAL;65,08333333;
Cazalla de la Sierra;2010;Demandantes;Hombres;De 16 a 29 años;58,74999999;
Cazalla de la Sierra;2010;Demandantes;Hombres;De 30 a 44 años;60,66666667;
Cazalla de la Sierra;2010;Demandantes;Hombres;De 45 a 64 años;62,16666665;
Cazalla de la Sierra;2010;Demandantes;Hombres;TOTAL;181,58333331;
Cazalla de la Sierra;2010;Demandantes;Mujeres;De 16 a 29 años;58,58333335;
Cazalla de la Sierra;2010;Demandantes;Mujeres;De 30 a 44 años;111,00000001;
Cazalla de la Sierra;2010;Demandantes;Mujeres;De 45 a 64 años;61,75000001;
Cazalla de la Sierra;2010;Demandantes;Mujeres;TOTAL;231,33333337;
Cazalla de la Sierra;2010;Demandantes;Ambos sexos;De 16 a 29 años;117,33333334;
Cazalla de la Sierra;2010;Demandantes;Ambos sexos;De 30 a 44 años;171,66666668;
Cazalla de la Sierra;2010;Demandantes;Ambos sexos;De 45 a 64 años;123,91666666;
Cazalla de la Sierra;2010;Demandantes;Ambos sexos;TOTAL;412,91666668;
Cazalla de la Sierra;2011;Demandantes;Hombres;De 16 a 29 años;57,25;
Cazalla de la Sierra;2011;Demandantes;Hombres;De 30 a 44 años;63,58333331;
Cazalla de la Sierra;2011;Demandantes;Hombres;De 45 a 64 años;64,16666665;
Cazalla de la Sierra;2011;Demandantes;Hombres;TOTAL;184,99999996;
Cazalla de la Sierra;2011;Demandantes;Mujeres;De 16 a 29 años;57,58333332;
Cazalla de la Sierra;2011;Demandantes;Mujeres;De 30 a 44 años;107,33333332;
Cazalla de la Sierra;2011;Demandantes;Mujeres;De 45 a 64 años;74,66666664;
Cazalla de la Sierra;2011;Demandantes;Mujeres;TOTAL;239,58333328;
Cazalla de la Sierra;2011;Demandantes;Ambos sexos;De 16 a 29 años;114,83333332;
Cazalla de la Sierra;2011;Demandantes;Ambos sexos;De 30 a 44 años;170,91666663;
Cazalla de la Sierra;2011;Demandantes;Ambos sexos;De 45 a 64 años;138,83333329;
Cazalla de la Sierra;2011;Demandantes;Ambos sexos;TOTAL;424,58333324;
Cazalla de la Sierra;2012;Demandantes;Hombres;De 16 a 29 años;73,16666666;
Cazalla de la Sierra;2012;Demandantes;Hombres;De 30 a 44 años;73,41666667;
Cazalla de la Sierra;2012;Demandantes;Hombres;De 45 a 64 años;92,91666667;
Cazalla de la Sierra;2012;Demandantes;Hombres;TOTAL;239,5;
Cazalla de la Sierra;2012;Demandantes;Mujeres;De 16 a 29 años;74,16666667;
Cazalla de la Sierra;2012;Demandantes;Mujeres;De 30 a 44 años;119,41666667;
Cazalla de la Sierra;2012;Demandantes;Mujeres;De 45 a 64 años;92,24999999;
Cazalla de la Sierra;2012;Demandantes;Mujeres;TOTAL;285,83333333;
Cazalla de la Sierra;2012;Demandantes;Ambos sexos;De 16 a 29 años;147,33333333;
Cazalla de la Sierra;2012;Demandantes;Ambos sexos;De 30 a 44 años;192,83333334;
Cazalla de la Sierra;2012;Demandantes;Ambos sexos;De 45 a 64 años;185,16666666;
Cazalla de la Sierra;2012;Demandantes;Ambos sexos;TOTAL;525,33333333;
Constantina;2010;Demandantes;Hombres;De 16 a 29 años;57,91666668;
Constantina;2010;Demandantes;Hombres;De 30 a 44 años;90,91666667;
Constantina;2010;Demandantes;Hombres;De 45 a 64 años;63,66666666;
Constantina;2010;Demandantes;Hombres;TOTAL;212,50000001;
Constantina;2010;Demandantes;Mujeres;De 16 a 29 años;63,75;
Constantina;2010;Demandantes;Mujeres;De 30 a 44 años;89,41666665;
Constantina;2010;Demandantes;Mujeres;De 45 a 64 años;60,41666667;
Constantina;2010;Demandantes;Mujeres;TOTAL;213,58333332;
Constantina;2010;Demandantes;Ambos sexos;De 16 a 29 años;121,66666668;
Constantina;2010;Demandantes;Ambos sexos;De 30 a 44 años;180,33333332;
Constantina;2010;Demandantes;Ambos sexos;De 45 a 64 años;124,08333333;
Constantina;2010;Demandantes;Ambos sexos;TOTAL;426,08333333;
Constantina;2011;Demandantes;Hombres;De 16 a 29 años;67,16666667;
Constantina;2011;Demandantes;Hombres;De 30 a 44 años;94,25;
Constantina;2011;Demandantes;Hombres;De 45 a 64 años;85,08333334;
Constantina;2011;Demandantes;Hombres;TOTAL;246,50000001;
Constantina;2011;Demandantes;Mujeres;De 16 a 29 años;70,66666666;
Constantina;2011;Demandantes;Mujeres;De 30 a 44 años;97,16666667;
Constantina;2011;Demandantes;Mujeres;De 45 a 64 años;66,83333333;
Constantina;2011;Demandantes;Mujeres;TOTAL;234,66666666;
Constantina;2011;Demandantes;Ambos sexos;De 16 a 29 años;137,83333333;
Constantina;2011;Demandantes;Ambos sexos;De 30 a 44 años;191,41666667;
Constantina;2011;Demandantes;Ambos sexos;De 45 a 64 años;151,91666667;
Constantina;2011;Demandantes;Ambos sexos;TOTAL;481,16666667;
Constantina;2012;Demandantes;Hombres;De 16 a 29 años;76,33333333;
Constantina;2012;Demandantes;Hombres;De 30 a 44 años;108,41666666;
Constantina;2012;Demandantes;Hombres;De 45 a 64 años;102,83333334;
Constantina;2012;Demandantes;Hombres;TOTAL;287,58333333;
Constantina;2012;Demandantes;Mujeres;De 16 a 29 años;101,00000001;
Constantina;2012;Demandantes;Mujeres;De 30 a 44 años;115,66666665;
Constantina;2012;Demandantes;Mujeres;De 45 a 64 años;85,75000001;
Constantina;2012;Demandantes;Mujeres;TOTAL;302,41666667;
Constantina;2012;Demandantes;Ambos sexos;De 16 a 29 años;177,33333334;
Constantina;2012;Demandantes;Ambos sexos;De 30 a 44 años;224,08333331;
Constantina;2012;Demandantes;Ambos sexos;De 45 a 64 años;188,58333335;
Constantina;2012;Demandantes;Ambos sexos;TOTAL;590;
Coria del Río;2010;Demandantes;Hombres;De 16 a 29 años;518,58333333;
Coria del Río;2010;Demandantes;Hombres;De 30 a 44 años;838,33333335;
Coria del Río;2010;Demandantes;Hombres;De 45 a 64 años;596,75;
Coria del Río;2010;Demandantes;Hombres;TOTAL;1953,66666668;
Coria del Río;2010;Demandantes;Mujeres;De 16 a 29 años;400,50000003;
Coria del Río;2010;Demandantes;Mujeres;De 30 a 44 años;765,50000001;
Coria del Río;2010;Demandantes;Mujeres;De 45 a 64 años;577,24999999;
Coria del Río;2010;Demandantes;Mujeres;TOTAL;1743,25000003;
Coria del Río;2010;Demandantes;Ambos sexos;De 16 a 29 años;919,08333336;
Coria del Río;2010;Demandantes;Ambos sexos;De 30 a 44 años;1603,83333336;
Coria del Río;2010;Demandantes;Ambos sexos;De 45 a 64 años;1173,99999999;
Coria del Río;2010;Demandantes;Ambos sexos;TOTAL;3696,91666671;
Coria del Río;2011;Demandantes;Hombres;De 16 a 29 años;578,25000003;
Coria del Río;2011;Demandantes;Hombres;De 30 a 44 años;882,41666668;
Coria del Río;2011;Demandantes;Hombres;De 45 a 64 años;674,5;
Coria del Río;2011;Demandantes;Hombres;TOTAL;2135,16666671;
Coria del Río;2011;Demandantes;Mujeres;De 16 a 29 años;483,91666667;
Coria del Río;2011;Demandantes;Mujeres;De 30 a 44 años;871,83333333;
Coria del Río;2011;Demandantes;Mujeres;De 45 a 64 años;672,91666666;
Coria del Río;2011;Demandantes;Mujeres;TOTAL;2028,66666666;
Coria del Río;2011;Demandantes;Ambos sexos;De 16 a 29 años;1062,1666667;
Coria del Río;2011;Demandantes;Ambos sexos;De 30 a 44 años;1754,25000001;
Coria del Río;2011;Demandantes;Ambos sexos;De 45 a 64 años;1347,41666666;
Coria del Río;2011;Demandantes;Ambos sexos;TOTAL;4163,83333337;
Coria del Río;2012;Demandantes;Hombres;De 16 a 29 años;597,41666668;
Coria del Río;2012;Demandantes;Hombres;De 30 a 44 años;1025,66666667;
Coria del Río;2012;Demandantes;Hombres;De 45 a 64 años;800,24999999;
Coria del Río;2012;Demandantes;Hombres;TOTAL;2423,33333334;
Coria del Río;2012;Demandantes;Mujeres;De 16 a 29 años;563,00000001;
Coria del Río;2012;Demandantes;Mujeres;De 30 a 44 años;973,75;
Coria del Río;2012;Demandantes;Mujeres;De 45 a 64 años;767,91666666;
Coria del Río;2012;Demandantes;Mujeres;TOTAL;2304,66666667;
Coria del Río;2012;Demandantes;Ambos sexos;De 16 a 29 años;1160,41666669;
Coria del Río;2012;Demandantes;Ambos sexos;De 30 a 44 años;1999,41666667;
Coria del Río;2012;Demandantes;Ambos sexos;De 45 a 64 años;1568,16666665;
Coria del Río;2012;Demandantes;Ambos sexos;TOTAL;4728,00000001;
Coripe;2010;Demandantes;Hombres;De 16 a 29 años;14,74999999;
Coripe;2010;Demandantes;Hombres;De 30 a 44 años;15,33333333;
Coripe;2010;Demandantes;Hombres;De 45 a 64 años;12,91666667;
Coripe;2010;Demandantes;Hombres;TOTAL;42,99999999;
Coripe;2010;Demandantes;Mujeres;De 16 a 29 años;17,33333333;
Coripe;2010;Demandantes;Mujeres;De 30 a 44 años;22,41666666;
Coripe;2010;Demandantes;Mujeres;De 45 a 64 años;11,08333333;
Coripe;2010;Demandantes;Mujeres;TOTAL;50,83333332;
Coripe;2010;Demandantes;Ambos sexos;De 16 a 29 años;32,08333332;
Coripe;2010;Demandantes;Ambos sexos;De 30 a 44 años;37,74999999;
Coripe;2010;Demandantes;Ambos sexos;De 45 a 64 años;24;
Coripe;2010;Demandantes;Ambos sexos;TOTAL;93,83333331;
Coripe;2011;Demandantes;Hombres;De 16 a 29 años;14,58333333;
Coripe;2011;Demandantes;Hombres;De 30 a 44 años;15,08333333;
Coripe;2011;Demandantes;Hombres;De 45 a 64 años;13,75;
Coripe;2011;Demandantes;Hombres;TOTAL;43,41666666;
Coripe;2011;Demandantes;Mujeres;De 16 a 29 años;17,25;
Coripe;2011;Demandantes;Mujeres;De 30 a 44 años;13,50000001;
Coripe;2011;Demandantes;Mujeres;De 45 a 64 años;9,58333333;
Coripe;2011;Demandantes;Mujeres;TOTAL;40,33333334;
Coripe;2011;Demandantes;Ambos sexos;De 16 a 29 años;31,83333333;
Coripe;2011;Demandantes;Ambos sexos;De 30 a 44 años;28,58333334;
Coripe;2011;Demandantes;Ambos sexos;De 45 a 64 años;23,33333333;
Coripe;2011;Demandantes;Ambos sexos;TOTAL;83,75;
Coripe;2012;Demandantes;Hombres;De 16 a 29 años;13,08333332;
Coripe;2012;Demandantes;Hombres;De 30 a 44 años;12,49999999;
Coripe;2012;Demandantes;Hombres;De 45 a 64 años;16,41666666;
Coripe;2012;Demandantes;Hombres;TOTAL;41,99999997;
Coripe;2012;Demandantes;Mujeres;De 16 a 29 años;16,58333334;
Coripe;2012;Demandantes;Mujeres;De 30 a 44 años;16,99999999;
Coripe;2012;Demandantes;Mujeres;De 45 a 64 años;9,83333332;
Coripe;2012;Demandantes;Mujeres;TOTAL;43,41666665;
Coripe;2012;Demandantes;Ambos sexos;De 16 a 29 años;29,66666666;
Coripe;2012;Demandantes;Ambos sexos;De 30 a 44 años;29,49999998;
Coripe;2012;Demandantes;Ambos sexos;De 45 a 64 años;26,24999998;
Coripe;2012;Demandantes;Ambos sexos;TOTAL;85,41666662;
Dos Hermanas;2010;Demandantes;Hombres;De 16 a 29 años;1887,99999995;
Dos Hermanas;2010;Demandantes;Hombres;De 30 a 44 años;2828,41666665;
Dos Hermanas;2010;Demandantes;Hombres;De 45 a 64 años;2069,99999999;
Dos Hermanas;2010;Demandantes;Hombres;TOTAL;6786,41666659;
Dos Hermanas;2010;Demandantes;Mujeres;De 16 a 29 años;1744,5;
Dos Hermanas;2010;Demandantes;Mujeres;De 30 a 44 años;3933,99999996;
Dos Hermanas;2010;Demandantes;Mujeres;De 45 a 64 años;3186,83333332;
Dos Hermanas;2010;Demandantes;Mujeres;TOTAL;8865,33333328;
Dos Hermanas;2010;Demandantes;Ambos sexos;De 16 a 29 años;3632,49999995;
Dos Hermanas;2010;Demandantes;Ambos sexos;De 30 a 44 años;6762,41666661;
Dos Hermanas;2010;Demandantes;Ambos sexos;De 45 a 64 años;5256,83333331;
Dos Hermanas;2010;Demandantes;Ambos sexos;TOTAL;15651,74999987;
Dos Hermanas;2011;Demandantes;Hombres;De 16 a 29 años;1847,33333333;
Dos Hermanas;2011;Demandantes;Hombres;De 30 a 44 años;2845,58333332;
Dos Hermanas;2011;Demandantes;Hombres;De 45 a 64 años;2257,24999999;
Dos Hermanas;2011;Demandantes;Hombres;TOTAL;6950,16666664;
Dos Hermanas;2011;Demandantes;Mujeres;De 16 a 29 años;1823,66666667;
Dos Hermanas;2011;Demandantes;Mujeres;De 30 a 44 años;4005,16666663;
Dos Hermanas;2011;Demandantes;Mujeres;De 45 a 64 años;3370,41666664;
Dos Hermanas;2011;Demandantes;Mujeres;TOTAL;9199,24999994;
Dos Hermanas;2011;Demandantes;Ambos sexos;De 16 a 29 años;3671;
Dos Hermanas;2011;Demandantes;Ambos sexos;De 30 a 44 años;6850,74999995;
Dos Hermanas;2011;Demandantes;Ambos sexos;De 45 a 64 años;5627,66666663;
Dos Hermanas;2011;Demandantes;Ambos sexos;TOTAL;16149,41666658;
Dos Hermanas;2012;Demandantes;Hombres;De 16 a 29 años;2042,49999999;
Dos Hermanas;2012;Demandantes;Hombres;De 30 a 44 años;3306,91666668;
Dos Hermanas;2012;Demandantes;Hombres;De 45 a 64 años;2740,16666665;
Dos Hermanas;2012;Demandantes;Hombres;TOTAL;8089,58333332;
Dos Hermanas;2012;Demandantes;Mujeres;De 16 a 29 años;2057,83333333;
Dos Hermanas;2012;Demandantes;Mujeres;De 30 a 44 años;4424;
Dos Hermanas;2012;Demandantes;Mujeres;De 45 a 64 años;3791,25;
Dos Hermanas;2012;Demandantes;Mujeres;TOTAL;10273,08333333;
Dos Hermanas;2012;Demandantes;Ambos sexos;De 16 a 29 años;4100,33333332;
Dos Hermanas;2012;Demandantes;Ambos sexos;De 30 a 44 años;7730,91666668;
Dos Hermanas;2012;Demandantes;Ambos sexos;De 45 a 64 años;6531,41666665;
Dos Hermanas;2012;Demandantes;Ambos sexos;TOTAL;18362,66666665;
Écija;2010;Demandantes;Hombres;De 16 a 29 años;703,66666667;
Écija;2010;Demandantes;Hombres;De 30 a 44 años;881,75;
Écija;2010;Demandantes;Hombres;De 45 a 64 años;703,83333332;
Écija;2010;Demandantes;Hombres;TOTAL;2289,24999999;
Écija;2010;Demandantes;Mujeres;De 16 a 29 años;603,41666667;
Écija;2010;Demandantes;Mujeres;De 30 a 44 años;935,9166667;
Écija;2010;Demandantes;Mujeres;De 45 a 64 años;401,66666666;
Écija;2010;Demandantes;Mujeres;TOTAL;1941,00000003;
Écija;2010;Demandantes;Ambos sexos;De 16 a 29 años;1307,08333334;
Écija;2010;Demandantes;Ambos sexos;De 30 a 44 años;1817,6666667;
Écija;2010;Demandantes;Ambos sexos;De 45 a 64 años;1105,49999998;
Écija;2010;Demandantes;Ambos sexos;TOTAL;4230,25000002;
Écija;2011;Demandantes;Hombres;De 16 a 29 años;717,16666667;
Écija;2011;Demandantes;Hombres;De 30 a 44 años;946,75000001;
Écija;2011;Demandantes;Hombres;De 45 a 64 años;817,74999999;
Écija;2011;Demandantes;Hombres;TOTAL;2481,66666667;
Écija;2011;Demandantes;Mujeres;De 16 a 29 años;677,49999998;
Écija;2011;Demandantes;Mujeres;De 30 a 44 años;991,75;
Écija;2011;Demandantes;Mujeres;De 45 a 64 años;485,49999999;
Écija;2011;Demandantes;Mujeres;TOTAL;2154,74999997;
Écija;2011;Demandantes;Ambos sexos;De 16 a 29 años;1394,66666665;
Écija;2011;Demandantes;Ambos sexos;De 30 a 44 años;1938,50000001;
Écija;2011;Demandantes;Ambos sexos;De 45 a 64 años;1303,24999998;
Écija;2011;Demandantes;Ambos sexos;TOTAL;4636,41666664;
Écija;2012;Demandantes;Hombres;De 16 a 29 años;842,49999998;
Écija;2012;Demandantes;Hombres;De 30 a 44 años;1150,16666666;
Écija;2012;Demandantes;Hombres;De 45 a 64 años;1023,16666669;
Écija;2012;Demandantes;Hombres;TOTAL;3015,83333333;
Écija;2012;Demandantes;Mujeres;De 16 a 29 años;775;
Écija;2012;Demandantes;Mujeres;De 30 a 44 años;1098,49999998;
Écija;2012;Demandantes;Mujeres;De 45 a 64 años;636,49999998;
Écija;2012;Demandantes;Mujeres;TOTAL;2509,99999996;
Écija;2012;Demandantes;Ambos sexos;De 16 a 29 años;1617,49999998;
Écija;2012;Demandantes;Ambos sexos;De 30 a 44 años;2248,66666664;
Écija;2012;Demandantes;Ambos sexos;De 45 a 64 años;1659,66666667;
Écija;2012;Demandantes;Ambos sexos;TOTAL;5525,83333329;
El Castillo de las Guardas;2010;Demandantes;Hombres;De 16 a 29 años;18,50000001;
El Castillo de las Guardas;2010;Demandantes;Hombres;De 30 a 44 años;26,58333332;
El Castillo de las Guardas;2010;Demandantes;Hombres;De 45 a 64 años;29,58333335;
El Castillo de las Guardas;2010;Demandantes;Hombres;TOTAL;74,66666668;
El Castillo de las Guardas;2010;Demandantes;Mujeres;De 16 a 29 años;19,91666667;
El Castillo de las Guardas;2010;Demandantes;Mujeres;De 30 a 44 años;25,83333334;
El Castillo de las Guardas;2010;Demandantes;Mujeres;De 45 a 64 años;26,16666665;
El Castillo de las Guardas;2010;Demandantes;Mujeres;TOTAL;71,91666666;
El Castillo de las Guardas;2010;Demandantes;Ambos sexos;De 16 a 29 años;38,41666668;
El Castillo de las Guardas;2010;Demandantes;Ambos sexos;De 30 a 44 años;52,41666666;
El Castillo de las Guardas;2010;Demandantes;Ambos sexos;De 45 a 64 años;55,75;
El Castillo de las Guardas;2010;Demandantes;Ambos sexos;TOTAL;146,58333334;
El Castillo de las Guardas;2011;Demandantes;Hombres;De 16 a 29 años;18,58333334;
El Castillo de las Guardas;2011;Demandantes;Hombres;De 30 a 44 años;27,5;
El Castillo de las Guardas;2011;Demandantes;Hombres;De 45 a 64 años;39,75;
El Castillo de las Guardas;2011;Demandantes;Hombres;TOTAL;85,83333334;
El Castillo de las Guardas;2011;Demandantes;Mujeres;De 16 a 29 años;25,83333334;
El Castillo de las Guardas;2011;Demandantes;Mujeres;De 30 a 44 años;36,08333331;
El Castillo de las Guardas;2011;Demandantes;Mujeres;De 45 a 64 años;32,25000001;
El Castillo de las Guardas;2011;Demandantes;Mujeres;TOTAL;94,16666666;
El Castillo de las Guardas;2011;Demandantes;Ambos sexos;De 16 a 29 años;44,41666668;
El Castillo de las Guardas;2011;Demandantes;Ambos sexos;De 30 a 44 años;63,58333331;
El Castillo de las Guardas;2011;Demandantes;Ambos sexos;De 45 a 64 años;72,00000001;
El Castillo de las Guardas;2011;Demandantes;Ambos sexos;TOTAL;180;
El Castillo de las Guardas;2012;Demandantes;Hombres;De 16 a 29 años;27,50000001;
El Castillo de las Guardas;2012;Demandantes;Hombres;De 30 a 44 años;31,08333333;
El Castillo de las Guardas;2012;Demandantes;Hombres;De 45 a 64 años;53,58333333;
El Castillo de las Guardas;2012;Demandantes;Hombres;TOTAL;112,16666667;
El Castillo de las Guardas;2012;Demandantes;Mujeres;De 16 a 29 años;31,33333333;
El Castillo de las Guardas;2012;Demandantes;Mujeres;De 30 a 44 años;44,16666665;
El Castillo de las Guardas;2012;Demandantes;Mujeres;De 45 a 64 años;38,66666666;
El Castillo de las Guardas;2012;Demandantes;Mujeres;TOTAL;114,16666664;
El Castillo de las Guardas;2012;Demandantes;Ambos sexos;De 16 a 29 años;58,83333334;
El Castillo de las Guardas;2012;Demandantes;Ambos sexos;De 30 a 44 años;75,24999998;
El Castillo de las Guardas;2012;Demandantes;Ambos sexos;De 45 a 64 años;92,24999999;
El Castillo de las Guardas;2012;Demandantes;Ambos sexos;TOTAL;226,33333331;
El Coronil;2010;Demandantes;Hombres;De 16 a 29 años;86,49999999;
El Coronil;2010;Demandantes;Hombres;De 30 a 44 años;111,16666666;
El Coronil;2010;Demandantes;Hombres;De 45 a 64 años;81,49999999;
El Coronil;2010;Demandantes;Hombres;TOTAL;279,16666664;
El Coronil;2010;Demandantes;Mujeres;De 16 a 29 años;44,49999999;
El Coronil;2010;Demandantes;Mujeres;De 30 a 44 años;52,08333332;
El Coronil;2010;Demandantes;Mujeres;De 45 a 64 años;25,75000002;
El Coronil;2010;Demandantes;Mujeres;TOTAL;122,33333333;
El Coronil;2010;Demandantes;Ambos sexos;De 16 a 29 años;130,99999998;
El Coronil;2010;Demandantes;Ambos sexos;De 30 a 44 años;163,24999998;
El Coronil;2010;Demandantes;Ambos sexos;De 45 a 64 años;107,25000001;
El Coronil;2010;Demandantes;Ambos sexos;TOTAL;401,49999997;
El Coronil;2011;Demandantes;Hombres;De 16 a 29 años;74,16666668;
El Coronil;2011;Demandantes;Hombres;De 30 a 44 años;111,83333333;
El Coronil;2011;Demandantes;Hombres;De 45 a 64 años;89,91666665;
El Coronil;2011;Demandantes;Hombres;TOTAL;275,91666666;
El Coronil;2011;Demandantes;Mujeres;De 16 a 29 años;63,33333334;
El Coronil;2011;Demandantes;Mujeres;De 30 a 44 años;50,41666667;
El Coronil;2011;Demandantes;Mujeres;De 45 a 64 años;32,58333334;
El Coronil;2011;Demandantes;Mujeres;TOTAL;146,33333335;
El Coronil;2011;Demandantes;Ambos sexos;De 16 a 29 años;137,50000002;
El Coronil;2011;Demandantes;Ambos sexos;De 30 a 44 años;162,25;
El Coronil;2011;Demandantes;Ambos sexos;De 45 a 64 años;122,49999999;
El Coronil;2011;Demandantes;Ambos sexos;TOTAL;422,25000001;
El Coronil;2012;Demandantes;Hombres;De 16 a 29 años;84,33333334;
El Coronil;2012;Demandantes;Hombres;De 30 a 44 años;133,58333332;
El Coronil;2012;Demandantes;Hombres;De 45 a 64 años;118,83333333;
El Coronil;2012;Demandantes;Hombres;TOTAL;336,74999999;
El Coronil;2012;Demandantes;Mujeres;De 16 a 29 años;84,16666667;
El Coronil;2012;Demandantes;Mujeres;De 30 a 44 años;64,83333333;
El Coronil;2012;Demandantes;Mujeres;De 45 a 64 años;40,58333333;
El Coronil;2012;Demandantes;Mujeres;TOTAL;189,58333333;
El Coronil;2012;Demandantes;Ambos sexos;De 16 a 29 años;168,50000001;
El Coronil;2012;Demandantes;Ambos sexos;De 30 a 44 años;198,41666665;
El Coronil;2012;Demandantes;Ambos sexos;De 45 a 64 años;159,41666666;
El Coronil;2012;Demandantes;Ambos sexos;TOTAL;526,33333332;
El Cuervo de Sevilla;2010;Demandantes;Hombres;De 16 a 29 años;224,75000001;
El Cuervo de Sevilla;2010;Demandantes;Hombres;De 30 a 44 años;255,16666669;
El Cuervo de Sevilla;2010;Demandantes;Hombres;De 45 a 64 años;198,74999999;
El Cuervo de Sevilla;2010;Demandantes;Hombres;TOTAL;678,66666669;
El Cuervo de Sevilla;2010;Demandantes;Mujeres;De 16 a 29 años;140,91666667;
El Cuervo de Sevilla;2010;Demandantes;Mujeres;De 30 a 44 años;197,75;
El Cuervo de Sevilla;2010;Demandantes;Mujeres;De 45 a 64 años;145,83333334;
El Cuervo de Sevilla;2010;Demandantes;Mujeres;TOTAL;484,50000001;
El Cuervo de Sevilla;2010;Demandantes;Ambos sexos;De 16 a 29 años;365,66666668;
El Cuervo de Sevilla;2010;Demandantes;Ambos sexos;De 30 a 44 años;452,91666669;
El Cuervo de Sevilla;2010;Demandantes;Ambos sexos;De 45 a 64 años;344,58333333;
El Cuervo de Sevilla;2010;Demandantes;Ambos sexos;TOTAL;1163,1666667;
El Cuervo de Sevilla;2011;Demandantes;Hombres;De 16 a 29 años;219,08333332;
El Cuervo de Sevilla;2011;Demandantes;Hombres;De 30 a 44 años;278,08333334;
El Cuervo de Sevilla;2011;Demandantes;Hombres;De 45 a 64 años;238,83333333;
El Cuervo de Sevilla;2011;Demandantes;Hombres;TOTAL;735,99999999;
El Cuervo de Sevilla;2011;Demandantes;Mujeres;De 16 a 29 años;171,50000001;
El Cuervo de Sevilla;2011;Demandantes;Mujeres;De 30 a 44 años;233,33333333;
El Cuervo de Sevilla;2011;Demandantes;Mujeres;De 45 a 64 años;159,83333333;
El Cuervo de Sevilla;2011;Demandantes;Mujeres;TOTAL;564,66666667;
El Cuervo de Sevilla;2011;Demandantes;Ambos sexos;De 16 a 29 años;390,58333333;
El Cuervo de Sevilla;2011;Demandantes;Ambos sexos;De 30 a 44 años;511,41666667;
El Cuervo de Sevilla;2011;Demandantes;Ambos sexos;De 45 a 64 años;398,66666666;
El Cuervo de Sevilla;2011;Demandantes;Ambos sexos;TOTAL;1300,66666666;
El Cuervo de Sevilla;2012;Demandantes;Hombres;De 16 a 29 años;253,41666669;
El Cuervo de Sevilla;2012;Demandantes;Hombres;De 30 a 44 años;304,91666669;
El Cuervo de Sevilla;2012;Demandantes;Hombres;De 45 a 64 años;289,49999999;
El Cuervo de Sevilla;2012;Demandantes;Hombres;TOTAL;847,83333337;
El Cuervo de Sevilla;2012;Demandantes;Mujeres;De 16 a 29 años;185,99999999;
El Cuervo de Sevilla;2012;Demandantes;Mujeres;De 30 a 44 años;266,99999998;
El Cuervo de Sevilla;2012;Demandantes;Mujeres;De 45 a 64 años;187,74999999;
El Cuervo de Sevilla;2012;Demandantes;Mujeres;TOTAL;640,74999996;
El Cuervo de Sevilla;2012;Demandantes;Ambos sexos;De 16 a 29 años;439,41666668;
El Cuervo de Sevilla;2012;Demandantes;Ambos sexos;De 30 a 44 años;571,91666667;
El Cuervo de Sevilla;2012;Demandantes;Ambos sexos;De 45 a 64 años;477,24999998;
El Cuervo de Sevilla;2012;Demandantes;Ambos sexos;TOTAL;1488,58333333;
El Garrobo;2010;Demandantes;Hombres;De 16 a 29 años;13,75;
El Garrobo;2010;Demandantes;Hombres;De 30 a 44 años;24,25000001;
El Garrobo;2010;Demandantes;Hombres;De 45 a 64 años;16,33333334;
El Garrobo;2010;Demandantes;Hombres;TOTAL;54,33333335;
El Garrobo;2010;Demandantes;Mujeres;De 16 a 29 años;6,16666667;
El Garrobo;2010;Demandantes;Mujeres;De 30 a 44 años;18,08333333;
El Garrobo;2010;Demandantes;Mujeres;De 45 a 64 años;16,99999999;
El Garrobo;2010;Demandantes;Mujeres;TOTAL;41,24999999;
El Garrobo;2010;Demandantes;Ambos sexos;De 16 a 29 años;19,91666667;
El Garrobo;2010;Demandantes;Ambos sexos;De 30 a 44 años;42,33333334;
El Garrobo;2010;Demandantes;Ambos sexos;De 45 a 64 años;33,33333333;
El Garrobo;2010;Demandantes;Ambos sexos;TOTAL;95,58333334;
El Garrobo;2011;Demandantes;Hombres;De 16 a 29 años;15,58333333;
El Garrobo;2011;Demandantes;Hombres;De 30 a 44 años;19,41666666;
El Garrobo;2011;Demandantes;Hombres;De 45 a 64 años;21,91666667;
El Garrobo;2011;Demandantes;Hombres;TOTAL;56,91666666;
El Garrobo;2011;Demandantes;Mujeres;De 16 a 29 años;9,58333333;
El Garrobo;2011;Demandantes;Mujeres;De 30 a 44 años;21,49999999;
El Garrobo;2011;Demandantes;Mujeres;De 45 a 64 años;12,41666667;
El Garrobo;2011;Demandantes;Mujeres;TOTAL;43,49999999;
El Garrobo;2011;Demandantes;Ambos sexos;De 16 a 29 años;25,16666666;
El Garrobo;2011;Demandantes;Ambos sexos;De 30 a 44 años;40,91666665;
El Garrobo;2011;Demandantes;Ambos sexos;De 45 a 64 años;34,33333334;
El Garrobo;2011;Demandantes;Ambos sexos;TOTAL;100,41666665;
El Garrobo;2012;Demandantes;Hombres;De 16 a 29 años;20;
El Garrobo;2012;Demandantes;Hombres;De 30 a 44 años;18,99999999;
El Garrobo;2012;Demandantes;Hombres;De 45 a 64 años;27,41666666;
El Garrobo;2012;Demandantes;Hombres;TOTAL;66,41666665;
El Garrobo;2012;Demandantes;Mujeres;De 16 a 29 años;8,16666667;
El Garrobo;2012;Demandantes;Mujeres;De 30 a 44 años;27;
El Garrobo;2012;Demandantes;Mujeres;De 45 a 64 años;14,75000001;
El Garrobo;2012;Demandantes;Mujeres;TOTAL;49,91666668;
El Garrobo;2012;Demandantes;Ambos sexos;De 16 a 29 años;28,16666667;
El Garrobo;2012;Demandantes;Ambos sexos;De 30 a 44 años;45,99999999;
El Garrobo;2012;Demandantes;Ambos sexos;De 45 a 64 años;42,16666667;
El Garrobo;2012;Demandantes;Ambos sexos;TOTAL;116,33333333;
El Madroño;2010;Demandantes;Hombres;De 16 a 29 años;2,08333334;
El Madroño;2010;Demandantes;Hombres;De 30 a 44 años;1,16666666;
El Madroño;2010;Demandantes;Hombres;De 45 a 64 años;2,41666666;
El Madroño;2010;Demandantes;Hombres;TOTAL;5,66666666;
El Madroño;2010;Demandantes;Mujeres;De 16 a 29 años;1,33333333;
El Madroño;2010;Demandantes;Mujeres;De 30 a 44 años;0,91666667;
El Madroño;2010;Demandantes;Mujeres;De 45 a 64 años;3,83333334;
El Madroño;2010;Demandantes;Mujeres;TOTAL;6,08333334;
El Madroño;2010;Demandantes;Ambos sexos;De 16 a 29 años;3,41666667;
El Madroño;2010;Demandantes;Ambos sexos;De 30 a 44 años;2,08333333;
El Madroño;2010;Demandantes;Ambos sexos;De 45 a 64 años;6,25;
El Madroño;2010;Demandantes;Ambos sexos;TOTAL;11,75;
El Madroño;2011;Demandantes;Hombres;De 16 a 29 años;3,25000001;
El Madroño;2011;Demandantes;Hombres;De 30 a 44 años;-;
El Madroño;2011;Demandantes;Hombres;De 45 a 64 años;3,58333334;
El Madroño;2011;Demandantes;Hombres;TOTAL;6,83333335;
El Madroño;2011;Demandantes;Mujeres;De 16 a 29 años;1,25;
El Madroño;2011;Demandantes;Mujeres;De 30 a 44 años;1;
El Madroño;2011;Demandantes;Mujeres;De 45 a 64 años;5,08333334;
El Madroño;2011;Demandantes;Mujeres;TOTAL;7,33333334;
El Madroño;2011;Demandantes;Ambos sexos;De 16 a 29 años;4,50000001;
El Madroño;2011;Demandantes;Ambos sexos;De 30 a 44 años;1;
El Madroño;2011;Demandantes;Ambos sexos;De 45 a 64 años;8,66666668;
El Madroño;2011;Demandantes;Ambos sexos;TOTAL;14,16666669;
El Madroño;2012;Demandantes;Hombres;De 16 a 29 años;3,33333332;
El Madroño;2012;Demandantes;Hombres;De 30 a 44 años;0,08333333;
El Madroño;2012;Demandantes;Hombres;De 45 a 64 años;4,75;
El Madroño;2012;Demandantes;Hombres;TOTAL;8,16666665;
El Madroño;2012;Demandantes;Mujeres;De 16 a 29 años;3,25;
El Madroño;2012;Demandantes;Mujeres;De 30 a 44 años;1,08333333;
El Madroño;2012;Demandantes;Mujeres;De 45 a 64 años;5,41666666;
El Madroño;2012;Demandantes;Mujeres;TOTAL;9,74999999;
El Madroño;2012;Demandantes;Ambos sexos;De 16 a 29 años;6,58333332;
El Madroño;2012;Demandantes;Ambos sexos;De 30 a 44 años;1,16666666;
El Madroño;2012;Demandantes;Ambos sexos;De 45 a 64 años;10,16666666;
El Madroño;2012;Demandantes;Ambos sexos;TOTAL;17,91666664;
El Pedroso;2010;Demandantes;Hombres;De 16 a 29 años;46,16666667;
El Pedroso;2010;Demandantes;Hombres;De 30 a 44 años;34,16666669;
El Pedroso;2010;Demandantes;Hombres;De 45 a 64 años;33,83333334;
El Pedroso;2010;Demandantes;Hombres;TOTAL;114,1666667;
El Pedroso;2010;Demandantes;Mujeres;De 16 a 29 años;36,16666668;
El Pedroso;2010;Demandantes;Mujeres;De 30 a 44 años;53,66666665;
El Pedroso;2010;Demandantes;Mujeres;De 45 a 64 años;53,41666668;
El Pedroso;2010;Demandantes;Mujeres;TOTAL;143,25000001;
El Pedroso;2010;Demandantes;Ambos sexos;De 16 a 29 años;82,33333335;
El Pedroso;2010;Demandantes;Ambos sexos;De 30 a 44 años;87,83333334;
El Pedroso;2010;Demandantes;Ambos sexos;De 45 a 64 años;87,25000002;
El Pedroso;2010;Demandantes;Ambos sexos;TOTAL;257,41666671;
El Pedroso;2011;Demandantes;Hombres;De 16 a 29 años;51,33333334;
El Pedroso;2011;Demandantes;Hombres;De 30 a 44 años;37,66666667;
El Pedroso;2011;Demandantes;Hombres;De 45 a 64 años;43,25;
El Pedroso;2011;Demandantes;Hombres;TOTAL;132,25000001;
El Pedroso;2011;Demandantes;Mujeres;De 16 a 29 años;34,66666667;
El Pedroso;2011;Demandantes;Mujeres;De 30 a 44 años;52,66666665;
El Pedroso;2011;Demandantes;Mujeres;De 45 a 64 años;50,41666666;
El Pedroso;2011;Demandantes;Mujeres;TOTAL;137,74999998;
El Pedroso;2011;Demandantes;Ambos sexos;De 16 a 29 años;86,00000001;
El Pedroso;2011;Demandantes;Ambos sexos;De 30 a 44 años;90,33333332;
El Pedroso;2011;Demandantes;Ambos sexos;De 45 a 64 años;93,66666666;
El Pedroso;2011;Demandantes;Ambos sexos;TOTAL;269,99999999;
El Pedroso;2012;Demandantes;Hombres;De 16 a 29 años;60,41666668;
El Pedroso;2012;Demandantes;Hombres;De 30 a 44 años;47,33333333;
El Pedroso;2012;Demandantes;Hombres;De 45 a 64 años;69,6666667;
El Pedroso;2012;Demandantes;Hombres;TOTAL;177,41666671;
El Pedroso;2012;Demandantes;Mujeres;De 16 a 29 años;49,00000001;
El Pedroso;2012;Demandantes;Mujeres;De 30 a 44 años;61,25;
El Pedroso;2012;Demandantes;Mujeres;De 45 a 64 años;62,25;
El Pedroso;2012;Demandantes;Mujeres;TOTAL;172,50000001;
El Pedroso;2012;Demandantes;Ambos sexos;De 16 a 29 años;109,41666669;
El Pedroso;2012;Demandantes;Ambos sexos;De 30 a 44 años;108,58333333;
El Pedroso;2012;Demandantes;Ambos sexos;De 45 a 64 años;131,9166667;
El Pedroso;2012;Demandantes;Ambos sexos;TOTAL;349,91666672;
El Real de la Jara;2010;Demandantes;Hombres;De 16 a 29 años;21,33333334;
El Real de la Jara;2010;Demandantes;Hombres;De 30 a 44 años;17,5;
El Real de la Jara;2010;Demandantes;Hombres;De 45 a 64 años;14,75000002;
El Real de la Jara;2010;Demandantes;Hombres;TOTAL;53,58333336;
El Real de la Jara;2010;Demandantes;Mujeres;De 16 a 29 años;26,91666668;
El Real de la Jara;2010;Demandantes;Mujeres;De 30 a 44 años;36,33333332;
El Real de la Jara;2010;Demandantes;Mujeres;De 45 a 64 años;39,58333333;
El Real de la Jara;2010;Demandantes;Mujeres;TOTAL;102,83333333;
El Real de la Jara;2010;Demandantes;Ambos sexos;De 16 a 29 años;48,25000002;
El Real de la Jara;2010;Demandantes;Ambos sexos;De 30 a 44 años;53,83333332;
El Real de la Jara;2010;Demandantes;Ambos sexos;De 45 a 64 años;54,33333335;
El Real de la Jara;2010;Demandantes;Ambos sexos;TOTAL;156,41666669;
El Real de la Jara;2011;Demandantes;Hombres;De 16 a 29 años;27,33333333;
El Real de la Jara;2011;Demandantes;Hombres;De 30 a 44 años;20,16666667;
El Real de la Jara;2011;Demandantes;Hombres;De 45 a 64 años;15,16666666;
El Real de la Jara;2011;Demandantes;Hombres;TOTAL;62,66666666;
El Real de la Jara;2011;Demandantes;Mujeres;De 16 a 29 años;26,58333335;
El Real de la Jara;2011;Demandantes;Mujeres;De 30 a 44 años;38,24999999;
El Real de la Jara;2011;Demandantes;Mujeres;De 45 a 64 años;41,16666665;
El Real de la Jara;2011;Demandantes;Mujeres;TOTAL;105,99999999;
El Real de la Jara;2011;Demandantes;Ambos sexos;De 16 a 29 años;53,91666668;
El Real de la Jara;2011;Demandantes;Ambos sexos;De 30 a 44 años;58,41666666;
El Real de la Jara;2011;Demandantes;Ambos sexos;De 45 a 64 años;56,33333331;
El Real de la Jara;2011;Demandantes;Ambos sexos;TOTAL;168,66666665;
El Real de la Jara;2012;Demandantes;Hombres;De 16 a 29 años;25,33333334;
El Real de la Jara;2012;Demandantes;Hombres;De 30 a 44 años;27,91666668;
El Real de la Jara;2012;Demandantes;Hombres;De 45 a 64 años;24,41666667;
El Real de la Jara;2012;Demandantes;Hombres;TOTAL;77,66666669;
El Real de la Jara;2012;Demandantes;Mujeres;De 16 a 29 años;33,08333335;
El Real de la Jara;2012;Demandantes;Mujeres;De 30 a 44 años;41,08333333;
El Real de la Jara;2012;Demandantes;Mujeres;De 45 a 64 años;53,25;
El Real de la Jara;2012;Demandantes;Mujeres;TOTAL;127,41666668;
El Real de la Jara;2012;Demandantes;Ambos sexos;De 16 a 29 años;58,41666669;
El Real de la Jara;2012;Demandantes;Ambos sexos;De 30 a 44 años;69,00000001;
El Real de la Jara;2012;Demandantes;Ambos sexos;De 45 a 64 años;77,66666667;
El Real de la Jara;2012;Demandantes;Ambos sexos;TOTAL;205,08333337;
El Ronquillo;2010;Demandantes;Hombres;De 16 a 29 años;12,16666667;
El Ronquillo;2010;Demandantes;Hombres;De 30 a 44 años;18,33333333;
El Ronquillo;2010;Demandantes;Hombres;De 45 a 64 años;23,49999997;
El Ronquillo;2010;Demandantes;Hombres;TOTAL;53,99999997;
El Ronquillo;2010;Demandantes;Mujeres;De 16 a 29 años;8,58333333;
El Ronquillo;2010;Demandantes;Mujeres;De 30 a 44 años;29,25000001;
El Ronquillo;2010;Demandantes;Mujeres;De 45 a 64 años;20;
El Ronquillo;2010;Demandantes;Mujeres;TOTAL;57,83333334;
El Ronquillo;2010;Demandantes;Ambos sexos;De 16 a 29 años;20,75;
El Ronquillo;2010;Demandantes;Ambos sexos;De 30 a 44 años;47,58333334;
El Ronquillo;2010;Demandantes;Ambos sexos;De 45 a 64 años;43,49999997;
El Ronquillo;2010;Demandantes;Ambos sexos;TOTAL;111,83333331;
El Ronquillo;2011;Demandantes;Hombres;De 16 a 29 años;15,49999999;
El Ronquillo;2011;Demandantes;Hombres;De 30 a 44 años;22,66666666;
El Ronquillo;2011;Demandantes;Hombres;De 45 a 64 años;24,75;
El Ronquillo;2011;Demandantes;Hombres;TOTAL;62,91666665;
El Ronquillo;2011;Demandantes;Mujeres;De 16 a 29 años;10,33333334;
El Ronquillo;2011;Demandantes;Mujeres;De 30 a 44 años;32,25;
El Ronquillo;2011;Demandantes;Mujeres;De 45 a 64 años;22,41666666;
El Ronquillo;2011;Demandantes;Mujeres;TOTAL;65;
El Ronquillo;2011;Demandantes;Ambos sexos;De 16 a 29 años;25,83333333;
El Ronquillo;2011;Demandantes;Ambos sexos;De 30 a 44 años;54,91666666;
El Ronquillo;2011;Demandantes;Ambos sexos;De 45 a 64 años;47,16666666;
El Ronquillo;2011;Demandantes;Ambos sexos;TOTAL;127,91666665;
El Ronquillo;2012;Demandantes;Hombres;De 16 a 29 años;19,91666668;
El Ronquillo;2012;Demandantes;Hombres;De 30 a 44 años;38,25;
El Ronquillo;2012;Demandantes;Hombres;De 45 a 64 años;29,16666668;
El Ronquillo;2012;Demandantes;Hombres;TOTAL;87,33333336;
El Ronquillo;2012;Demandantes;Mujeres;De 16 a 29 años;18,66666667;
El Ronquillo;2012;Demandantes;Mujeres;De 30 a 44 años;39,08333334;
El Ronquillo;2012;Demandantes;Mujeres;De 45 a 64 años;30,08333333;
El Ronquillo;2012;Demandantes;Mujeres;TOTAL;87,83333334;
El Ronquillo;2012;Demandantes;Ambos sexos;De 16 a 29 años;38,58333335;
El Ronquillo;2012;Demandantes;Ambos sexos;De 30 a 44 años;77,33333334;
El Ronquillo;2012;Demandantes;Ambos sexos;De 45 a 64 años;59,25000001;
El Ronquillo;2012;Demandantes;Ambos sexos;TOTAL;175,1666667;
El Rubio;2010;Demandantes;Hombres;De 16 a 29 años;28,41666667;
El Rubio;2010;Demandantes;Hombres;De 30 a 44 años;51,58333334;
El Rubio;2010;Demandantes;Hombres;De 45 a 64 años;34,08333334;
El Rubio;2010;Demandantes;Hombres;TOTAL;114,08333335;
El Rubio;2010;Demandantes;Mujeres;De 16 a 29 años;38,16666666;
El Rubio;2010;Demandantes;Mujeres;De 30 a 44 años;39,50000001;
El Rubio;2010;Demandantes;Mujeres;De 45 a 64 años;12,25;
El Rubio;2010;Demandantes;Mujeres;TOTAL;89,91666667;
El Rubio;2010;Demandantes;Ambos sexos;De 16 a 29 años;66,58333333;
El Rubio;2010;Demandantes;Ambos sexos;De 30 a 44 años;91,08333335;
El Rubio;2010;Demandantes;Ambos sexos;De 45 a 64 años;46,33333334;
El Rubio;2010;Demandantes;Ambos sexos;TOTAL;204,00000002;
El Rubio;2011;Demandantes;Hombres;De 16 a 29 años;33,41666666;
El Rubio;2011;Demandantes;Hombres;De 30 a 44 años;42,41666666;
El Rubio;2011;Demandantes;Hombres;De 45 a 64 años;35,16666667;
El Rubio;2011;Demandantes;Hombres;TOTAL;110,99999999;
El Rubio;2011;Demandantes;Mujeres;De 16 a 29 años;44,58333333;
El Rubio;2011;Demandantes;Mujeres;De 30 a 44 años;46,33333333;
El Rubio;2011;Demandantes;Mujeres;De 45 a 64 años;10,58333333;
El Rubio;2011;Demandantes;Mujeres;TOTAL;101,49999999;
El Rubio;2011;Demandantes;Ambos sexos;De 16 a 29 años;77,99999999;
El Rubio;2011;Demandantes;Ambos sexos;De 30 a 44 años;88,74999999;
El Rubio;2011;Demandantes;Ambos sexos;De 45 a 64 años;45,75;
El Rubio;2011;Demandantes;Ambos sexos;TOTAL;212,49999998;
El Rubio;2012;Demandantes;Hombres;De 16 a 29 años;43,16666664;
El Rubio;2012;Demandantes;Hombres;De 30 a 44 años;56,74999999;
El Rubio;2012;Demandantes;Hombres;De 45 a 64 años;48,25000001;
El Rubio;2012;Demandantes;Hombres;TOTAL;148,16666664;
El Rubio;2012;Demandantes;Mujeres;De 16 a 29 años;47,66666665;
El Rubio;2012;Demandantes;Mujeres;De 30 a 44 años;50,33333332;
El Rubio;2012;Demandantes;Mujeres;De 45 a 64 años;17,16666666;
El Rubio;2012;Demandantes;Mujeres;TOTAL;115,16666663;
El Rubio;2012;Demandantes;Ambos sexos;De 16 a 29 años;90,83333329;
El Rubio;2012;Demandantes;Ambos sexos;De 30 a 44 años;107,08333331;
El Rubio;2012;Demandantes;Ambos sexos;De 45 a 64 años;65,41666667;
El Rubio;2012;Demandantes;Ambos sexos;TOTAL;263,33333327;
El Saucejo;2010;Demandantes;Hombres;De 16 a 29 años;55,74999998;
El Saucejo;2010;Demandantes;Hombres;De 30 a 44 años;80,91666666;
El Saucejo;2010;Demandantes;Hombres;De 45 a 64 años;57,41666668;
El Saucejo;2010;Demandantes;Hombres;TOTAL;194,08333332;
El Saucejo;2010;Demandantes;Mujeres;De 16 a 29 años;45,16666665;
El Saucejo;2010;Demandantes;Mujeres;De 30 a 44 años;48,24999999;
El Saucejo;2010;Demandantes;Mujeres;De 45 a 64 años;29,83333335;
El Saucejo;2010;Demandantes;Mujeres;TOTAL;123,24999999;
El Saucejo;2010;Demandantes;Ambos sexos;De 16 a 29 años;100,91666663;
El Saucejo;2010;Demandantes;Ambos sexos;De 30 a 44 años;129,16666665;
El Saucejo;2010;Demandantes;Ambos sexos;De 45 a 64 años;87,25000003;
El Saucejo;2010;Demandantes;Ambos sexos;TOTAL;317,33333331;
El Saucejo;2011;Demandantes;Hombres;De 16 a 29 años;54,00000001;
El Saucejo;2011;Demandantes;Hombres;De 30 a 44 años;78,58333332;
El Saucejo;2011;Demandantes;Hombres;De 45 a 64 años;64,16666667;
El Saucejo;2011;Demandantes;Hombres;TOTAL;196,75;
El Saucejo;2011;Demandantes;Mujeres;De 16 a 29 años;55,41666667;
El Saucejo;2011;Demandantes;Mujeres;De 30 a 44 años;50,66666667;
El Saucejo;2011;Demandantes;Mujeres;De 45 a 64 años;36,16666668;
El Saucejo;2011;Demandantes;Mujeres;TOTAL;142,25000002;
El Saucejo;2011;Demandantes;Ambos sexos;De 16 a 29 años;109,41666668;
El Saucejo;2011;Demandantes;Ambos sexos;De 30 a 44 años;129,24999999;
El Saucejo;2011;Demandantes;Ambos sexos;De 45 a 64 años;100,33333335;
El Saucejo;2011;Demandantes;Ambos sexos;TOTAL;339,00000002;
El Saucejo;2012;Demandantes;Hombres;De 16 a 29 años;53,49999999;
El Saucejo;2012;Demandantes;Hombres;De 30 a 44 años;73,08333333;
El Saucejo;2012;Demandantes;Hombres;De 45 a 64 años;68,16666667;
El Saucejo;2012;Demandantes;Hombres;TOTAL;194,74999999;
El Saucejo;2012;Demandantes;Mujeres;De 16 a 29 años;57,25;
El Saucejo;2012;Demandantes;Mujeres;De 30 a 44 años;65,75000001;
El Saucejo;2012;Demandantes;Mujeres;De 45 a 64 años;40,08333331;
El Saucejo;2012;Demandantes;Mujeres;TOTAL;163,08333332;
El Saucejo;2012;Demandantes;Ambos sexos;De 16 a 29 años;110,74999999;
El Saucejo;2012;Demandantes;Ambos sexos;De 30 a 44 años;138,83333334;
El Saucejo;2012;Demandantes;Ambos sexos;De 45 a 64 años;108,24999998;
El Saucejo;2012;Demandantes;Ambos sexos;TOTAL;357,83333331;
El Viso del Alcor;2010;Demandantes;Hombres;De 16 a 29 años;292,33333332;
El Viso del Alcor;2010;Demandantes;Hombres;De 30 a 44 años;384,50000002;
El Viso del Alcor;2010;Demandantes;Hombres;De 45 a 64 años;309,91666667;
El Viso del Alcor;2010;Demandantes;Hombres;TOTAL;986,75000001;
El Viso del Alcor;2010;Demandantes;Mujeres;De 16 a 29 años;275,91666664;
El Viso del Alcor;2010;Demandantes;Mujeres;De 30 a 44 años;572,41666666;
El Viso del Alcor;2010;Demandantes;Mujeres;De 45 a 64 años;440,58333333;
El Viso del Alcor;2010;Demandantes;Mujeres;TOTAL;1288,91666663;
El Viso del Alcor;2010;Demandantes;Ambos sexos;De 16 a 29 años;568,24999996;
El Viso del Alcor;2010;Demandantes;Ambos sexos;De 30 a 44 años;956,91666668;
El Viso del Alcor;2010;Demandantes;Ambos sexos;De 45 a 64 años;750,5;
El Viso del Alcor;2010;Demandantes;Ambos sexos;TOTAL;2275,66666664;
El Viso del Alcor;2011;Demandantes;Hombres;De 16 a 29 años;316,66666666;
El Viso del Alcor;2011;Demandantes;Hombres;De 30 a 44 años;422,58333334;
El Viso del Alcor;2011;Demandantes;Hombres;De 45 a 64 años;372,66666667;
El Viso del Alcor;2011;Demandantes;Hombres;TOTAL;1111,91666667;
El Viso del Alcor;2011;Demandantes;Mujeres;De 16 a 29 años;292,74999998;
El Viso del Alcor;2011;Demandantes;Mujeres;De 30 a 44 años;605,5;
El Viso del Alcor;2011;Demandantes;Mujeres;De 45 a 64 años;473,66666667;
El Viso del Alcor;2011;Demandantes;Mujeres;TOTAL;1371,91666665;
El Viso del Alcor;2011;Demandantes;Ambos sexos;De 16 a 29 años;609,41666664;
El Viso del Alcor;2011;Demandantes;Ambos sexos;De 30 a 44 años;1028,08333334;
El Viso del Alcor;2011;Demandantes;Ambos sexos;De 45 a 64 años;846,33333334;
El Viso del Alcor;2011;Demandantes;Ambos sexos;TOTAL;2483,83333332;
El Viso del Alcor;2012;Demandantes;Hombres;De 16 a 29 años;397,41666666;
El Viso del Alcor;2012;Demandantes;Hombres;De 30 a 44 años;518,91666668;
El Viso del Alcor;2012;Demandantes;Hombres;De 45 a 64 años;450,99999999;
El Viso del Alcor;2012;Demandantes;Hombres;TOTAL;1367,33333333;
El Viso del Alcor;2012;Demandantes;Mujeres;De 16 a 29 años;362,66666666;
El Viso del Alcor;2012;Demandantes;Mujeres;De 30 a 44 años;677,75000002;
El Viso del Alcor;2012;Demandantes;Mujeres;De 45 a 64 años;542,74999999;
El Viso del Alcor;2012;Demandantes;Mujeres;TOTAL;1583,16666667;
El Viso del Alcor;2012;Demandantes;Ambos sexos;De 16 a 29 años;760,08333332;
El Viso del Alcor;2012;Demandantes;Ambos sexos;De 30 a 44 años;1196,6666667;
El Viso del Alcor;2012;Demandantes;Ambos sexos;De 45 a 64 años;993,74999998;
El Viso del Alcor;2012;Demandantes;Ambos sexos;TOTAL;2950,5;
Espartinas;2010;Demandantes;Hombres;De 16 a 29 años;81,08333333;
Espartinas;2010;Demandantes;Hombres;De 30 a 44 años;165,16666667;
Espartinas;2010;Demandantes;Hombres;De 45 a 64 años;111,5;
Espartinas;2010;Demandantes;Hombres;TOTAL;357,75;
Espartinas;2010;Demandantes;Mujeres;De 16 a 29 años;72;
Espartinas;2010;Demandantes;Mujeres;De 30 a 44 años;311,91666666;
Espartinas;2010;Demandantes;Mujeres;De 45 a 64 años;170,08333331;
Espartinas;2010;Demandantes;Mujeres;TOTAL;553,99999997;
Espartinas;2010;Demandantes;Ambos sexos;De 16 a 29 años;153,08333333;
Espartinas;2010;Demandantes;Ambos sexos;De 30 a 44 años;477,08333333;
Espartinas;2010;Demandantes;Ambos sexos;De 45 a 64 años;281,58333331;
Espartinas;2010;Demandantes;Ambos sexos;TOTAL;911,74999997;
Espartinas;2011;Demandantes;Hombres;De 16 a 29 años;92,58333334;
Espartinas;2011;Demandantes;Hombres;De 30 a 44 años;175,41666668;
Espartinas;2011;Demandantes;Hombres;De 45 a 64 años;136,91666665;
Espartinas;2011;Demandantes;Hombres;TOTAL;404,91666667;
Espartinas;2011;Demandantes;Mujeres;De 16 a 29 años;78,24999999;
Espartinas;2011;Demandantes;Mujeres;De 30 a 44 años;325,33333334;
Espartinas;2011;Demandantes;Mujeres;De 45 a 64 años;180,75000002;
Espartinas;2011;Demandantes;Mujeres;TOTAL;584,33333335;
Espartinas;2011;Demandantes;Ambos sexos;De 16 a 29 años;170,83333333;
Espartinas;2011;Demandantes;Ambos sexos;De 30 a 44 años;500,75000002;
Espartinas;2011;Demandantes;Ambos sexos;De 45 a 64 años;317,66666667;
Espartinas;2011;Demandantes;Ambos sexos;TOTAL;989,25000002;
Espartinas;2012;Demandantes;Hombres;De 16 a 29 años;106,33333332;
Espartinas;2012;Demandantes;Hombres;De 30 a 44 años;206,08333331;
Espartinas;2012;Demandantes;Hombres;De 45 a 64 años;187,66666668;
Espartinas;2012;Demandantes;Hombres;TOTAL;500,08333331;
Espartinas;2012;Demandantes;Mujeres;De 16 a 29 años;103,74999999;
Espartinas;2012;Demandantes;Mujeres;De 30 a 44 años;370,66666667;
Espartinas;2012;Demandantes;Mujeres;De 45 a 64 años;229,66666669;
Espartinas;2012;Demandantes;Mujeres;TOTAL;704,08333335;
Espartinas;2012;Demandantes;Ambos sexos;De 16 a 29 años;210,08333331;
Espartinas;2012;Demandantes;Ambos sexos;De 30 a 44 años;576,74999998;
Espartinas;2012;Demandantes;Ambos sexos;De 45 a 64 años;417,33333337;
Espartinas;2012;Demandantes;Ambos sexos;TOTAL;1204,16666666;
Estepa;2010;Demandantes;Hombres;De 16 a 29 años;128,33333334;
Estepa;2010;Demandantes;Hombres;De 30 a 44 años;156,41666666;
Estepa;2010;Demandantes;Hombres;De 45 a 64 años;107,41666665;
Estepa;2010;Demandantes;Hombres;TOTAL;392,16666665;
Estepa;2010;Demandantes;Mujeres;De 16 a 29 años;175,74999999;
Estepa;2010;Demandantes;Mujeres;De 30 a 44 años;329,83333334;
Estepa;2010;Demandantes;Mujeres;De 45 a 64 años;132,25000002;
Estepa;2010;Demandantes;Mujeres;TOTAL;637,83333335;
Estepa;2010;Demandantes;Ambos sexos;De 16 a 29 años;304,08333333;
Estepa;2010;Demandantes;Ambos sexos;De 30 a 44 años;486,25;
Estepa;2010;Demandantes;Ambos sexos;De 45 a 64 años;239,66666667;
Estepa;2010;Demandantes;Ambos sexos;TOTAL;1030;
Estepa;2011;Demandantes;Hombres;De 16 a 29 años;153,08333332;
Estepa;2011;Demandantes;Hombres;De 30 a 44 años;176,50000001;
Estepa;2011;Demandantes;Hombres;De 45 a 64 años;142;
Estepa;2011;Demandantes;Hombres;TOTAL;471,58333333;
Estepa;2011;Demandantes;Mujeres;De 16 a 29 años;191,00000002;
Estepa;2011;Demandantes;Mujeres;De 30 a 44 años;315,91666666;
Estepa;2011;Demandantes;Mujeres;De 45 a 64 años;156,33333334;
Estepa;2011;Demandantes;Mujeres;TOTAL;663,25000002;
Estepa;2011;Demandantes;Ambos sexos;De 16 a 29 años;344,08333334;
Estepa;2011;Demandantes;Ambos sexos;De 30 a 44 años;492,41666667;
Estepa;2011;Demandantes;Ambos sexos;De 45 a 64 años;298,33333334;
Estepa;2011;Demandantes;Ambos sexos;TOTAL;1134,83333335;
Estepa;2012;Demandantes;Hombres;De 16 a 29 años;188,83333335;
Estepa;2012;Demandantes;Hombres;De 30 a 44 años;206,50000002;
Estepa;2012;Demandantes;Hombres;De 45 a 64 años;187,25000001;
Estepa;2012;Demandantes;Hombres;TOTAL;582,58333338;
Estepa;2012;Demandantes;Mujeres;De 16 a 29 años;215,16666663;
Estepa;2012;Demandantes;Mujeres;De 30 a 44 años;347,00000001;
Estepa;2012;Demandantes;Mujeres;De 45 a 64 años;193,50000001;
Estepa;2012;Demandantes;Mujeres;TOTAL;755,66666665;
Estepa;2012;Demandantes;Ambos sexos;De 16 a 29 años;403,99999998;
Estepa;2012;Demandantes;Ambos sexos;De 30 a 44 años;553,50000003;
Estepa;2012;Demandantes;Ambos sexos;De 45 a 64 años;380,75000002;
Estepa;2012;Demandantes;Ambos sexos;TOTAL;1338,25000003;
Fuentes de Andalucía;2010;Demandantes;Hombres;De 16 a 29 años;66,75;
Fuentes de Andalucía;2010;Demandantes;Hombres;De 30 a 44 años;106,08333334;
Fuentes de Andalucía;2010;Demandantes;Hombres;De 45 a 64 años;78;
Fuentes de Andalucía;2010;Demandantes;Hombres;TOTAL;250,83333334;
Fuentes de Andalucía;2010;Demandantes;Mujeres;De 16 a 29 años;60,24999999;
Fuentes de Andalucía;2010;Demandantes;Mujeres;De 30 a 44 años;78,74999999;
Fuentes de Andalucía;2010;Demandantes;Mujeres;De 45 a 64 años;26,49999999;
Fuentes de Andalucía;2010;Demandantes;Mujeres;TOTAL;165,49999997;
Fuentes de Andalucía;2010;Demandantes;Ambos sexos;De 16 a 29 años;126,99999999;
Fuentes de Andalucía;2010;Demandantes;Ambos sexos;De 30 a 44 años;184,83333333;
Fuentes de Andalucía;2010;Demandantes;Ambos sexos;De 45 a 64 años;104,49999999;
Fuentes de Andalucía;2010;Demandantes;Ambos sexos;TOTAL;416,33333331;
Fuentes de Andalucía;2011;Demandantes;Hombres;De 16 a 29 años;63,41666666;
Fuentes de Andalucía;2011;Demandantes;Hombres;De 30 a 44 años;102,16666666;
Fuentes de Andalucía;2011;Demandantes;Hombres;De 45 a 64 años;97,58333333;
Fuentes de Andalucía;2011;Demandantes;Hombres;TOTAL;263,16666665;
Fuentes de Andalucía;2011;Demandantes;Mujeres;De 16 a 29 años;77,58333332;
Fuentes de Andalucía;2011;Demandantes;Mujeres;De 30 a 44 años;83,83333333;
Fuentes de Andalucía;2011;Demandantes;Mujeres;De 45 a 64 años;31,99999999;
Fuentes de Andalucía;2011;Demandantes;Mujeres;TOTAL;193,41666664;
Fuentes de Andalucía;2011;Demandantes;Ambos sexos;De 16 a 29 años;140,99999998;
Fuentes de Andalucía;2011;Demandantes;Ambos sexos;De 30 a 44 años;185,99999999;
Fuentes de Andalucía;2011;Demandantes;Ambos sexos;De 45 a 64 años;129,58333332;
Fuentes de Andalucía;2011;Demandantes;Ambos sexos;TOTAL;456,58333329;
Fuentes de Andalucía;2012;Demandantes;Hombres;De 16 a 29 años;81,49999998;
Fuentes de Andalucía;2012;Demandantes;Hombres;De 30 a 44 años;127,49999999;
Fuentes de Andalucía;2012;Demandantes;Hombres;De 45 a 64 años;135,91666668;
Fuentes de Andalucía;2012;Demandantes;Hombres;TOTAL;344,91666665;
Fuentes de Andalucía;2012;Demandantes;Mujeres;De 16 a 29 años;93,91666667;
Fuentes de Andalucía;2012;Demandantes;Mujeres;De 30 a 44 años;110,25;
Fuentes de Andalucía;2012;Demandantes;Mujeres;De 45 a 64 años;40,91666666;
Fuentes de Andalucía;2012;Demandantes;Mujeres;TOTAL;245,08333333;
Fuentes de Andalucía;2012;Demandantes;Ambos sexos;De 16 a 29 años;175,41666665;
Fuentes de Andalucía;2012;Demandantes;Ambos sexos;De 30 a 44 años;237,74999999;
Fuentes de Andalucía;2012;Demandantes;Ambos sexos;De 45 a 64 años;176,83333334;
Fuentes de Andalucía;2012;Demandantes;Ambos sexos;TOTAL;589,99999998;
Gelves;2010;Demandantes;Hombres;De 16 a 29 años;104,08333333;
Gelves;2010;Demandantes;Hombres;De 30 a 44 años;181,58333334;
Gelves;2010;Demandantes;Hombres;De 45 a 64 años;142,08333332;
Gelves;2010;Demandantes;Hombres;TOTAL;427,74999999;
Gelves;2010;Demandantes;Mujeres;De 16 a 29 años;78,66666664;
Gelves;2010;Demandantes;Mujeres;De 30 a 44 años;242,50000002;
Gelves;2010;Demandantes;Mujeres;De 45 a 64 años;174,25;
Gelves;2010;Demandantes;Mujeres;TOTAL;495,41666666;
Gelves;2010;Demandantes;Ambos sexos;De 16 a 29 años;182,74999997;
Gelves;2010;Demandantes;Ambos sexos;De 30 a 44 años;424,08333336;
Gelves;2010;Demandantes;Ambos sexos;De 45 a 64 años;316,33333332;
Gelves;2010;Demandantes;Ambos sexos;TOTAL;923,16666665;
Gelves;2011;Demandantes;Hombres;De 16 a 29 años;101,5;
Gelves;2011;Demandantes;Hombres;De 30 a 44 años;176,75;
Gelves;2011;Demandantes;Hombres;De 45 a 64 años;151;
Gelves;2011;Demandantes;Hombres;TOTAL;429,25;
Gelves;2011;Demandantes;Mujeres;De 16 a 29 años;90,25;
Gelves;2011;Demandantes;Mujeres;De 30 a 44 años;257,41666666;
Gelves;2011;Demandantes;Mujeres;De 45 a 64 años;201,16666667;
Gelves;2011;Demandantes;Mujeres;TOTAL;548,83333333;
Gelves;2011;Demandantes;Ambos sexos;De 16 a 29 años;191,75;
Gelves;2011;Demandantes;Ambos sexos;De 30 a 44 años;434,16666666;
Gelves;2011;Demandantes;Ambos sexos;De 45 a 64 años;352,16666667;
Gelves;2011;Demandantes;Ambos sexos;TOTAL;978,08333333;
Gelves;2012;Demandantes;Hombres;De 16 a 29 años;127,0833333;
Gelves;2012;Demandantes;Hombres;De 30 a 44 años;193,58333335;
Gelves;2012;Demandantes;Hombres;De 45 a 64 años;199,16666671;
Gelves;2012;Demandantes;Hombres;TOTAL;519,83333336;
Gelves;2012;Demandantes;Mujeres;De 16 a 29 años;101,74999999;
Gelves;2012;Demandantes;Mujeres;De 30 a 44 años;270,83333333;
Gelves;2012;Demandantes;Mujeres;De 45 a 64 años;242,75;
Gelves;2012;Demandantes;Mujeres;TOTAL;615,33333332;
Gelves;2012;Demandantes;Ambos sexos;De 16 a 29 años;228,83333329;
Gelves;2012;Demandantes;Ambos sexos;De 30 a 44 años;464,41666668;
Gelves;2012;Demandantes;Ambos sexos;De 45 a 64 años;441,91666671;
Gelves;2012;Demandantes;Ambos sexos;TOTAL;1135,16666668;
Gerena;2010;Demandantes;Hombres;De 16 a 29 años;91,41666668;
Gerena;2010;Demandantes;Hombres;De 30 a 44 años;147,75;
Gerena;2010;Demandantes;Hombres;De 45 a 64 años;109,91666668;
Gerena;2010;Demandantes;Hombres;TOTAL;349,08333336;
Gerena;2010;Demandantes;Mujeres;De 16 a 29 años;90,41666666;
Gerena;2010;Demandantes;Mujeres;De 30 a 44 años;194,33333332;
Gerena;2010;Demandantes;Mujeres;De 45 a 64 años;149,33333331;
Gerena;2010;Demandantes;Mujeres;TOTAL;434,08333329;
Gerena;2010;Demandantes;Ambos sexos;De 16 a 29 años;181,83333334;
Gerena;2010;Demandantes;Ambos sexos;De 30 a 44 años;342,08333332;
Gerena;2010;Demandantes;Ambos sexos;De 45 a 64 años;259,24999999;
Gerena;2010;Demandantes;Ambos sexos;TOTAL;783,16666665;
Gerena;2011;Demandantes;Hombres;De 16 a 29 años;102,5;
Gerena;2011;Demandantes;Hombres;De 30 a 44 años;139,99999999;
Gerena;2011;Demandantes;Hombres;De 45 a 64 años;121,91666666;
Gerena;2011;Demandantes;Hombres;TOTAL;364,41666665;
Gerena;2011;Demandantes;Mujeres;De 16 a 29 años;86,25;
Gerena;2011;Demandantes;Mujeres;De 30 a 44 años;217,41666663;
Gerena;2011;Demandantes;Mujeres;De 45 a 64 años;162,16666666;
Gerena;2011;Demandantes;Mujeres;TOTAL;465,83333329;
Gerena;2011;Demandantes;Ambos sexos;De 16 a 29 años;188,75;
Gerena;2011;Demandantes;Ambos sexos;De 30 a 44 años;357,41666662;
Gerena;2011;Demandantes;Ambos sexos;De 45 a 64 años;284,08333332;
Gerena;2011;Demandantes;Ambos sexos;TOTAL;830,24999994;
Gerena;2012;Demandantes;Hombres;De 16 a 29 años;108,66666668;
Gerena;2012;Demandantes;Hombres;De 30 a 44 años;163,41666667;
Gerena;2012;Demandantes;Hombres;De 45 a 64 años;132,66666665;
Gerena;2012;Demandantes;Hombres;TOTAL;404,75;
Gerena;2012;Demandantes;Mujeres;De 16 a 29 años;112,49999998;
Gerena;2012;Demandantes;Mujeres;De 30 a 44 años;263,24999999;
Gerena;2012;Demandantes;Mujeres;De 45 a 64 años;183,58333334;
Gerena;2012;Demandantes;Mujeres;TOTAL;559,33333331;
Gerena;2012;Demandantes;Ambos sexos;De 16 a 29 años;221,16666666;
Gerena;2012;Demandantes;Ambos sexos;De 30 a 44 años;426,66666666;
Gerena;2012;Demandantes;Ambos sexos;De 45 a 64 años;316,24999999;
Gerena;2012;Demandantes;Ambos sexos;TOTAL;964,08333331;
Gilena;2010;Demandantes;Hombres;De 16 a 29 años;43,49999999;
Gilena;2010;Demandantes;Hombres;De 30 a 44 años;41,41666669;
Gilena;2010;Demandantes;Hombres;De 45 a 64 años;47,91666665;
Gilena;2010;Demandantes;Hombres;TOTAL;132,83333333;
Gilena;2010;Demandantes;Mujeres;De 16 a 29 años;32,50000001;
Gilena;2010;Demandantes;Mujeres;De 30 a 44 años;29,66666667;
Gilena;2010;Demandantes;Mujeres;De 45 a 64 años;8,91666667;
Gilena;2010;Demandantes;Mujeres;TOTAL;71,08333335;
Gilena;2010;Demandantes;Ambos sexos;De 16 a 29 años;76;
Gilena;2010;Demandantes;Ambos sexos;De 30 a 44 años;71,08333336;
Gilena;2010;Demandantes;Ambos sexos;De 45 a 64 años;56,83333332;
Gilena;2010;Demandantes;Ambos sexos;TOTAL;203,91666668;
Gilena;2011;Demandantes;Hombres;De 16 a 29 años;44,49999998;
Gilena;2011;Demandantes;Hombres;De 30 a 44 años;46,99999998;
Gilena;2011;Demandantes;Hombres;De 45 a 64 años;62,33333335;
Gilena;2011;Demandantes;Hombres;TOTAL;153,83333331;
Gilena;2011;Demandantes;Mujeres;De 16 a 29 años;33,5;
Gilena;2011;Demandantes;Mujeres;De 30 a 44 años;35,74999999;
Gilena;2011;Demandantes;Mujeres;De 45 a 64 años;10,49999999;
Gilena;2011;Demandantes;Mujeres;TOTAL;79,74999998;
Gilena;2011;Demandantes;Ambos sexos;De 16 a 29 años;77,99999998;
Gilena;2011;Demandantes;Ambos sexos;De 30 a 44 años;82,74999997;
Gilena;2011;Demandantes;Ambos sexos;De 45 a 64 años;72,83333334;
Gilena;2011;Demandantes;Ambos sexos;TOTAL;233,58333329;
Gilena;2012;Demandantes;Hombres;De 16 a 29 años;41,5;
Gilena;2012;Demandantes;Hombres;De 30 a 44 años;60,83333334;
Gilena;2012;Demandantes;Hombres;De 45 a 64 años;69,08333334;
Gilena;2012;Demandantes;Hombres;TOTAL;171,41666668;
Gilena;2012;Demandantes;Mujeres;De 16 a 29 años;47,16666664;
Gilena;2012;Demandantes;Mujeres;De 30 a 44 años;44,16666669;
Gilena;2012;Demandantes;Mujeres;De 45 a 64 años;15,25;
Gilena;2012;Demandantes;Mujeres;TOTAL;106,58333333;
Gilena;2012;Demandantes;Ambos sexos;De 16 a 29 años;88,66666664;
Gilena;2012;Demandantes;Ambos sexos;De 30 a 44 años;105,00000003;
Gilena;2012;Demandantes;Ambos sexos;De 45 a 64 años;84,33333334;
Gilena;2012;Demandantes;Ambos sexos;TOTAL;278,00000001;
Gines;2010;Demandantes;Hombres;De 16 a 29 años;126,58333333;
Gines;2010;Demandantes;Hombres;De 30 a 44 años;184,16666664;
Gines;2010;Demandantes;Hombres;De 45 a 64 años;160,66666667;
Gines;2010;Demandantes;Hombres;TOTAL;471,41666664;
Gines;2010;Demandantes;Mujeres;De 16 a 29 años;99,49999999;
Gines;2010;Demandantes;Mujeres;De 30 a 44 años;255,99999999;
Gines;2010;Demandantes;Mujeres;De 45 a 64 años;246,66666668;
Gines;2010;Demandantes;Mujeres;TOTAL;602,16666666;
Gines;2010;Demandantes;Ambos sexos;De 16 a 29 años;226,08333332;
Gines;2010;Demandantes;Ambos sexos;De 30 a 44 años;440,16666663;
Gines;2010;Demandantes;Ambos sexos;De 45 a 64 años;407,33333335;
Gines;2010;Demandantes;Ambos sexos;TOTAL;1073,5833333;
Gines;2011;Demandantes;Hombres;De 16 a 29 años;133,33333333;
Gines;2011;Demandantes;Hombres;De 30 a 44 años;211,75;
Gines;2011;Demandantes;Hombres;De 45 a 64 años;189,66666667;
Gines;2011;Demandantes;Hombres;TOTAL;534,75;
Gines;2011;Demandantes;Mujeres;De 16 a 29 años;120,75000001;
Gines;2011;Demandantes;Mujeres;De 30 a 44 años;278,41666667;
Gines;2011;Demandantes;Mujeres;De 45 a 64 años;283,00000001;
Gines;2011;Demandantes;Mujeres;TOTAL;682,16666669;
Gines;2011;Demandantes;Ambos sexos;De 16 a 29 años;254,08333334;
Gines;2011;Demandantes;Ambos sexos;De 30 a 44 años;490,16666667;
Gines;2011;Demandantes;Ambos sexos;De 45 a 64 años;472,66666668;
Gines;2011;Demandantes;Ambos sexos;TOTAL;1216,91666669;
Gines;2012;Demandantes;Hombres;De 16 a 29 años;145,74999997;
Gines;2012;Demandantes;Hombres;De 30 a 44 años;225,83333334;
Gines;2012;Demandantes;Hombres;De 45 a 64 años;250,16666666;
Gines;2012;Demandantes;Hombres;TOTAL;621,74999997;
Gines;2012;Demandantes;Mujeres;De 16 a 29 años;157,66666667;
Gines;2012;Demandantes;Mujeres;De 30 a 44 años;326,5;
Gines;2012;Demandantes;Mujeres;De 45 a 64 años;337,16666668;
Gines;2012;Demandantes;Mujeres;TOTAL;821,33333335;
Gines;2012;Demandantes;Ambos sexos;De 16 a 29 años;303,41666664;
Gines;2012;Demandantes;Ambos sexos;De 30 a 44 años;552,33333334;
Gines;2012;Demandantes;Ambos sexos;De 45 a 64 años;587,33333334;
Gines;2012;Demandantes;Ambos sexos;TOTAL;1443,08333332;
Guadalcanal;2010;Demandantes;Hombres;De 16 a 29 años;29,50000002;
Guadalcanal;2010;Demandantes;Hombres;De 30 a 44 años;30,16666665;
Guadalcanal;2010;Demandantes;Hombres;De 45 a 64 años;29,83333335;
Guadalcanal;2010;Demandantes;Hombres;TOTAL;89,50000002;
Guadalcanal;2010;Demandantes;Mujeres;De 16 a 29 años;33;
Guadalcanal;2010;Demandantes;Mujeres;De 30 a 44 años;35,41666668;
Guadalcanal;2010;Demandantes;Mujeres;De 45 a 64 años;33,49999999;
Guadalcanal;2010;Demandantes;Mujeres;TOTAL;101,91666667;
Guadalcanal;2010;Demandantes;Ambos sexos;De 16 a 29 años;62,50000002;
Guadalcanal;2010;Demandantes;Ambos sexos;De 30 a 44 años;65,58333333;
Guadalcanal;2010;Demandantes;Ambos sexos;De 45 a 64 años;63,33333334;
Guadalcanal;2010;Demandantes;Ambos sexos;TOTAL;191,41666669;
Guadalcanal;2011;Demandantes;Hombres;De 16 a 29 años;31,33333334;
Guadalcanal;2011;Demandantes;Hombres;De 30 a 44 años;33,16666667;
Guadalcanal;2011;Demandantes;Hombres;De 45 a 64 años;34,00000001;
Guadalcanal;2011;Demandantes;Hombres;TOTAL;98,50000002;
Guadalcanal;2011;Demandantes;Mujeres;De 16 a 29 años;31,33333335;
Guadalcanal;2011;Demandantes;Mujeres;De 30 a 44 años;32,08333333;
Guadalcanal;2011;Demandantes;Mujeres;De 45 a 64 años;30,99999999;
Guadalcanal;2011;Demandantes;Mujeres;TOTAL;94,41666667;
Guadalcanal;2011;Demandantes;Ambos sexos;De 16 a 29 años;62,66666669;
Guadalcanal;2011;Demandantes;Ambos sexos;De 30 a 44 años;65,25;
Guadalcanal;2011;Demandantes;Ambos sexos;De 45 a 64 años;65;
Guadalcanal;2011;Demandantes;Ambos sexos;TOTAL;192,91666669;
Guadalcanal;2012;Demandantes;Hombres;De 16 a 29 años;36,25;
Guadalcanal;2012;Demandantes;Hombres;De 30 a 44 años;29,83333334;
Guadalcanal;2012;Demandantes;Hombres;De 45 a 64 años;51,5;
Guadalcanal;2012;Demandantes;Hombres;TOTAL;117,58333334;
Guadalcanal;2012;Demandantes;Mujeres;De 16 a 29 años;38,83333333;
Guadalcanal;2012;Demandantes;Mujeres;De 30 a 44 años;43,58333331;
Guadalcanal;2012;Demandantes;Mujeres;De 45 a 64 años;42,16666667;
Guadalcanal;2012;Demandantes;Mujeres;TOTAL;124,58333331;
Guadalcanal;2012;Demandantes;Ambos sexos;De 16 a 29 años;75,08333333;
Guadalcanal;2012;Demandantes;Ambos sexos;De 30 a 44 años;73,41666665;
Guadalcanal;2012;Demandantes;Ambos sexos;De 45 a 64 años;93,66666667;
Guadalcanal;2012;Demandantes;Ambos sexos;TOTAL;242,16666665;
Guillena;2010;Demandantes;Hombres;De 16 a 29 años;212,41666667;
Guillena;2010;Demandantes;Hombres;De 30 a 44 años;377,58333333;
Guillena;2010;Demandantes;Hombres;De 45 a 64 años;204,08333332;
Guillena;2010;Demandantes;Hombres;TOTAL;794,08333332;
Guillena;2010;Demandantes;Mujeres;De 16 a 29 años;188,83333334;
Guillena;2010;Demandantes;Mujeres;De 30 a 44 años;307,41666667;
Guillena;2010;Demandantes;Mujeres;De 45 a 64 años;123,25;
Guillena;2010;Demandantes;Mujeres;TOTAL;619,50000001;
Guillena;2010;Demandantes;Ambos sexos;De 16 a 29 años;401,25000001;
Guillena;2010;Demandantes;Ambos sexos;De 30 a 44 años;685;
Guillena;2010;Demandantes;Ambos sexos;De 45 a 64 años;327,33333332;
Guillena;2010;Demandantes;Ambos sexos;TOTAL;1413,58333333;
Guillena;2011;Demandantes;Hombres;De 16 a 29 años;214,16666667;
Guillena;2011;Demandantes;Hombres;De 30 a 44 años;387,16666666;
Guillena;2011;Demandantes;Hombres;De 45 a 64 años;232,16666668;
Guillena;2011;Demandantes;Hombres;TOTAL;833,50000001;
Guillena;2011;Demandantes;Mujeres;De 16 a 29 años;219,75000001;
Guillena;2011;Demandantes;Mujeres;De 30 a 44 años;338,75000001;
Guillena;2011;Demandantes;Mujeres;De 45 a 64 años;153,41666666;
Guillena;2011;Demandantes;Mujeres;TOTAL;711,91666668;
Guillena;2011;Demandantes;Ambos sexos;De 16 a 29 años;433,91666668;
Guillena;2011;Demandantes;Ambos sexos;De 30 a 44 años;725,91666667;
Guillena;2011;Demandantes;Ambos sexos;De 45 a 64 años;385,58333334;
Guillena;2011;Demandantes;Ambos sexos;TOTAL;1545,41666669;
Guillena;2012;Demandantes;Hombres;De 16 a 29 años;241,24999999;
Guillena;2012;Demandantes;Hombres;De 30 a 44 años;451,66666665;
Guillena;2012;Demandantes;Hombres;De 45 a 64 años;280,83333331;
Guillena;2012;Demandantes;Hombres;TOTAL;973,74999995;
Guillena;2012;Demandantes;Mujeres;De 16 a 29 años;243,24999998;
Guillena;2012;Demandantes;Mujeres;De 30 a 44 años;402,00000001;
Guillena;2012;Demandantes;Mujeres;De 45 a 64 años;198;
Guillena;2012;Demandantes;Mujeres;TOTAL;843,24999999;
Guillena;2012;Demandantes;Ambos sexos;De 16 a 29 años;484,49999997;
Guillena;2012;Demandantes;Ambos sexos;De 30 a 44 años;853,66666666;
Guillena;2012;Demandantes;Ambos sexos;De 45 a 64 años;478,83333331;
Guillena;2012;Demandantes;Ambos sexos;TOTAL;1816,99999994;
Herrera;2010;Demandantes;Hombres;De 16 a 29 años;57,66666668;
Herrera;2010;Demandantes;Hombres;De 30 a 44 años;89,58333332;
Herrera;2010;Demandantes;Hombres;De 45 a 64 años;83,75;
Herrera;2010;Demandantes;Hombres;TOTAL;231;
Herrera;2010;Demandantes;Mujeres;De 16 a 29 años;75,16666668;
Herrera;2010;Demandantes;Mujeres;De 30 a 44 años;96,91666669;
Herrera;2010;Demandantes;Mujeres;De 45 a 64 años;42;
Herrera;2010;Demandantes;Mujeres;TOTAL;214,08333337;
Herrera;2010;Demandantes;Ambos sexos;De 16 a 29 años;132,83333336;
Herrera;2010;Demandantes;Ambos sexos;De 30 a 44 años;186,50000001;
Herrera;2010;Demandantes;Ambos sexos;De 45 a 64 años;125,75;
Herrera;2010;Demandantes;Ambos sexos;TOTAL;445,08333337;
Herrera;2011;Demandantes;Hombres;De 16 a 29 años;63,58333332;
Herrera;2011;Demandantes;Hombres;De 30 a 44 años;91,99999999;
Herrera;2011;Demandantes;Hombres;De 45 a 64 años;99,08333333;
Herrera;2011;Demandantes;Hombres;TOTAL;254,66666664;
Herrera;2011;Demandantes;Mujeres;De 16 a 29 años;83,66666667;
Herrera;2011;Demandantes;Mujeres;De 30 a 44 años;86,16666666;
Herrera;2011;Demandantes;Mujeres;De 45 a 64 años;42,58333335;
Herrera;2011;Demandantes;Mujeres;TOTAL;212,41666668;
Herrera;2011;Demandantes;Ambos sexos;De 16 a 29 años;147,24999999;
Herrera;2011;Demandantes;Ambos sexos;De 30 a 44 años;178,16666665;
Herrera;2011;Demandantes;Ambos sexos;De 45 a 64 años;141,66666668;
Herrera;2011;Demandantes;Ambos sexos;TOTAL;467,08333332;
Herrera;2012;Demandantes;Hombres;De 16 a 29 años;77,08333333;
Herrera;2012;Demandantes;Hombres;De 30 a 44 años;100,58333333;
Herrera;2012;Demandantes;Hombres;De 45 a 64 años;109,16666665;
Herrera;2012;Demandantes;Hombres;TOTAL;286,83333331;
Herrera;2012;Demandantes;Mujeres;De 16 a 29 años;93,25;
Herrera;2012;Demandantes;Mujeres;De 30 a 44 años;101,58333332;
Herrera;2012;Demandantes;Mujeres;De 45 a 64 años;49,91666666;
Herrera;2012;Demandantes;Mujeres;TOTAL;244,74999998;
Herrera;2012;Demandantes;Ambos sexos;De 16 a 29 años;170,33333333;
Herrera;2012;Demandantes;Ambos sexos;De 30 a 44 años;202,16666665;
Herrera;2012;Demandantes;Ambos sexos;De 45 a 64 años;159,08333331;
Herrera;2012;Demandantes;Ambos sexos;TOTAL;531,58333329;
Huévar del Aljarafe;2010;Demandantes;Hombres;De 16 a 29 años;32,25000001;
Huévar del Aljarafe;2010;Demandantes;Hombres;De 30 a 44 años;54,41666667;
Huévar del Aljarafe;2010;Demandantes;Hombres;De 45 a 64 años;47,24999998;
Huévar del Aljarafe;2010;Demandantes;Hombres;TOTAL;133,91666666;
Huévar del Aljarafe;2010;Demandantes;Mujeres;De 16 a 29 años;35,49999999;
Huévar del Aljarafe;2010;Demandantes;Mujeres;De 30 a 44 años;57,58333334;
Huévar del Aljarafe;2010;Demandantes;Mujeres;De 45 a 64 años;29,08333333;
Huévar del Aljarafe;2010;Demandantes;Mujeres;TOTAL;122,16666666;
Huévar del Aljarafe;2010;Demandantes;Ambos sexos;De 16 a 29 años;67,75;
Huévar del Aljarafe;2010;Demandantes;Ambos sexos;De 30 a 44 años;112,00000001;
Huévar del Aljarafe;2010;Demandantes;Ambos sexos;De 45 a 64 años;76,33333331;
Huévar del Aljarafe;2010;Demandantes;Ambos sexos;TOTAL;256,08333332;
Huévar del Aljarafe;2011;Demandantes;Hombres;De 16 a 29 años;28,91666667;
Huévar del Aljarafe;2011;Demandantes;Hombres;De 30 a 44 años;54,91666668;
Huévar del Aljarafe;2011;Demandantes;Hombres;De 45 a 64 años;48,00000001;
Huévar del Aljarafe;2011;Demandantes;Hombres;TOTAL;131,83333336;
Huévar del Aljarafe;2011;Demandantes;Mujeres;De 16 a 29 años;35,58333333;
Huévar del Aljarafe;2011;Demandantes;Mujeres;De 30 a 44 años;62;
Huévar del Aljarafe;2011;Demandantes;Mujeres;De 45 a 64 años;30,99999999;
Huévar del Aljarafe;2011;Demandantes;Mujeres;TOTAL;128,58333332;
Huévar del Aljarafe;2011;Demandantes;Ambos sexos;De 16 a 29 años;64,5;
Huévar del Aljarafe;2011;Demandantes;Ambos sexos;De 30 a 44 años;116,91666668;
Huévar del Aljarafe;2011;Demandantes;Ambos sexos;De 45 a 64 años;79;
Huévar del Aljarafe;2011;Demandantes;Ambos sexos;TOTAL;260,41666668;
Huévar del Aljarafe;2012;Demandantes;Hombres;De 16 a 29 años;37,83333333;
Huévar del Aljarafe;2012;Demandantes;Hombres;De 30 a 44 años;55,08333335;
Huévar del Aljarafe;2012;Demandantes;Hombres;De 45 a 64 años;47,50000001;
Huévar del Aljarafe;2012;Demandantes;Hombres;TOTAL;140,41666669;
Huévar del Aljarafe;2012;Demandantes;Mujeres;De 16 a 29 años;42,41666667;
Huévar del Aljarafe;2012;Demandantes;Mujeres;De 30 a 44 años;73,58333331;
Huévar del Aljarafe;2012;Demandantes;Mujeres;De 45 a 64 años;36,41666667;
Huévar del Aljarafe;2012;Demandantes;Mujeres;TOTAL;152,41666665;
Huévar del Aljarafe;2012;Demandantes;Ambos sexos;De 16 a 29 años;80,25;
Huévar del Aljarafe;2012;Demandantes;Ambos sexos;De 30 a 44 años;128,66666666;
Huévar del Aljarafe;2012;Demandantes;Ambos sexos;De 45 a 64 años;83,91666668;
Huévar del Aljarafe;2012;Demandantes;Ambos sexos;TOTAL;292,83333334;
Isla Mayor;2010;Demandantes;Hombres;De 16 a 29 años;60,41666667;
Isla Mayor;2010;Demandantes;Hombres;De 30 a 44 años;110,16666667;
Isla Mayor;2010;Demandantes;Hombres;De 45 a 64 años;80,91666667;
Isla Mayor;2010;Demandantes;Hombres;TOTAL;251,50000001;
Isla Mayor;2010;Demandantes;Mujeres;De 16 a 29 años;50,41666668;
Isla Mayor;2010;Demandantes;Mujeres;De 30 a 44 años;53,08333333;
Isla Mayor;2010;Demandantes;Mujeres;De 45 a 64 años;38;
Isla Mayor;2010;Demandantes;Mujeres;TOTAL;141,50000001;
Isla Mayor;2010;Demandantes;Ambos sexos;De 16 a 29 años;110,83333335;
Isla Mayor;2010;Demandantes;Ambos sexos;De 30 a 44 años;163,25;
Isla Mayor;2010;Demandantes;Ambos sexos;De 45 a 64 años;118,91666667;
Isla Mayor;2010;Demandantes;Ambos sexos;TOTAL;393,00000002;
Isla Mayor;2011;Demandantes;Hombres;De 16 a 29 años;57,25;
Isla Mayor;2011;Demandantes;Hombres;De 30 a 44 años;110,08333333;
Isla Mayor;2011;Demandantes;Hombres;De 45 a 64 años;87,66666667;
Isla Mayor;2011;Demandantes;Hombres;TOTAL;255;
Isla Mayor;2011;Demandantes;Mujeres;De 16 a 29 años;63,41666667;
Isla Mayor;2011;Demandantes;Mujeres;De 30 a 44 años;71,66666667;
Isla Mayor;2011;Demandantes;Mujeres;De 45 a 64 años;54,75;
Isla Mayor;2011;Demandantes;Mujeres;TOTAL;189,83333334;
Isla Mayor;2011;Demandantes;Ambos sexos;De 16 a 29 años;120,66666667;
Isla Mayor;2011;Demandantes;Ambos sexos;De 30 a 44 años;181,75;
Isla Mayor;2011;Demandantes;Ambos sexos;De 45 a 64 años;142,41666667;
Isla Mayor;2011;Demandantes;Ambos sexos;TOTAL;444,83333334;
Isla Mayor;2012;Demandantes;Hombres;De 16 a 29 años;57,08333333;
Isla Mayor;2012;Demandantes;Hombres;De 30 a 44 años;93,16666666;
Isla Mayor;2012;Demandantes;Hombres;De 45 a 64 años;103,83333333;
Isla Mayor;2012;Demandantes;Hombres;TOTAL;254,08333332;
Isla Mayor;2012;Demandantes;Mujeres;De 16 a 29 años;70,49999999;
Isla Mayor;2012;Demandantes;Mujeres;De 30 a 44 años;81,33333334;
Isla Mayor;2012;Demandantes;Mujeres;De 45 a 64 años;62,33333333;
Isla Mayor;2012;Demandantes;Mujeres;TOTAL;214,16666666;
Isla Mayor;2012;Demandantes;Ambos sexos;De 16 a 29 años;127,58333332;
Isla Mayor;2012;Demandantes;Ambos sexos;De 30 a 44 años;174,5;
Isla Mayor;2012;Demandantes;Ambos sexos;De 45 a 64 años;166,16666666;
Isla Mayor;2012;Demandantes;Ambos sexos;TOTAL;468,24999998;
La Algaba;2010;Demandantes;Hombres;De 16 a 29 años;292,99999999;
La Algaba;2010;Demandantes;Hombres;De 30 a 44 años;428,41666669;
La Algaba;2010;Demandantes;Hombres;De 45 a 64 años;324,41666667;
La Algaba;2010;Demandantes;Hombres;TOTAL;1045,83333335;
La Algaba;2010;Demandantes;Mujeres;De 16 a 29 años;245,99999998;
La Algaba;2010;Demandantes;Mujeres;De 30 a 44 años;480,24999999;
La Algaba;2010;Demandantes;Mujeres;De 45 a 64 años;376,58333334;
La Algaba;2010;Demandantes;Mujeres;TOTAL;1102,83333331;
La Algaba;2010;Demandantes;Ambos sexos;De 16 a 29 años;538,99999997;
La Algaba;2010;Demandantes;Ambos sexos;De 30 a 44 años;908,66666668;
La Algaba;2010;Demandantes;Ambos sexos;De 45 a 64 años;701,00000001;
La Algaba;2010;Demandantes;Ambos sexos;TOTAL;2148,66666666;
La Algaba;2011;Demandantes;Hombres;De 16 a 29 años;299,83333335;
La Algaba;2011;Demandantes;Hombres;De 30 a 44 años;458,66666667;
La Algaba;2011;Demandantes;Hombres;De 45 a 64 años;361,33333335;
La Algaba;2011;Demandantes;Hombres;TOTAL;1119,83333337;
La Algaba;2011;Demandantes;Mujeres;De 16 a 29 años;262,08333333;
La Algaba;2011;Demandantes;Mujeres;De 30 a 44 años;505,08333334;
La Algaba;2011;Demandantes;Mujeres;De 45 a 64 años;397,16666668;
La Algaba;2011;Demandantes;Mujeres;TOTAL;1164,33333335;
La Algaba;2011;Demandantes;Ambos sexos;De 16 a 29 años;561,91666668;
La Algaba;2011;Demandantes;Ambos sexos;De 30 a 44 años;963,75000001;
La Algaba;2011;Demandantes;Ambos sexos;De 45 a 64 años;758,50000003;
La Algaba;2011;Demandantes;Ambos sexos;TOTAL;2284,16666672;
La Algaba;2012;Demandantes;Hombres;De 16 a 29 años;319,24999998;
La Algaba;2012;Demandantes;Hombres;De 30 a 44 años;488,00000002;
La Algaba;2012;Demandantes;Hombres;De 45 a 64 años;417,91666666;
La Algaba;2012;Demandantes;Hombres;TOTAL;1225,16666666;
La Algaba;2012;Demandantes;Mujeres;De 16 a 29 años;285,33333333;
La Algaba;2012;Demandantes;Mujeres;De 30 a 44 años;538,16666668;
La Algaba;2012;Demandantes;Mujeres;De 45 a 64 años;432,50000001;
La Algaba;2012;Demandantes;Mujeres;TOTAL;1256,00000002;
La Algaba;2012;Demandantes;Ambos sexos;De 16 a 29 años;604,58333331;
La Algaba;2012;Demandantes;Ambos sexos;De 30 a 44 años;1026,1666667;
La Algaba;2012;Demandantes;Ambos sexos;De 45 a 64 años;850,41666667;
La Algaba;2012;Demandantes;Ambos sexos;TOTAL;2481,16666668;
La Campana;2010;Demandantes;Hombres;De 16 a 29 años;44,75;
La Campana;2010;Demandantes;Hombres;De 30 a 44 años;69,33333335;
La Campana;2010;Demandantes;Hombres;De 45 a 64 años;36,91666668;
La Campana;2010;Demandantes;Hombres;TOTAL;151,00000003;
La Campana;2010;Demandantes;Mujeres;De 16 a 29 años;31,08333333;
La Campana;2010;Demandantes;Mujeres;De 30 a 44 años;34,66666666;
La Campana;2010;Demandantes;Mujeres;De 45 a 64 años;11,41666667;
La Campana;2010;Demandantes;Mujeres;TOTAL;77,16666666;
La Campana;2010;Demandantes;Ambos sexos;De 16 a 29 años;75,83333333;
La Campana;2010;Demandantes;Ambos sexos;De 30 a 44 años;104,00000001;
La Campana;2010;Demandantes;Ambos sexos;De 45 a 64 años;48,33333335;
La Campana;2010;Demandantes;Ambos sexos;TOTAL;228,16666669;
La Campana;2011;Demandantes;Hombres;De 16 a 29 años;36,74999999;
La Campana;2011;Demandantes;Hombres;De 30 a 44 años;70,5;
La Campana;2011;Demandantes;Hombres;De 45 a 64 años;37,83333334;
La Campana;2011;Demandantes;Hombres;TOTAL;145,08333333;
La Campana;2011;Demandantes;Mujeres;De 16 a 29 años;37,33333334;
La Campana;2011;Demandantes;Mujeres;De 30 a 44 años;30,83333332;
La Campana;2011;Demandantes;Mujeres;De 45 a 64 años;14,33333333;
La Campana;2011;Demandantes;Mujeres;TOTAL;82,49999999;
La Campana;2011;Demandantes;Ambos sexos;De 16 a 29 años;74,08333333;
La Campana;2011;Demandantes;Ambos sexos;De 30 a 44 años;101,33333332;
La Campana;2011;Demandantes;Ambos sexos;De 45 a 64 años;52,16666667;
La Campana;2011;Demandantes;Ambos sexos;TOTAL;227,58333332;
La Campana;2012;Demandantes;Hombres;De 16 a 29 años;59,33333334;
La Campana;2012;Demandantes;Hombres;De 30 a 44 años;87,91666667;
La Campana;2012;Demandantes;Hombres;De 45 a 64 años;53,41666666;
La Campana;2012;Demandantes;Hombres;TOTAL;200,66666667;
La Campana;2012;Demandantes;Mujeres;De 16 a 29 años;54,91666665;
La Campana;2012;Demandantes;Mujeres;De 30 a 44 años;40,74999998;
La Campana;2012;Demandantes;Mujeres;De 45 a 64 años;18,25000001;
La Campana;2012;Demandantes;Mujeres;TOTAL;113,91666664;
La Campana;2012;Demandantes;Ambos sexos;De 16 a 29 años;114,24999999;
La Campana;2012;Demandantes;Ambos sexos;De 30 a 44 años;128,66666665;
La Campana;2012;Demandantes;Ambos sexos;De 45 a 64 años;71,66666667;
La Campana;2012;Demandantes;Ambos sexos;TOTAL;314,58333331;
La Luisiana;2010;Demandantes;Hombres;De 16 a 29 años;68,33333334;
La Luisiana;2010;Demandantes;Hombres;De 30 a 44 años;62,75;
La Luisiana;2010;Demandantes;Hombres;De 45 a 64 años;62,08333331;
La Luisiana;2010;Demandantes;Hombres;TOTAL;193,16666665;
La Luisiana;2010;Demandantes;Mujeres;De 16 a 29 años;46,24999999;
La Luisiana;2010;Demandantes;Mujeres;De 30 a 44 años;48,83333332;
La Luisiana;2010;Demandantes;Mujeres;De 45 a 64 años;22,58333334;
La Luisiana;2010;Demandantes;Mujeres;TOTAL;117,66666665;
La Luisiana;2010;Demandantes;Ambos sexos;De 16 a 29 años;114,58333333;
La Luisiana;2010;Demandantes;Ambos sexos;De 30 a 44 años;111,58333332;
La Luisiana;2010;Demandantes;Ambos sexos;De 45 a 64 años;84,66666665;
La Luisiana;2010;Demandantes;Ambos sexos;TOTAL;310,8333333;
La Luisiana;2011;Demandantes;Hombres;De 16 a 29 años;75,91666667;
La Luisiana;2011;Demandantes;Hombres;De 30 a 44 años;70,91666667;
La Luisiana;2011;Demandantes;Hombres;De 45 a 64 años;69;
La Luisiana;2011;Demandantes;Hombres;TOTAL;215,83333334;
La Luisiana;2011;Demandantes;Mujeres;De 16 a 29 años;57,91666668;
La Luisiana;2011;Demandantes;Mujeres;De 30 a 44 años;59,91666665;
La Luisiana;2011;Demandantes;Mujeres;De 45 a 64 años;28,91666666;
La Luisiana;2011;Demandantes;Mujeres;TOTAL;146,74999999;
La Luisiana;2011;Demandantes;Ambos sexos;De 16 a 29 años;133,83333335;
La Luisiana;2011;Demandantes;Ambos sexos;De 30 a 44 años;130,83333332;
La Luisiana;2011;Demandantes;Ambos sexos;De 45 a 64 años;97,91666666;
La Luisiana;2011;Demandantes;Ambos sexos;TOTAL;362,58333333;
La Luisiana;2012;Demandantes;Hombres;De 16 a 29 años;98,33333334;
La Luisiana;2012;Demandantes;Hombres;De 30 a 44 años;100,58333336;
La Luisiana;2012;Demandantes;Hombres;De 45 a 64 años;99,58333335;
La Luisiana;2012;Demandantes;Hombres;TOTAL;298,50000005;
La Luisiana;2012;Demandantes;Mujeres;De 16 a 29 años;67,08333333;
La Luisiana;2012;Demandantes;Mujeres;De 30 a 44 años;80,66666666;
La Luisiana;2012;Demandantes;Mujeres;De 45 a 64 años;33,83333333;
La Luisiana;2012;Demandantes;Mujeres;TOTAL;181,58333332;
La Luisiana;2012;Demandantes;Ambos sexos;De 16 a 29 años;165,41666667;
La Luisiana;2012;Demandantes;Ambos sexos;De 30 a 44 años;181,25000002;
La Luisiana;2012;Demandantes;Ambos sexos;De 45 a 64 años;133,41666668;
La Luisiana;2012;Demandantes;Ambos sexos;TOTAL;480,08333337;
La Puebla de Cazalla;2010;Demandantes;Hombres;De 16 a 29 años;156,66666665;
La Puebla de Cazalla;2010;Demandantes;Hombres;De 30 a 44 años;245,74999999;
La Puebla de Cazalla;2010;Demandantes;Hombres;De 45 a 64 años;180,08333331;
La Puebla de Cazalla;2010;Demandantes;Hombres;TOTAL;582,49999995;
La Puebla de Cazalla;2010;Demandantes;Mujeres;De 16 a 29 años;163,58333335;
La Puebla de Cazalla;2010;Demandantes;Mujeres;De 30 a 44 años;221,83333333;
La Puebla de Cazalla;2010;Demandantes;Mujeres;De 45 a 64 años;90,66666667;
La Puebla de Cazalla;2010;Demandantes;Mujeres;TOTAL;476,08333335;
La Puebla de Cazalla;2010;Demandantes;Ambos sexos;De 16 a 29 años;320,25;
La Puebla de Cazalla;2010;Demandantes;Ambos sexos;De 30 a 44 años;467,58333332;
La Puebla de Cazalla;2010;Demandantes;Ambos sexos;De 45 a 64 años;270,74999998;
La Puebla de Cazalla;2010;Demandantes;Ambos sexos;TOTAL;1058,5833333;
La Puebla de Cazalla;2011;Demandantes;Hombres;De 16 a 29 años;176,33333333;
La Puebla de Cazalla;2011;Demandantes;Hombres;De 30 a 44 años;254,41666665;
La Puebla de Cazalla;2011;Demandantes;Hombres;De 45 a 64 años;214,33333332;
La Puebla de Cazalla;2011;Demandantes;Hombres;TOTAL;645,0833333;
La Puebla de Cazalla;2011;Demandantes;Mujeres;De 16 a 29 años;219,08333332;
La Puebla de Cazalla;2011;Demandantes;Mujeres;De 30 a 44 años;229,74999999;
La Puebla de Cazalla;2011;Demandantes;Mujeres;De 45 a 64 años;92,91666666;
La Puebla de Cazalla;2011;Demandantes;Mujeres;TOTAL;541,74999997;
La Puebla de Cazalla;2011;Demandantes;Ambos sexos;De 16 a 29 años;395,41666665;
La Puebla de Cazalla;2011;Demandantes;Ambos sexos;De 30 a 44 años;484,16666664;
La Puebla de Cazalla;2011;Demandantes;Ambos sexos;De 45 a 64 años;307,24999998;
La Puebla de Cazalla;2011;Demandantes;Ambos sexos;TOTAL;1186,83333327;
La Puebla de Cazalla;2012;Demandantes;Hombres;De 16 a 29 años;207,16666669;
La Puebla de Cazalla;2012;Demandantes;Hombres;De 30 a 44 años;280,5;
La Puebla de Cazalla;2012;Demandantes;Hombres;De 45 a 64 años;238,41666666;
La Puebla de Cazalla;2012;Demandantes;Hombres;TOTAL;726,08333335;
La Puebla de Cazalla;2012;Demandantes;Mujeres;De 16 a 29 años;266,25000001;
La Puebla de Cazalla;2012;Demandantes;Mujeres;De 30 a 44 años;251,00000001;
La Puebla de Cazalla;2012;Demandantes;Mujeres;De 45 a 64 años;108,75000002;
La Puebla de Cazalla;2012;Demandantes;Mujeres;TOTAL;626,00000004;
La Puebla de Cazalla;2012;Demandantes;Ambos sexos;De 16 a 29 años;473,4166667;
La Puebla de Cazalla;2012;Demandantes;Ambos sexos;De 30 a 44 años;531,50000001;
La Puebla de Cazalla;2012;Demandantes;Ambos sexos;De 45 a 64 años;347,16666668;
La Puebla de Cazalla;2012;Demandantes;Ambos sexos;TOTAL;1352,08333339;
La Puebla de los Infantes;2010;Demandantes;Hombres;De 16 a 29 años;18,41666666;
La Puebla de los Infantes;2010;Demandantes;Hombres;De 30 a 44 años;40,83333333;
La Puebla de los Infantes;2010;Demandantes;Hombres;De 45 a 64 años;34,25;
La Puebla de los Infantes;2010;Demandantes;Hombres;TOTAL;93,49999999;
La Puebla de los Infantes;2010;Demandantes;Mujeres;De 16 a 29 años;20,41666667;
La Puebla de los Infantes;2010;Demandantes;Mujeres;De 30 a 44 años;17,83333334;
La Puebla de los Infantes;2010;Demandantes;Mujeres;De 45 a 64 años;18,08333333;
La Puebla de los Infantes;2010;Demandantes;Mujeres;TOTAL;56,33333334;
La Puebla de los Infantes;2010;Demandantes;Ambos sexos;De 16 a 29 años;38,83333333;
La Puebla de los Infantes;2010;Demandantes;Ambos sexos;De 30 a 44 años;58,66666667;
La Puebla de los Infantes;2010;Demandantes;Ambos sexos;De 45 a 64 años;52,33333333;
La Puebla de los Infantes;2010;Demandantes;Ambos sexos;TOTAL;149,83333333;
La Puebla de los Infantes;2011;Demandantes;Hombres;De 16 a 29 años;21,08333333;
La Puebla de los Infantes;2011;Demandantes;Hombres;De 30 a 44 años;39,33333333;
La Puebla de los Infantes;2011;Demandantes;Hombres;De 45 a 64 años;37,41666667;
La Puebla de los Infantes;2011;Demandantes;Hombres;TOTAL;97,83333333;
La Puebla de los Infantes;2011;Demandantes;Mujeres;De 16 a 29 años;21,41666666;
La Puebla de los Infantes;2011;Demandantes;Mujeres;De 30 a 44 años;20,16666665;
La Puebla de los Infantes;2011;Demandantes;Mujeres;De 45 a 64 años;16,83333334;
La Puebla de los Infantes;2011;Demandantes;Mujeres;TOTAL;58,41666665;
La Puebla de los Infantes;2011;Demandantes;Ambos sexos;De 16 a 29 años;42,49999999;
La Puebla de los Infantes;2011;Demandantes;Ambos sexos;De 30 a 44 años;59,49999998;
La Puebla de los Infantes;2011;Demandantes;Ambos sexos;De 45 a 64 años;54,25000001;
La Puebla de los Infantes;2011;Demandantes;Ambos sexos;TOTAL;156,24999998;
La Puebla de los Infantes;2012;Demandantes;Hombres;De 16 a 29 años;22,49999999;
La Puebla de los Infantes;2012;Demandantes;Hombres;De 30 a 44 años;39,75000002;
La Puebla de los Infantes;2012;Demandantes;Hombres;De 45 a 64 años;36,66666666;
La Puebla de los Infantes;2012;Demandantes;Hombres;TOTAL;98,91666667;
La Puebla de los Infantes;2012;Demandantes;Mujeres;De 16 a 29 años;23,08333334;
La Puebla de los Infantes;2012;Demandantes;Mujeres;De 30 a 44 años;28,16666666;
La Puebla de los Infantes;2012;Demandantes;Mujeres;De 45 a 64 años;18,91666669;
La Puebla de los Infantes;2012;Demandantes;Mujeres;TOTAL;70,16666669;
La Puebla de los Infantes;2012;Demandantes;Ambos sexos;De 16 a 29 años;45,58333333;
La Puebla de los Infantes;2012;Demandantes;Ambos sexos;De 30 a 44 años;67,91666668;
La Puebla de los Infantes;2012;Demandantes;Ambos sexos;De 45 a 64 años;55,58333335;
La Puebla de los Infantes;2012;Demandantes;Ambos sexos;TOTAL;169,08333336;
La Puebla del Río;2010;Demandantes;Hombres;De 16 a 29 años;243,58333334;
La Puebla del Río;2010;Demandantes;Hombres;De 30 a 44 años;391,16666666;
La Puebla del Río;2010;Demandantes;Hombres;De 45 a 64 años;285,83333331;
La Puebla del Río;2010;Demandantes;Hombres;TOTAL;920,58333331;
La Puebla del Río;2010;Demandantes;Mujeres;De 16 a 29 años;177,83333334;
La Puebla del Río;2010;Demandantes;Mujeres;De 30 a 44 años;340,49999995;
La Puebla del Río;2010;Demandantes;Mujeres;De 45 a 64 años;272,08333334;
La Puebla del Río;2010;Demandantes;Mujeres;TOTAL;790,41666663;
La Puebla del Río;2010;Demandantes;Ambos sexos;De 16 a 29 años;421,41666668;
La Puebla del Río;2010;Demandantes;Ambos sexos;De 30 a 44 años;731,66666661;
La Puebla del Río;2010;Demandantes;Ambos sexos;De 45 a 64 años;557,91666665;
La Puebla del Río;2010;Demandantes;Ambos sexos;TOTAL;1710,99999994;
La Puebla del Río;2011;Demandantes;Hombres;De 16 a 29 años;261,66666668;
La Puebla del Río;2011;Demandantes;Hombres;De 30 a 44 años;411,41666666;
La Puebla del Río;2011;Demandantes;Hombres;De 45 a 64 años;320,16666667;
La Puebla del Río;2011;Demandantes;Hombres;TOTAL;993,25000001;
La Puebla del Río;2011;Demandantes;Mujeres;De 16 a 29 años;213,8333333;
La Puebla del Río;2011;Demandantes;Mujeres;De 30 a 44 años;367,83333332;
La Puebla del Río;2011;Demandantes;Mujeres;De 45 a 64 años;314,91666668;
La Puebla del Río;2011;Demandantes;Mujeres;TOTAL;896,5833333;
La Puebla del Río;2011;Demandantes;Ambos sexos;De 16 a 29 años;475,49999998;
La Puebla del Río;2011;Demandantes;Ambos sexos;De 30 a 44 años;779,24999998;
La Puebla del Río;2011;Demandantes;Ambos sexos;De 45 a 64 años;635,08333335;
La Puebla del Río;2011;Demandantes;Ambos sexos;TOTAL;1889,83333331;
La Puebla del Río;2012;Demandantes;Hombres;De 16 a 29 años;265,33333335;
La Puebla del Río;2012;Demandantes;Hombres;De 30 a 44 años;440,41666666;
La Puebla del Río;2012;Demandantes;Hombres;De 45 a 64 años;350,91666666;
La Puebla del Río;2012;Demandantes;Hombres;TOTAL;1056,66666667;
La Puebla del Río;2012;Demandantes;Mujeres;De 16 a 29 años;232,41666667;
La Puebla del Río;2012;Demandantes;Mujeres;De 30 a 44 años;400;
La Puebla del Río;2012;Demandantes;Mujeres;De 45 a 64 años;353,33333332;
La Puebla del Río;2012;Demandantes;Mujeres;TOTAL;985,74999999;
La Puebla del Río;2012;Demandantes;Ambos sexos;De 16 a 29 años;497,75000002;
La Puebla del Río;2012;Demandantes;Ambos sexos;De 30 a 44 años;840,41666666;
La Puebla del Río;2012;Demandantes;Ambos sexos;De 45 a 64 años;704,24999998;
La Puebla del Río;2012;Demandantes;Ambos sexos;TOTAL;2042,41666666;
La Rinconada;2010;Demandantes;Hombres;De 16 a 29 años;587,24999999;
La Rinconada;2010;Demandantes;Hombres;De 30 a 44 años;893,91666665;
La Rinconada;2010;Demandantes;Hombres;De 45 a 64 años;594,08333335;
La Rinconada;2010;Demandantes;Hombres;TOTAL;2075,24999999;
La Rinconada;2010;Demandantes;Mujeres;De 16 a 29 años;552,83333334;
La Rinconada;2010;Demandantes;Mujeres;De 30 a 44 años;1093,91666665;
La Rinconada;2010;Demandantes;Mujeres;De 45 a 64 años;642,24999998;
La Rinconada;2010;Demandantes;Mujeres;TOTAL;2288,99999997;
La Rinconada;2010;Demandantes;Ambos sexos;De 16 a 29 años;1140,08333333;
La Rinconada;2010;Demandantes;Ambos sexos;De 30 a 44 años;1987,8333333;
La Rinconada;2010;Demandantes;Ambos sexos;De 45 a 64 años;1236,33333333;
La Rinconada;2010;Demandantes;Ambos sexos;TOTAL;4364,24999996;
La Rinconada;2011;Demandantes;Hombres;De 16 a 29 años;623,83333336;
La Rinconada;2011;Demandantes;Hombres;De 30 a 44 años;912,41666668;
La Rinconada;2011;Demandantes;Hombres;De 45 a 64 años;674,66666668;
La Rinconada;2011;Demandantes;Hombres;TOTAL;2210,91666672;
La Rinconada;2011;Demandantes;Mujeres;De 16 a 29 años;602,16666667;
La Rinconada;2011;Demandantes;Mujeres;De 30 a 44 años;1184,16666667;
La Rinconada;2011;Demandantes;Mujeres;De 45 a 64 años;728,99999999;
La Rinconada;2011;Demandantes;Mujeres;TOTAL;2515,33333333;
La Rinconada;2011;Demandantes;Ambos sexos;De 16 a 29 años;1226,00000003;
La Rinconada;2011;Demandantes;Ambos sexos;De 30 a 44 años;2096,58333335;
La Rinconada;2011;Demandantes;Ambos sexos;De 45 a 64 años;1403,66666667;
La Rinconada;2011;Demandantes;Ambos sexos;TOTAL;4726,25000005;
La Rinconada;2012;Demandantes;Hombres;De 16 a 29 años;717,25;
La Rinconada;2012;Demandantes;Hombres;De 30 a 44 años;1052,25000002;
La Rinconada;2012;Demandantes;Hombres;De 45 a 64 años;826,99999999;
La Rinconada;2012;Demandantes;Hombres;TOTAL;2596,50000001;
La Rinconada;2012;Demandantes;Mujeres;De 16 a 29 años;679,75000001;
La Rinconada;2012;Demandantes;Mujeres;De 30 a 44 años;1301,16666667;
La Rinconada;2012;Demandantes;Mujeres;De 45 a 64 años;882,74999999;
La Rinconada;2012;Demandantes;Mujeres;TOTAL;2863,66666667;
La Rinconada;2012;Demandantes;Ambos sexos;De 16 a 29 años;1397,00000001;
La Rinconada;2012;Demandantes;Ambos sexos;De 30 a 44 años;2353,41666669;
La Rinconada;2012;Demandantes;Ambos sexos;De 45 a 64 años;1709,74999998;
La Rinconada;2012;Demandantes;Ambos sexos;TOTAL;5460,16666668;
La Roda de Andalucía;2010;Demandantes;Hombres;De 16 a 29 años;34,33333334;
La Roda de Andalucía;2010;Demandantes;Hombres;De 30 a 44 años;55,08333332;
La Roda de Andalucía;2010;Demandantes;Hombres;De 45 a 64 años;45,41666668;
La Roda de Andalucía;2010;Demandantes;Hombres;TOTAL;134,83333334;
La Roda de Andalucía;2010;Demandantes;Mujeres;De 16 a 29 años;49,16666667;
La Roda de Andalucía;2010;Demandantes;Mujeres;De 30 a 44 años;58,83333333;
La Roda de Andalucía;2010;Demandantes;Mujeres;De 45 a 64 años;35,25;
La Roda de Andalucía;2010;Demandantes;Mujeres;TOTAL;143,25;
La Roda de Andalucía;2010;Demandantes;Ambos sexos;De 16 a 29 años;83,50000001;
La Roda de Andalucía;2010;Demandantes;Ambos sexos;De 30 a 44 años;113,91666665;
La Roda de Andalucía;2010;Demandantes;Ambos sexos;De 45 a 64 años;80,66666668;
La Roda de Andalucía;2010;Demandantes;Ambos sexos;TOTAL;278,08333334;
La Roda de Andalucía;2011;Demandantes;Hombres;De 16 a 29 años;43,16666667;
La Roda de Andalucía;2011;Demandantes;Hombres;De 30 a 44 años;46,33333332;
La Roda de Andalucía;2011;Demandantes;Hombres;De 45 a 64 años;47,25000001;
La Roda de Andalucía;2011;Demandantes;Hombres;TOTAL;136,75;
La Roda de Andalucía;2011;Demandantes;Mujeres;De 16 a 29 años;56,33333333;
La Roda de Andalucía;2011;Demandantes;Mujeres;De 30 a 44 años;59,58333333;
La Roda de Andalucía;2011;Demandantes;Mujeres;De 45 a 64 años;33,91666664;
La Roda de Andalucía;2011;Demandantes;Mujeres;TOTAL;149,8333333;
La Roda de Andalucía;2011;Demandantes;Ambos sexos;De 16 a 29 años;99,5;
La Roda de Andalucía;2011;Demandantes;Ambos sexos;De 30 a 44 años;105,91666665;
La Roda de Andalucía;2011;Demandantes;Ambos sexos;De 45 a 64 años;81,16666665;
La Roda de Andalucía;2011;Demandantes;Ambos sexos;TOTAL;286,5833333;
La Roda de Andalucía;2012;Demandantes;Hombres;De 16 a 29 años;58,08333333;
La Roda de Andalucía;2012;Demandantes;Hombres;De 30 a 44 años;58,91666667;
La Roda de Andalucía;2012;Demandantes;Hombres;De 45 a 64 años;56,25000001;
La Roda de Andalucía;2012;Demandantes;Hombres;TOTAL;173,25000001;
La Roda de Andalucía;2012;Demandantes;Mujeres;De 16 a 29 años;62,16666666;
La Roda de Andalucía;2012;Demandantes;Mujeres;De 30 a 44 años;72,91666666;
La Roda de Andalucía;2012;Demandantes;Mujeres;De 45 a 64 años;47,75;
La Roda de Andalucía;2012;Demandantes;Mujeres;TOTAL;182,83333332;
La Roda de Andalucía;2012;Demandantes;Ambos sexos;De 16 a 29 años;120,24999999;
La Roda de Andalucía;2012;Demandantes;Ambos sexos;De 30 a 44 años;131,83333333;
La Roda de Andalucía;2012;Demandantes;Ambos sexos;De 45 a 64 años;104,00000001;
La Roda de Andalucía;2012;Demandantes;Ambos sexos;TOTAL;356,08333333;
Lantejuela;2010;Demandantes;Hombres;De 16 a 29 años;77,16666665;
Lantejuela;2010;Demandantes;Hombres;De 30 a 44 años;76,49999999;
Lantejuela;2010;Demandantes;Hombres;De 45 a 64 años;60,83333334;
Lantejuela;2010;Demandantes;Hombres;TOTAL;214,49999998;
Lantejuela;2010;Demandantes;Mujeres;De 16 a 29 años;47,83333332;
Lantejuela;2010;Demandantes;Mujeres;De 30 a 44 años;52,66666667;
Lantejuela;2010;Demandantes;Mujeres;De 45 a 64 años;12,16666666;
Lantejuela;2010;Demandantes;Mujeres;TOTAL;112,66666665;
Lantejuela;2010;Demandantes;Ambos sexos;De 16 a 29 años;124,99999997;
Lantejuela;2010;Demandantes;Ambos sexos;De 30 a 44 años;129,16666666;
Lantejuela;2010;Demandantes;Ambos sexos;De 45 a 64 años;73;
Lantejuela;2010;Demandantes;Ambos sexos;TOTAL;327,16666663;
Lantejuela;2011;Demandantes;Hombres;De 16 a 29 años;78,50000001;
Lantejuela;2011;Demandantes;Hombres;De 30 a 44 años;89,75000001;
Lantejuela;2011;Demandantes;Hombres;De 45 a 64 años;72,49999998;
Lantejuela;2011;Demandantes;Hombres;TOTAL;240,75;
Lantejuela;2011;Demandantes;Mujeres;De 16 a 29 años;57,16666668;
Lantejuela;2011;Demandantes;Mujeres;De 30 a 44 años;61,16666666;
Lantejuela;2011;Demandantes;Mujeres;De 45 a 64 años;15,75;
Lantejuela;2011;Demandantes;Mujeres;TOTAL;134,08333334;
Lantejuela;2011;Demandantes;Ambos sexos;De 16 a 29 años;135,66666669;
Lantejuela;2011;Demandantes;Ambos sexos;De 30 a 44 años;150,91666667;
Lantejuela;2011;Demandantes;Ambos sexos;De 45 a 64 años;88,24999998;
Lantejuela;2011;Demandantes;Ambos sexos;TOTAL;374,83333334;
Lantejuela;2012;Demandantes;Hombres;De 16 a 29 años;103,91666665;
Lantejuela;2012;Demandantes;Hombres;De 30 a 44 años;120,83333336;
Lantejuela;2012;Demandantes;Hombres;De 45 a 64 años;107,58333334;
Lantejuela;2012;Demandantes;Hombres;TOTAL;332,33333335;
Lantejuela;2012;Demandantes;Mujeres;De 16 a 29 años;88,66666667;
Lantejuela;2012;Demandantes;Mujeres;De 30 a 44 años;67,75;
Lantejuela;2012;Demandantes;Mujeres;De 45 a 64 años;27,24999999;
Lantejuela;2012;Demandantes;Mujeres;TOTAL;183,66666666;
Lantejuela;2012;Demandantes;Ambos sexos;De 16 a 29 años;192,58333332;
Lantejuela;2012;Demandantes;Ambos sexos;De 30 a 44 años;188,58333336;
Lantejuela;2012;Demandantes;Ambos sexos;De 45 a 64 años;134,83333333;
Lantejuela;2012;Demandantes;Ambos sexos;TOTAL;516,00000001;
Las Cabezas de San Juan;2010;Demandantes;Hombres;De 16 a 29 años;434,33333334;
Las Cabezas de San Juan;2010;Demandantes;Hombres;De 30 a 44 años;554,83333332;
Las Cabezas de San Juan;2010;Demandantes;Hombres;De 45 a 64 años;343,08333331;
Las Cabezas de San Juan;2010;Demandantes;Hombres;TOTAL;1332,24999997;
Las Cabezas de San Juan;2010;Demandantes;Mujeres;De 16 a 29 años;262,49999998;
Las Cabezas de San Juan;2010;Demandantes;Mujeres;De 30 a 44 años;297;
Las Cabezas de San Juan;2010;Demandantes;Mujeres;De 45 a 64 años;149,91666666;
Las Cabezas de San Juan;2010;Demandantes;Mujeres;TOTAL;709,41666664;
Las Cabezas de San Juan;2010;Demandantes;Ambos sexos;De 16 a 29 años;696,83333332;
Las Cabezas de San Juan;2010;Demandantes;Ambos sexos;De 30 a 44 años;851,83333332;
Las Cabezas de San Juan;2010;Demandantes;Ambos sexos;De 45 a 64 años;492,99999997;
Las Cabezas de San Juan;2010;Demandantes;Ambos sexos;TOTAL;2041,66666661;
Las Cabezas de San Juan;2011;Demandantes;Hombres;De 16 a 29 años;444,91666668;
Las Cabezas de San Juan;2011;Demandantes;Hombres;De 30 a 44 años;592,5;
Las Cabezas de San Juan;2011;Demandantes;Hombres;De 45 a 64 años;410,99999999;
Las Cabezas de San Juan;2011;Demandantes;Hombres;TOTAL;1448,41666667;
Las Cabezas de San Juan;2011;Demandantes;Mujeres;De 16 a 29 años;307,58333335;
Las Cabezas de San Juan;2011;Demandantes;Mujeres;De 30 a 44 años;344,16666667;
Las Cabezas de San Juan;2011;Demandantes;Mujeres;De 45 a 64 años;185,58333332;
Las Cabezas de San Juan;2011;Demandantes;Mujeres;TOTAL;837,33333334;
Las Cabezas de San Juan;2011;Demandantes;Ambos sexos;De 16 a 29 años;752,50000003;
Las Cabezas de San Juan;2011;Demandantes;Ambos sexos;De 30 a 44 años;936,66666667;
Las Cabezas de San Juan;2011;Demandantes;Ambos sexos;De 45 a 64 años;596,58333331;
Las Cabezas de San Juan;2011;Demandantes;Ambos sexos;TOTAL;2285,75000001;
Las Cabezas de San Juan;2012;Demandantes;Hombres;De 16 a 29 años;496,08333336;
Las Cabezas de San Juan;2012;Demandantes;Hombres;De 30 a 44 años;680,24999998;
Las Cabezas de San Juan;2012;Demandantes;Hombres;De 45 a 64 años;511,00000001;
Las Cabezas de San Juan;2012;Demandantes;Hombres;TOTAL;1687,33333335;
Las Cabezas de San Juan;2012;Demandantes;Mujeres;De 16 a 29 años;367,33333333;
Las Cabezas de San Juan;2012;Demandantes;Mujeres;De 30 a 44 años;411,58333332;
Las Cabezas de San Juan;2012;Demandantes;Mujeres;De 45 a 64 años;216,75;
Las Cabezas de San Juan;2012;Demandantes;Mujeres;TOTAL;995,66666665;
Las Cabezas de San Juan;2012;Demandantes;Ambos sexos;De 16 a 29 años;863,41666669;
Las Cabezas de San Juan;2012;Demandantes;Ambos sexos;De 30 a 44 años;1091,8333333;
Las Cabezas de San Juan;2012;Demandantes;Ambos sexos;De 45 a 64 años;727,75000001;
Las Cabezas de San Juan;2012;Demandantes;Ambos sexos;TOTAL;2683;
Las Navas de la Concepción;2010;Demandantes;Hombres;De 16 a 29 años;12,16666666;
Las Navas de la Concepción;2010;Demandantes;Hombres;De 30 a 44 años;21,41666666;
Las Navas de la Concepción;2010;Demandantes;Hombres;De 45 a 64 años;15,91666667;
Las Navas de la Concepción;2010;Demandantes;Hombres;TOTAL;49,49999999;
Las Navas de la Concepción;2010;Demandantes;Mujeres;De 16 a 29 años;17,5;
Las Navas de la Concepción;2010;Demandantes;Mujeres;De 30 a 44 años;16,41666667;
Las Navas de la Concepción;2010;Demandantes;Mujeres;De 45 a 64 años;12,83333333;
Las Navas de la Concepción;2010;Demandantes;Mujeres;TOTAL;46,75;
Las Navas de la Concepción;2010;Demandantes;Ambos sexos;De 16 a 29 años;29,66666666;
Las Navas de la Concepción;2010;Demandantes;Ambos sexos;De 30 a 44 años;37,83333333;
Las Navas de la Concepción;2010;Demandantes;Ambos sexos;De 45 a 64 años;28,75;
Las Navas de la Concepción;2010;Demandantes;Ambos sexos;TOTAL;96,24999999;
Las Navas de la Concepción;2011;Demandantes;Hombres;De 16 a 29 años;12,66666665;
Las Navas de la Concepción;2011;Demandantes;Hombres;De 30 a 44 años;17,83333332;
Las Navas de la Concepción;2011;Demandantes;Hombres;De 45 a 64 años;21,41666667;
Las Navas de la Concepción;2011;Demandantes;Hombres;TOTAL;51,91666664;
Las Navas de la Concepción;2011;Demandantes;Mujeres;De 16 a 29 años;23,49999999;
Las Navas de la Concepción;2011;Demandantes;Mujeres;De 30 a 44 años;14,83333333;
Las Navas de la Concepción;2011;Demandantes;Mujeres;De 45 a 64 años;14,5;
Las Navas de la Concepción;2011;Demandantes;Mujeres;TOTAL;52,83333332;
Las Navas de la Concepción;2011;Demandantes;Ambos sexos;De 16 a 29 años;36,16666664;
Las Navas de la Concepción;2011;Demandantes;Ambos sexos;De 30 a 44 años;32,66666665;
Las Navas de la Concepción;2011;Demandantes;Ambos sexos;De 45 a 64 años;35,91666667;
Las Navas de la Concepción;2011;Demandantes;Ambos sexos;TOTAL;104,74999996;
Las Navas de la Concepción;2012;Demandantes;Hombres;De 16 a 29 años;21,41666666;
Las Navas de la Concepción;2012;Demandantes;Hombres;De 30 a 44 años;17,83333334;
Las Navas de la Concepción;2012;Demandantes;Hombres;De 45 a 64 años;24,50000002;
Las Navas de la Concepción;2012;Demandantes;Hombres;TOTAL;63,75000002;
Las Navas de la Concepción;2012;Demandantes;Mujeres;De 16 a 29 años;31,33333333;
Las Navas de la Concepción;2012;Demandantes;Mujeres;De 30 a 44 años;20,41666667;
Las Navas de la Concepción;2012;Demandantes;Mujeres;De 45 a 64 años;15,33333333;
Las Navas de la Concepción;2012;Demandantes;Mujeres;TOTAL;67,08333333;
Las Navas de la Concepción;2012;Demandantes;Ambos sexos;De 16 a 29 años;52,74999999;
Las Navas de la Concepción;2012;Demandantes;Ambos sexos;De 30 a 44 años;38,25000001;
Las Navas de la Concepción;2012;Demandantes;Ambos sexos;De 45 a 64 años;39,83333335;
Las Navas de la Concepción;2012;Demandantes;Ambos sexos;TOTAL;130,83333335;
Lebrija;2010;Demandantes;Hombres;De 16 a 29 años;492,33333335;
Lebrija;2010;Demandantes;Hombres;De 30 a 44 años;786,74999998;
Lebrija;2010;Demandantes;Hombres;De 45 a 64 años;506,66666668;
Lebrija;2010;Demandantes;Hombres;TOTAL;1785,75000001;
Lebrija;2010;Demandantes;Mujeres;De 16 a 29 años;371,99999998;
Lebrija;2010;Demandantes;Mujeres;De 30 a 44 años;569,66666665;
Lebrija;2010;Demandantes;Mujeres;De 45 a 64 años;404,33333334;
Lebrija;2010;Demandantes;Mujeres;TOTAL;1345,99999997;
Lebrija;2010;Demandantes;Ambos sexos;De 16 a 29 años;864,33333333;
Lebrija;2010;Demandantes;Ambos sexos;De 30 a 44 años;1356,41666663;
Lebrija;2010;Demandantes;Ambos sexos;De 45 a 64 años;911,00000002;
Lebrija;2010;Demandantes;Ambos sexos;TOTAL;3131,74999998;
Lebrija;2011;Demandantes;Hombres;De 16 a 29 años;485,58333332;
Lebrija;2011;Demandantes;Hombres;De 30 a 44 años;852,00000002;
Lebrija;2011;Demandantes;Hombres;De 45 a 64 años;583,16666667;
Lebrija;2011;Demandantes;Hombres;TOTAL;1920,75000001;
Lebrija;2011;Demandantes;Mujeres;De 16 a 29 años;415,4166667;
Lebrija;2011;Demandantes;Mujeres;De 30 a 44 años;637,33333335;
Lebrija;2011;Demandantes;Mujeres;De 45 a 64 años;447,16666666;
Lebrija;2011;Demandantes;Mujeres;TOTAL;1499,91666671;
Lebrija;2011;Demandantes;Ambos sexos;De 16 a 29 años;901,00000002;
Lebrija;2011;Demandantes;Ambos sexos;De 30 a 44 años;1489,33333337;
Lebrija;2011;Demandantes;Ambos sexos;De 45 a 64 años;1030,33333333;
Lebrija;2011;Demandantes;Ambos sexos;TOTAL;3420,66666672;
Lebrija;2012;Demandantes;Hombres;De 16 a 29 años;527,41666665;
Lebrija;2012;Demandantes;Hombres;De 30 a 44 años;981,99999998;
Lebrija;2012;Demandantes;Hombres;De 45 a 64 años;743,66666665;
Lebrija;2012;Demandantes;Hombres;TOTAL;2253,08333328;
Lebrija;2012;Demandantes;Mujeres;De 16 a 29 años;449,49999999;
Lebrija;2012;Demandantes;Mujeres;De 30 a 44 años;749,58333334;
Lebrija;2012;Demandantes;Mujeres;De 45 a 64 años;519,91666668;
Lebrija;2012;Demandantes;Mujeres;TOTAL;1719,00000001;
Lebrija;2012;Demandantes;Ambos sexos;De 16 a 29 años;976,91666664;
Lebrija;2012;Demandantes;Ambos sexos;De 30 a 44 años;1731,58333332;
Lebrija;2012;Demandantes;Ambos sexos;De 45 a 64 años;1263,58333333;
Lebrija;2012;Demandantes;Ambos sexos;TOTAL;3972,08333329;
Lora de Estepa;2010;Demandantes;Hombres;De 16 a 29 años;7,5;
Lora de Estepa;2010;Demandantes;Hombres;De 30 a 44 años;11,08333334;
Lora de Estepa;2010;Demandantes;Hombres;De 45 a 64 años;5,33333333;
Lora de Estepa;2010;Demandantes;Hombres;TOTAL;23,91666667;
Lora de Estepa;2010;Demandantes;Mujeres;De 16 a 29 años;8,58333333;
Lora de Estepa;2010;Demandantes;Mujeres;De 30 a 44 años;18,50000001;
Lora de Estepa;2010;Demandantes;Mujeres;De 45 a 64 años;3,66666667;
Lora de Estepa;2010;Demandantes;Mujeres;TOTAL;30,75000001;
Lora de Estepa;2010;Demandantes;Ambos sexos;De 16 a 29 años;16,08333333;
Lora de Estepa;2010;Demandantes;Ambos sexos;De 30 a 44 años;29,58333335;
Lora de Estepa;2010;Demandantes;Ambos sexos;De 45 a 64 años;9;
Lora de Estepa;2010;Demandantes;Ambos sexos;TOTAL;54,66666668;
Lora de Estepa;2011;Demandantes;Hombres;De 16 a 29 años;7,5;
Lora de Estepa;2011;Demandantes;Hombres;De 30 a 44 años;12,08333333;
Lora de Estepa;2011;Demandantes;Hombres;De 45 a 64 años;4,25;
Lora de Estepa;2011;Demandantes;Hombres;TOTAL;23,83333333;
Lora de Estepa;2011;Demandantes;Mujeres;De 16 a 29 años;7,25;
Lora de Estepa;2011;Demandantes;Mujeres;De 30 a 44 años;15,00000001;
Lora de Estepa;2011;Demandantes;Mujeres;De 45 a 64 años;5,33333333;
Lora de Estepa;2011;Demandantes;Mujeres;TOTAL;27,58333334;
Lora de Estepa;2011;Demandantes;Ambos sexos;De 16 a 29 años;14,75;
Lora de Estepa;2011;Demandantes;Ambos sexos;De 30 a 44 años;27,08333334;
Lora de Estepa;2011;Demandantes;Ambos sexos;De 45 a 64 años;9,58333333;
Lora de Estepa;2011;Demandantes;Ambos sexos;TOTAL;51,41666667;
Lora de Estepa;2012;Demandantes;Hombres;De 16 a 29 años;9,00000001;
Lora de Estepa;2012;Demandantes;Hombres;De 30 a 44 años;14,66666668;
Lora de Estepa;2012;Demandantes;Hombres;De 45 a 64 años;7,33333332;
Lora de Estepa;2012;Demandantes;Hombres;TOTAL;31,00000001;
Lora de Estepa;2012;Demandantes;Mujeres;De 16 a 29 años;9,91666667;
Lora de Estepa;2012;Demandantes;Mujeres;De 30 a 44 años;18,16666667;
Lora de Estepa;2012;Demandantes;Mujeres;De 45 a 64 años;6,58333333;
Lora de Estepa;2012;Demandantes;Mujeres;TOTAL;34,66666667;
Lora de Estepa;2012;Demandantes;Ambos sexos;De 16 a 29 años;18,91666668;
Lora de Estepa;2012;Demandantes;Ambos sexos;De 30 a 44 años;32,83333335;
Lora de Estepa;2012;Demandantes;Ambos sexos;De 45 a 64 años;13,91666665;
Lora de Estepa;2012;Demandantes;Ambos sexos;TOTAL;65,66666668;
Lora del Río;2010;Demandantes;Hombres;De 16 a 29 años;229,08333333;
Lora del Río;2010;Demandantes;Hombres;De 30 a 44 años;308,5;
Lora del Río;2010;Demandantes;Hombres;De 45 a 64 años;247,83333333;
Lora del Río;2010;Demandantes;Hombres;TOTAL;785,41666666;
Lora del Río;2010;Demandantes;Mujeres;De 16 a 29 años;174,25;
Lora del Río;2010;Demandantes;Mujeres;De 30 a 44 años;270,91666665;
Lora del Río;2010;Demandantes;Mujeres;De 45 a 64 años;122,66666665;
Lora del Río;2010;Demandantes;Mujeres;TOTAL;567,8333333;
Lora del Río;2010;Demandantes;Ambos sexos;De 16 a 29 años;403,33333333;
Lora del Río;2010;Demandantes;Ambos sexos;De 30 a 44 años;579,41666665;
Lora del Río;2010;Demandantes;Ambos sexos;De 45 a 64 años;370,49999998;
Lora del Río;2010;Demandantes;Ambos sexos;TOTAL;1353,24999996;
Lora del Río;2011;Demandantes;Hombres;De 16 a 29 años;230,33333333;
Lora del Río;2011;Demandantes;Hombres;De 30 a 44 años;287,08333335;
Lora del Río;2011;Demandantes;Hombres;De 45 a 64 años;280,58333332;
Lora del Río;2011;Demandantes;Hombres;TOTAL;798;
Lora del Río;2011;Demandantes;Mujeres;De 16 a 29 años;211,91666669;
Lora del Río;2011;Demandantes;Mujeres;De 30 a 44 años;270,33333333;
Lora del Río;2011;Demandantes;Mujeres;De 45 a 64 años;130,83333337;
Lora del Río;2011;Demandantes;Mujeres;TOTAL;613,08333339;
Lora del Río;2011;Demandantes;Ambos sexos;De 16 a 29 años;442,25000002;
Lora del Río;2011;Demandantes;Ambos sexos;De 30 a 44 años;557,41666668;
Lora del Río;2011;Demandantes;Ambos sexos;De 45 a 64 años;411,41666669;
Lora del Río;2011;Demandantes;Ambos sexos;TOTAL;1411,08333339;
Lora del Río;2012;Demandantes;Hombres;De 16 a 29 años;267,41666665;
Lora del Río;2012;Demandantes;Hombres;De 30 a 44 años;360,58333335;
Lora del Río;2012;Demandantes;Hombres;De 45 a 64 años;361,08333336;
Lora del Río;2012;Demandantes;Hombres;TOTAL;989,08333336;
Lora del Río;2012;Demandantes;Mujeres;De 16 a 29 años;291,49999999;
Lora del Río;2012;Demandantes;Mujeres;De 30 a 44 años;320,58333333;
Lora del Río;2012;Demandantes;Mujeres;De 45 a 64 años;162,58333334;
Lora del Río;2012;Demandantes;Mujeres;TOTAL;774,66666666;
Lora del Río;2012;Demandantes;Ambos sexos;De 16 a 29 años;558,91666664;
Lora del Río;2012;Demandantes;Ambos sexos;De 30 a 44 años;681,16666668;
Lora del Río;2012;Demandantes;Ambos sexos;De 45 a 64 años;523,6666667;
Lora del Río;2012;Demandantes;Ambos sexos;TOTAL;1763,75000002;
Los Corrales;2010;Demandantes;Hombres;De 16 a 29 años;51,16666666;
Los Corrales;2010;Demandantes;Hombres;De 30 a 44 años;69,49999999;
Los Corrales;2010;Demandantes;Hombres;De 45 a 64 años;63,91666667;
Los Corrales;2010;Demandantes;Hombres;TOTAL;184,58333332;
Los Corrales;2010;Demandantes;Mujeres;De 16 a 29 años;35,24999999;
Los Corrales;2010;Demandantes;Mujeres;De 30 a 44 años;33;
Los Corrales;2010;Demandantes;Mujeres;De 45 a 64 años;14,08333333;
Los Corrales;2010;Demandantes;Mujeres;TOTAL;82,33333332;
Los Corrales;2010;Demandantes;Ambos sexos;De 16 a 29 años;86,41666665;
Los Corrales;2010;Demandantes;Ambos sexos;De 30 a 44 años;102,49999999;
Los Corrales;2010;Demandantes;Ambos sexos;De 45 a 64 años;78;
Los Corrales;2010;Demandantes;Ambos sexos;TOTAL;266,91666664;
Los Corrales;2011;Demandantes;Hombres;De 16 a 29 años;56,08333334;
Los Corrales;2011;Demandantes;Hombres;De 30 a 44 años;72,99999999;
Los Corrales;2011;Demandantes;Hombres;De 45 a 64 años;65,33333334;
Los Corrales;2011;Demandantes;Hombres;TOTAL;194,41666667;
Los Corrales;2011;Demandantes;Mujeres;De 16 a 29 años;53,74999998;
Los Corrales;2011;Demandantes;Mujeres;De 30 a 44 años;43,33333333;
Los Corrales;2011;Demandantes;Mujeres;De 45 a 64 años;20,58333334;
Los Corrales;2011;Demandantes;Mujeres;TOTAL;117,66666665;
Los Corrales;2011;Demandantes;Ambos sexos;De 16 a 29 años;109,83333332;
Los Corrales;2011;Demandantes;Ambos sexos;De 30 a 44 años;116,33333332;
Los Corrales;2011;Demandantes;Ambos sexos;De 45 a 64 años;85,91666668;
Los Corrales;2011;Demandantes;Ambos sexos;TOTAL;312,08333332;
Los Corrales;2012;Demandantes;Hombres;De 16 a 29 años;41,75;
Los Corrales;2012;Demandantes;Hombres;De 30 a 44 años;65,91666667;
Los Corrales;2012;Demandantes;Hombres;De 45 a 64 años;73,66666666;
Los Corrales;2012;Demandantes;Hombres;TOTAL;181,33333333;
Los Corrales;2012;Demandantes;Mujeres;De 16 a 29 años;53,91666668;
Los Corrales;2012;Demandantes;Mujeres;De 30 a 44 años;45,91666666;
Los Corrales;2012;Demandantes;Mujeres;De 45 a 64 años;20,75;
Los Corrales;2012;Demandantes;Mujeres;TOTAL;120,58333334;
Los Corrales;2012;Demandantes;Ambos sexos;De 16 a 29 años;95,66666668;
Los Corrales;2012;Demandantes;Ambos sexos;De 30 a 44 años;111,83333333;
Los Corrales;2012;Demandantes;Ambos sexos;De 45 a 64 años;94,41666666;
Los Corrales;2012;Demandantes;Ambos sexos;TOTAL;301,91666667;
Los Molares;2010;Demandantes;Hombres;De 16 a 29 años;69,3333333;
Los Molares;2010;Demandantes;Hombres;De 30 a 44 años;116,33333333;
Los Molares;2010;Demandantes;Hombres;De 45 a 64 años;62,33333332;
Los Molares;2010;Demandantes;Hombres;TOTAL;247,99999995;
Los Molares;2010;Demandantes;Mujeres;De 16 a 29 años;55,58333334;
Los Molares;2010;Demandantes;Mujeres;De 30 a 44 años;60,83333334;
Los Molares;2010;Demandantes;Mujeres;De 45 a 64 años;22,33333333;
Los Molares;2010;Demandantes;Mujeres;TOTAL;138,75000001;
Los Molares;2010;Demandantes;Ambos sexos;De 16 a 29 años;124,91666664;
Los Molares;2010;Demandantes;Ambos sexos;De 30 a 44 años;177,16666667;
Los Molares;2010;Demandantes;Ambos sexos;De 45 a 64 años;84,66666665;
Los Molares;2010;Demandantes;Ambos sexos;TOTAL;386,74999996;
Los Molares;2011;Demandantes;Hombres;De 16 a 29 años;81,25000001;
Los Molares;2011;Demandantes;Hombres;De 30 a 44 años;107,33333335;
Los Molares;2011;Demandantes;Hombres;De 45 a 64 años;70,66666667;
Los Molares;2011;Demandantes;Hombres;TOTAL;259,25000003;
Los Molares;2011;Demandantes;Mujeres;De 16 a 29 años;54,08333333;
Los Molares;2011;Demandantes;Mujeres;De 30 a 44 años;73,08333334;
Los Molares;2011;Demandantes;Mujeres;De 45 a 64 años;24,83333333;
Los Molares;2011;Demandantes;Mujeres;TOTAL;152;
Los Molares;2011;Demandantes;Ambos sexos;De 16 a 29 años;135,33333334;
Los Molares;2011;Demandantes;Ambos sexos;De 30 a 44 años;180,41666669;
Los Molares;2011;Demandantes;Ambos sexos;De 45 a 64 años;95,5;
Los Molares;2011;Demandantes;Ambos sexos;TOTAL;411,25000003;
Los Molares;2012;Demandantes;Hombres;De 16 a 29 años;85,83333333;
Los Molares;2012;Demandantes;Hombres;De 30 a 44 años;113,24999999;
Los Molares;2012;Demandantes;Hombres;De 45 a 64 años;81,41666669;
Los Molares;2012;Demandantes;Hombres;TOTAL;280,50000001;
Los Molares;2012;Demandantes;Mujeres;De 16 a 29 años;70,75;
Los Molares;2012;Demandantes;Mujeres;De 30 a 44 años;90,58333332;
Los Molares;2012;Demandantes;Mujeres;De 45 a 64 años;33,49999999;
Los Molares;2012;Demandantes;Mujeres;TOTAL;194,83333331;
Los Molares;2012;Demandantes;Ambos sexos;De 16 a 29 años;156,58333333;
Los Molares;2012;Demandantes;Ambos sexos;De 30 a 44 años;203,83333331;
Los Molares;2012;Demandantes;Ambos sexos;De 45 a 64 años;114,91666668;
Los Molares;2012;Demandantes;Ambos sexos;TOTAL;475,33333332;
Los Palacios y Villafranca;2010;Demandantes;Hombres;De 16 a 29 años;934,33333332;
Los Palacios y Villafranca;2010;Demandantes;Hombres;De 30 a 44 años;1231,83333334;
Los Palacios y Villafranca;2010;Demandantes;Hombres;De 45 a 64 años;818,99999999;
Los Palacios y Villafranca;2010;Demandantes;Hombres;TOTAL;2985,16666665;
Los Palacios y Villafranca;2010;Demandantes;Mujeres;De 16 a 29 años;558,41666668;
Los Palacios y Villafranca;2010;Demandantes;Mujeres;De 30 a 44 años;659,50000001;
Los Palacios y Villafranca;2010;Demandantes;Mujeres;De 45 a 64 años;374,08333335;
Los Palacios y Villafranca;2010;Demandantes;Mujeres;TOTAL;1592,00000004;
Los Palacios y Villafranca;2010;Demandantes;Ambos sexos;De 16 a 29 años;1492,75;
Los Palacios y Villafranca;2010;Demandantes;Ambos sexos;De 30 a 44 años;1891,33333335;
Los Palacios y Villafranca;2010;Demandantes;Ambos sexos;De 45 a 64 años;1193,08333334;
Los Palacios y Villafranca;2010;Demandantes;Ambos sexos;TOTAL;4577,16666669;
Los Palacios y Villafranca;2011;Demandantes;Hombres;De 16 a 29 años;895,66666664;
Los Palacios y Villafranca;2011;Demandantes;Hombres;De 30 a 44 años;1166,91666671;
Los Palacios y Villafranca;2011;Demandantes;Hombres;De 45 a 64 años;905,74999999;
Los Palacios y Villafranca;2011;Demandantes;Hombres;TOTAL;2968,33333334;
Los Palacios y Villafranca;2011;Demandantes;Mujeres;De 16 a 29 años;614,91666665;
Los Palacios y Villafranca;2011;Demandantes;Mujeres;De 30 a 44 años;710,66666664;
Los Palacios y Villafranca;2011;Demandantes;Mujeres;De 45 a 64 años;461,50000001;
Los Palacios y Villafranca;2011;Demandantes;Mujeres;TOTAL;1787,0833333;
Los Palacios y Villafranca;2011;Demandantes;Ambos sexos;De 16 a 29 años;1510,58333329;
Los Palacios y Villafranca;2011;Demandantes;Ambos sexos;De 30 a 44 años;1877,58333335;
Los Palacios y Villafranca;2011;Demandantes;Ambos sexos;De 45 a 64 años;1367,25;
Los Palacios y Villafranca;2011;Demandantes;Ambos sexos;TOTAL;4755,41666664;
Los Palacios y Villafranca;2012;Demandantes;Hombres;De 16 a 29 años;911,33333334;
Los Palacios y Villafranca;2012;Demandantes;Hombres;De 30 a 44 años;1365,74999999;
Los Palacios y Villafranca;2012;Demandantes;Hombres;De 45 a 64 años;1054,74999999;
Los Palacios y Villafranca;2012;Demandantes;Hombres;TOTAL;3331,83333332;
Los Palacios y Villafranca;2012;Demandantes;Mujeres;De 16 a 29 años;655,58333335;
Los Palacios y Villafranca;2012;Demandantes;Mujeres;De 30 a 44 años;809,08333332;
Los Palacios y Villafranca;2012;Demandantes;Mujeres;De 45 a 64 años;561,49999999;
Los Palacios y Villafranca;2012;Demandantes;Mujeres;TOTAL;2026,16666666;
Los Palacios y Villafranca;2012;Demandantes;Ambos sexos;De 16 a 29 años;1566,91666669;
Los Palacios y Villafranca;2012;Demandantes;Ambos sexos;De 30 a 44 años;2174,83333331;
Los Palacios y Villafranca;2012;Demandantes;Ambos sexos;De 45 a 64 años;1616,24999998;
Los Palacios y Villafranca;2012;Demandantes;Ambos sexos;TOTAL;5357,99999998;
Mairena del Alcor;2010;Demandantes;Hombres;De 16 a 29 años;317,33333333;
Mairena del Alcor;2010;Demandantes;Hombres;De 30 a 44 años;422,41666667;
Mairena del Alcor;2010;Demandantes;Hombres;De 45 a 64 años;292,99999996;
Mairena del Alcor;2010;Demandantes;Hombres;TOTAL;1032,74999996;
Mairena del Alcor;2010;Demandantes;Mujeres;De 16 a 29 años;332,75000004;
Mairena del Alcor;2010;Demandantes;Mujeres;De 30 a 44 años;661,83333335;
Mairena del Alcor;2010;Demandantes;Mujeres;De 45 a 64 años;430,91666665;
Mairena del Alcor;2010;Demandantes;Mujeres;TOTAL;1425,50000004;
Mairena del Alcor;2010;Demandantes;Ambos sexos;De 16 a 29 años;650,08333337;
Mairena del Alcor;2010;Demandantes;Ambos sexos;De 30 a 44 años;1084,25000002;
Mairena del Alcor;2010;Demandantes;Ambos sexos;De 45 a 64 años;723,91666661;
Mairena del Alcor;2010;Demandantes;Ambos sexos;TOTAL;2458,25;
Mairena del Alcor;2011;Demandantes;Hombres;De 16 a 29 años;338,08333333;
Mairena del Alcor;2011;Demandantes;Hombres;De 30 a 44 años;477,50000003;
Mairena del Alcor;2011;Demandantes;Hombres;De 45 a 64 años;341,75000001;
Mairena del Alcor;2011;Demandantes;Hombres;TOTAL;1157,33333337;
Mairena del Alcor;2011;Demandantes;Mujeres;De 16 a 29 años;349,41666664;
Mairena del Alcor;2011;Demandantes;Mujeres;De 30 a 44 años;700,16666665;
Mairena del Alcor;2011;Demandantes;Mujeres;De 45 a 64 años;460,83333333;
Mairena del Alcor;2011;Demandantes;Mujeres;TOTAL;1510,41666662;
Mairena del Alcor;2011;Demandantes;Ambos sexos;De 16 a 29 años;687,49999997;
Mairena del Alcor;2011;Demandantes;Ambos sexos;De 30 a 44 años;1177,66666668;
Mairena del Alcor;2011;Demandantes;Ambos sexos;De 45 a 64 años;802,58333334;
Mairena del Alcor;2011;Demandantes;Ambos sexos;TOTAL;2667,74999999;
Mairena del Alcor;2012;Demandantes;Hombres;De 16 a 29 años;429,83333332;
Mairena del Alcor;2012;Demandantes;Hombres;De 30 a 44 años;575,66666667;
Mairena del Alcor;2012;Demandantes;Hombres;De 45 a 64 años;438,41666667;
Mairena del Alcor;2012;Demandantes;Hombres;TOTAL;1443,91666666;
Mairena del Alcor;2012;Demandantes;Mujeres;De 16 a 29 años;422,16666665;
Mairena del Alcor;2012;Demandantes;Mujeres;De 30 a 44 años;821,25000002;
Mairena del Alcor;2012;Demandantes;Mujeres;De 45 a 64 años;522,5;
Mairena del Alcor;2012;Demandantes;Mujeres;TOTAL;1765,91666667;
Mairena del Alcor;2012;Demandantes;Ambos sexos;De 16 a 29 años;851,99999997;
Mairena del Alcor;2012;Demandantes;Ambos sexos;De 30 a 44 años;1396,91666669;
Mairena del Alcor;2012;Demandantes;Ambos sexos;De 45 a 64 años;960,91666667;
Mairena del Alcor;2012;Demandantes;Ambos sexos;TOTAL;3209,83333333;
Mairena del Aljarafe;2010;Demandantes;Hombres;De 16 a 29 años;461,33333334;
Mairena del Aljarafe;2010;Demandantes;Hombres;De 30 a 44 años;720,5833333;
Mairena del Aljarafe;2010;Demandantes;Hombres;De 45 a 64 años;505,99999998;
Mairena del Aljarafe;2010;Demandantes;Hombres;TOTAL;1687,91666662;
Mairena del Aljarafe;2010;Demandantes;Mujeres;De 16 a 29 años;442,33333331;
Mairena del Aljarafe;2010;Demandantes;Mujeres;De 30 a 44 años;957,83333334;
Mairena del Aljarafe;2010;Demandantes;Mujeres;De 45 a 64 años;891,5;
Mairena del Aljarafe;2010;Demandantes;Mujeres;TOTAL;2291,66666665;
Mairena del Aljarafe;2010;Demandantes;Ambos sexos;De 16 a 29 años;903,66666665;
Mairena del Aljarafe;2010;Demandantes;Ambos sexos;De 30 a 44 años;1678,41666664;
Mairena del Aljarafe;2010;Demandantes;Ambos sexos;De 45 a 64 años;1397,49999998;
Mairena del Aljarafe;2010;Demandantes;Ambos sexos;TOTAL;3979,58333327;
Mairena del Aljarafe;2011;Demandantes;Hombres;De 16 a 29 años;511,66666669;
Mairena del Aljarafe;2011;Demandantes;Hombres;De 30 a 44 años;815,33333335;
Mairena del Aljarafe;2011;Demandantes;Hombres;De 45 a 64 años;611,08333334;
Mairena del Aljarafe;2011;Demandantes;Hombres;TOTAL;1938,08333338;
Mairena del Aljarafe;2011;Demandantes;Mujeres;De 16 a 29 años;491,24999999;
Mairena del Aljarafe;2011;Demandantes;Mujeres;De 30 a 44 años;1047,41666662;
Mairena del Aljarafe;2011;Demandantes;Mujeres;De 45 a 64 años;965,0833333;
Mairena del Aljarafe;2011;Demandantes;Mujeres;TOTAL;2503,74999991;
Mairena del Aljarafe;2011;Demandantes;Ambos sexos;De 16 a 29 años;1002,91666668;
Mairena del Aljarafe;2011;Demandantes;Ambos sexos;De 30 a 44 años;1862,74999997;
Mairena del Aljarafe;2011;Demandantes;Ambos sexos;De 45 a 64 años;1576,16666664;
Mairena del Aljarafe;2011;Demandantes;Ambos sexos;TOTAL;4441,83333329;
Mairena del Aljarafe;2012;Demandantes;Hombres;De 16 a 29 años;530,91666667;
Mairena del Aljarafe;2012;Demandantes;Hombres;De 30 a 44 años;946,91666663;
Mairena del Aljarafe;2012;Demandantes;Hombres;De 45 a 64 años;737,91666664;
Mairena del Aljarafe;2012;Demandantes;Hombres;TOTAL;2215,74999994;
Mairena del Aljarafe;2012;Demandantes;Mujeres;De 16 a 29 años;537,41666668;
Mairena del Aljarafe;2012;Demandantes;Mujeres;De 30 a 44 años;1149,08333332;
Mairena del Aljarafe;2012;Demandantes;Mujeres;De 45 a 64 años;1076,41666667;
Mairena del Aljarafe;2012;Demandantes;Mujeres;TOTAL;2762,91666667;
Mairena del Aljarafe;2012;Demandantes;Ambos sexos;De 16 a 29 años;1068,33333335;
Mairena del Aljarafe;2012;Demandantes;Ambos sexos;De 30 a 44 años;2095,99999995;
Mairena del Aljarafe;2012;Demandantes;Ambos sexos;De 45 a 64 años;1814,33333331;
Mairena del Aljarafe;2012;Demandantes;Ambos sexos;TOTAL;4978,66666661;
Marchena;2010;Demandantes;Hombres;De 16 a 29 años;298,91666666;
Marchena;2010;Demandantes;Hombres;De 30 a 44 años;438,00000001;
Marchena;2010;Demandantes;Hombres;De 45 a 64 años;287,99999998;
Marchena;2010;Demandantes;Hombres;TOTAL;1024,91666665;
Marchena;2010;Demandantes;Mujeres;De 16 a 29 años;305,24999999;
Marchena;2010;Demandantes;Mujeres;De 30 a 44 años;552,91666667;
Marchena;2010;Demandantes;Mujeres;De 45 a 64 años;333,16666668;
Marchena;2010;Demandantes;Mujeres;TOTAL;1191,33333334;
Marchena;2010;Demandantes;Ambos sexos;De 16 a 29 años;604,16666665;
Marchena;2010;Demandantes;Ambos sexos;De 30 a 44 años;990,91666668;
Marchena;2010;Demandantes;Ambos sexos;De 45 a 64 años;621,16666666;
Marchena;2010;Demandantes;Ambos sexos;TOTAL;2216,24999999;
Marchena;2011;Demandantes;Hombres;De 16 a 29 años;303,24999999;
Marchena;2011;Demandantes;Hombres;De 30 a 44 años;445,33333333;
Marchena;2011;Demandantes;Hombres;De 45 a 64 años;326,08333332;
Marchena;2011;Demandantes;Hombres;TOTAL;1074,66666664;
Marchena;2011;Demandantes;Mujeres;De 16 a 29 años;342,66666666;
Marchena;2011;Demandantes;Mujeres;De 30 a 44 años;550;
Marchena;2011;Demandantes;Mujeres;De 45 a 64 años;341,83333333;
Marchena;2011;Demandantes;Mujeres;TOTAL;1234,49999999;
Marchena;2011;Demandantes;Ambos sexos;De 16 a 29 años;645,91666665;
Marchena;2011;Demandantes;Ambos sexos;De 30 a 44 años;995,33333333;
Marchena;2011;Demandantes;Ambos sexos;De 45 a 64 años;667,91666665;
Marchena;2011;Demandantes;Ambos sexos;TOTAL;2309,16666663;
Marchena;2012;Demandantes;Hombres;De 16 a 29 años;346,91666668;
Marchena;2012;Demandantes;Hombres;De 30 a 44 años;490,83333333;
Marchena;2012;Demandantes;Hombres;De 45 a 64 años;387,25;
Marchena;2012;Demandantes;Hombres;TOTAL;1225,00000001;
Marchena;2012;Demandantes;Mujeres;De 16 a 29 años;373,50000001;
Marchena;2012;Demandantes;Mujeres;De 30 a 44 años;597,58333334;
Marchena;2012;Demandantes;Mujeres;De 45 a 64 años;385,58333334;
Marchena;2012;Demandantes;Mujeres;TOTAL;1356,66666669;
Marchena;2012;Demandantes;Ambos sexos;De 16 a 29 años;720,41666669;
Marchena;2012;Demandantes;Ambos sexos;De 30 a 44 años;1088,41666667;
Marchena;2012;Demandantes;Ambos sexos;De 45 a 64 años;772,83333334;
Marchena;2012;Demandantes;Ambos sexos;TOTAL;2581,6666667;
Marinaleda;2010;Demandantes;Hombres;De 16 a 29 años;15,83333332;
Marinaleda;2010;Demandantes;Hombres;De 30 a 44 años;38,91666666;
Marinaleda;2010;Demandantes;Hombres;De 45 a 64 años;22,41666668;
Marinaleda;2010;Demandantes;Hombres;TOTAL;77,16666666;
Marinaleda;2010;Demandantes;Mujeres;De 16 a 29 años;10,41666665;
Marinaleda;2010;Demandantes;Mujeres;De 30 a 44 años;21,99999998;
Marinaleda;2010;Demandantes;Mujeres;De 45 a 64 años;5,83333333;
Marinaleda;2010;Demandantes;Mujeres;TOTAL;38,24999996;
Marinaleda;2010;Demandantes;Ambos sexos;De 16 a 29 años;26,24999997;
Marinaleda;2010;Demandantes;Ambos sexos;De 30 a 44 años;60,91666664;
Marinaleda;2010;Demandantes;Ambos sexos;De 45 a 64 años;28,25000001;
Marinaleda;2010;Demandantes;Ambos sexos;TOTAL;115,41666662;
Marinaleda;2011;Demandantes;Hombres;De 16 a 29 años;10,74999999;
Marinaleda;2011;Demandantes;Hombres;De 30 a 44 años;38,83333333;
Marinaleda;2011;Demandantes;Hombres;De 45 a 64 años;23,83333333;
Marinaleda;2011;Demandantes;Hombres;TOTAL;73,41666665;
Marinaleda;2011;Demandantes;Mujeres;De 16 a 29 años;12,25;
Marinaleda;2011;Demandantes;Mujeres;De 30 a 44 años;19,83333335;
Marinaleda;2011;Demandantes;Mujeres;De 45 a 64 años;6,08333332;
Marinaleda;2011;Demandantes;Mujeres;TOTAL;38,16666667;
Marinaleda;2011;Demandantes;Ambos sexos;De 16 a 29 años;22,99999999;
Marinaleda;2011;Demandantes;Ambos sexos;De 30 a 44 años;58,66666668;
Marinaleda;2011;Demandantes;Ambos sexos;De 45 a 64 años;29,91666665;
Marinaleda;2011;Demandantes;Ambos sexos;TOTAL;111,58333332;
Marinaleda;2012;Demandantes;Hombres;De 16 a 29 años;13,49999999;
Marinaleda;2012;Demandantes;Hombres;De 30 a 44 años;52,5;
Marinaleda;2012;Demandantes;Hombres;De 45 a 64 años;28,75;
Marinaleda;2012;Demandantes;Hombres;TOTAL;94,74999999;
Marinaleda;2012;Demandantes;Mujeres;De 16 a 29 años;20,33333333;
Marinaleda;2012;Demandantes;Mujeres;De 30 a 44 años;21,41666668;
Marinaleda;2012;Demandantes;Mujeres;De 45 a 64 años;5,08333334;
Marinaleda;2012;Demandantes;Mujeres;TOTAL;46,83333335;
Marinaleda;2012;Demandantes;Ambos sexos;De 16 a 29 años;33,83333332;
Marinaleda;2012;Demandantes;Ambos sexos;De 30 a 44 años;73,91666668;
Marinaleda;2012;Demandantes;Ambos sexos;De 45 a 64 años;33,83333334;
Marinaleda;2012;Demandantes;Ambos sexos;TOTAL;141,58333334;
Martín de la Jara;2010;Demandantes;Hombres;De 16 a 29 años;37,5;
Martín de la Jara;2010;Demandantes;Hombres;De 30 a 44 años;47,49999999;
Martín de la Jara;2010;Demandantes;Hombres;De 45 a 64 años;37,25000001;
Martín de la Jara;2010;Demandantes;Hombres;TOTAL;122,25;
Martín de la Jara;2010;Demandantes;Mujeres;De 16 a 29 años;29,00000001;
Martín de la Jara;2010;Demandantes;Mujeres;De 30 a 44 años;24,66666666;
Martín de la Jara;2010;Demandantes;Mujeres;De 45 a 64 años;6,91666666;
Martín de la Jara;2010;Demandantes;Mujeres;TOTAL;60,58333333;
Martín de la Jara;2010;Demandantes;Ambos sexos;De 16 a 29 años;66,50000001;
Martín de la Jara;2010;Demandantes;Ambos sexos;De 30 a 44 años;72,16666665;
Martín de la Jara;2010;Demandantes;Ambos sexos;De 45 a 64 años;44,16666667;
Martín de la Jara;2010;Demandantes;Ambos sexos;TOTAL;182,83333333;
Martín de la Jara;2011;Demandantes;Hombres;De 16 a 29 años;37,41666666;
Martín de la Jara;2011;Demandantes;Hombres;De 30 a 44 años;47,08333333;
Martín de la Jara;2011;Demandantes;Hombres;De 45 a 64 años;40;
Martín de la Jara;2011;Demandantes;Hombres;TOTAL;124,49999999;
Martín de la Jara;2011;Demandantes;Mujeres;De 16 a 29 años;30,58333332;
Martín de la Jara;2011;Demandantes;Mujeres;De 30 a 44 años;22,25;
Martín de la Jara;2011;Demandantes;Mujeres;De 45 a 64 años;7,33333333;
Martín de la Jara;2011;Demandantes;Mujeres;TOTAL;60,16666665;
Martín de la Jara;2011;Demandantes;Ambos sexos;De 16 a 29 años;67,99999998;
Martín de la Jara;2011;Demandantes;Ambos sexos;De 30 a 44 años;69,33333333;
Martín de la Jara;2011;Demandantes;Ambos sexos;De 45 a 64 años;47,33333333;
Martín de la Jara;2011;Demandantes;Ambos sexos;TOTAL;184,66666664;
Martín de la Jara;2012;Demandantes;Hombres;De 16 a 29 años;30,41666665;
Martín de la Jara;2012;Demandantes;Hombres;De 30 a 44 años;50,08333335;
Martín de la Jara;2012;Demandantes;Hombres;De 45 a 64 años;46,16666667;
Martín de la Jara;2012;Demandantes;Hombres;TOTAL;126,66666667;
Martín de la Jara;2012;Demandantes;Mujeres;De 16 a 29 años;32,66666667;
Martín de la Jara;2012;Demandantes;Mujeres;De 30 a 44 años;25,58333333;
Martín de la Jara;2012;Demandantes;Mujeres;De 45 a 64 años;10,41666667;
Martín de la Jara;2012;Demandantes;Mujeres;TOTAL;68,66666667;
Martín de la Jara;2012;Demandantes;Ambos sexos;De 16 a 29 años;63,08333332;
Martín de la Jara;2012;Demandantes;Ambos sexos;De 30 a 44 años;75,66666668;
Martín de la Jara;2012;Demandantes;Ambos sexos;De 45 a 64 años;56,58333334;
Martín de la Jara;2012;Demandantes;Ambos sexos;TOTAL;195,33333334;
Montellano;2010;Demandantes;Hombres;De 16 a 29 años;105,49999999;
Montellano;2010;Demandantes;Hombres;De 30 a 44 años;150,08333332;
Montellano;2010;Demandantes;Hombres;De 45 a 64 años;117,58333334;
Montellano;2010;Demandantes;Hombres;TOTAL;373,16666665;
Montellano;2010;Demandantes;Mujeres;De 16 a 29 años;79,58333334;
Montellano;2010;Demandantes;Mujeres;De 30 a 44 años;79,41666666;
Montellano;2010;Demandantes;Mujeres;De 45 a 64 años;38,08333334;
Montellano;2010;Demandantes;Mujeres;TOTAL;197,08333334;
Montellano;2010;Demandantes;Ambos sexos;De 16 a 29 años;185,08333333;
Montellano;2010;Demandantes;Ambos sexos;De 30 a 44 años;229,49999998;
Montellano;2010;Demandantes;Ambos sexos;De 45 a 64 años;155,66666668;
Montellano;2010;Demandantes;Ambos sexos;TOTAL;570,24999999;
Montellano;2011;Demandantes;Hombres;De 16 a 29 años;113,66666666;
Montellano;2011;Demandantes;Hombres;De 30 a 44 años;163,83333334;
Montellano;2011;Demandantes;Hombres;De 45 a 64 años;137,58333334;
Montellano;2011;Demandantes;Hombres;TOTAL;415,08333334;
Montellano;2011;Demandantes;Mujeres;De 16 a 29 años;75,91666667;
Montellano;2011;Demandantes;Mujeres;De 30 a 44 años;99,66666666;
Montellano;2011;Demandantes;Mujeres;De 45 a 64 años;44,75;
Montellano;2011;Demandantes;Mujeres;TOTAL;220,33333333;
Montellano;2011;Demandantes;Ambos sexos;De 16 a 29 años;189,58333333;
Montellano;2011;Demandantes;Ambos sexos;De 30 a 44 años;263,5;
Montellano;2011;Demandantes;Ambos sexos;De 45 a 64 años;182,33333334;
Montellano;2011;Demandantes;Ambos sexos;TOTAL;635,41666667;
Montellano;2012;Demandantes;Hombres;De 16 a 29 años;130,58333333;
Montellano;2012;Demandantes;Hombres;De 30 a 44 años;173,58333331;
Montellano;2012;Demandantes;Hombres;De 45 a 64 años;156,66666667;
Montellano;2012;Demandantes;Hombres;TOTAL;460,83333331;
Montellano;2012;Demandantes;Mujeres;De 16 a 29 años;83,58333335;
Montellano;2012;Demandantes;Mujeres;De 30 a 44 años;102,33333337;
Montellano;2012;Demandantes;Mujeres;De 45 a 64 años;49,25;
Montellano;2012;Demandantes;Mujeres;TOTAL;235,16666672;
Montellano;2012;Demandantes;Ambos sexos;De 16 a 29 años;214,16666668;
Montellano;2012;Demandantes;Ambos sexos;De 30 a 44 años;275,91666668;
Montellano;2012;Demandantes;Ambos sexos;De 45 a 64 años;205,91666667;
Montellano;2012;Demandantes;Ambos sexos;TOTAL;696,00000003;
Morón de la Frontera;2010;Demandantes;Hombres;De 16 a 29 años;439,91666667;
Morón de la Frontera;2010;Demandantes;Hombres;De 30 a 44 años;637,91666668;
Morón de la Frontera;2010;Demandantes;Hombres;De 45 a 64 años;538,41666665;
Morón de la Frontera;2010;Demandantes;Hombres;TOTAL;1616,25;
Morón de la Frontera;2010;Demandantes;Mujeres;De 16 a 29 años;402,33333332;
Morón de la Frontera;2010;Demandantes;Mujeres;De 30 a 44 años;653,16666667;
Morón de la Frontera;2010;Demandantes;Mujeres;De 45 a 64 años;640;
Morón de la Frontera;2010;Demandantes;Mujeres;TOTAL;1695,49999999;
Morón de la Frontera;2010;Demandantes;Ambos sexos;De 16 a 29 años;842,24999999;
Morón de la Frontera;2010;Demandantes;Ambos sexos;De 30 a 44 años;1291,08333335;
Morón de la Frontera;2010;Demandantes;Ambos sexos;De 45 a 64 años;1178,41666665;
Morón de la Frontera;2010;Demandantes;Ambos sexos;TOTAL;3311,74999999;
Morón de la Frontera;2011;Demandantes;Hombres;De 16 a 29 años;474,41666667;
Morón de la Frontera;2011;Demandantes;Hombres;De 30 a 44 años;621,75000002;
Morón de la Frontera;2011;Demandantes;Hombres;De 45 a 64 años;574,16666666;
Morón de la Frontera;2011;Demandantes;Hombres;TOTAL;1670,33333335;
Morón de la Frontera;2011;Demandantes;Mujeres;De 16 a 29 años;440;
Morón de la Frontera;2011;Demandantes;Mujeres;De 30 a 44 años;675,33333335;
Morón de la Frontera;2011;Demandantes;Mujeres;De 45 a 64 años;670,41666666;
Morón de la Frontera;2011;Demandantes;Mujeres;TOTAL;1785,75000001;
Morón de la Frontera;2011;Demandantes;Ambos sexos;De 16 a 29 años;914,41666667;
Morón de la Frontera;2011;Demandantes;Ambos sexos;De 30 a 44 años;1297,08333337;
Morón de la Frontera;2011;Demandantes;Ambos sexos;De 45 a 64 años;1244,58333332;
Morón de la Frontera;2011;Demandantes;Ambos sexos;TOTAL;3456,08333336;
Morón de la Frontera;2012;Demandantes;Hombres;De 16 a 29 años;516,99999999;
Morón de la Frontera;2012;Demandantes;Hombres;De 30 a 44 años;720,24999999;
Morón de la Frontera;2012;Demandantes;Hombres;De 45 a 64 años;677,00000001;
Morón de la Frontera;2012;Demandantes;Hombres;TOTAL;1914,24999999;
Morón de la Frontera;2012;Demandantes;Mujeres;De 16 a 29 años;495,58333332;
Morón de la Frontera;2012;Demandantes;Mujeres;De 30 a 44 años;731,08333334;
Morón de la Frontera;2012;Demandantes;Mujeres;De 45 a 64 años;748;
Morón de la Frontera;2012;Demandantes;Mujeres;TOTAL;1974,66666666;
Morón de la Frontera;2012;Demandantes;Ambos sexos;De 16 a 29 años;1012,58333331;
Morón de la Frontera;2012;Demandantes;Ambos sexos;De 30 a 44 años;1451,33333333;
Morón de la Frontera;2012;Demandantes;Ambos sexos;De 45 a 64 años;1425,00000001;
Morón de la Frontera;2012;Demandantes;Ambos sexos;TOTAL;3888,91666665;
Olivares;2010;Demandantes;Hombres;De 16 a 29 años;156,49999998;
Olivares;2010;Demandantes;Hombres;De 30 a 44 años;252,33333335;
Olivares;2010;Demandantes;Hombres;De 45 a 64 años;193,83333331;
Olivares;2010;Demandantes;Hombres;TOTAL;602,66666664;
Olivares;2010;Demandantes;Mujeres;De 16 a 29 años;134,16666667;
Olivares;2010;Demandantes;Mujeres;De 30 a 44 años;245,08333332;
Olivares;2010;Demandantes;Mujeres;De 45 a 64 años;207,75;
Olivares;2010;Demandantes;Mujeres;TOTAL;586,99999999;
Olivares;2010;Demandantes;Ambos sexos;De 16 a 29 años;290,66666665;
Olivares;2010;Demandantes;Ambos sexos;De 30 a 44 años;497,41666667;
Olivares;2010;Demandantes;Ambos sexos;De 45 a 64 años;401,58333331;
Olivares;2010;Demandantes;Ambos sexos;TOTAL;1189,66666663;
Olivares;2011;Demandantes;Hombres;De 16 a 29 años;168,66666667;
Olivares;2011;Demandantes;Hombres;De 30 a 44 años;256,08333336;
Olivares;2011;Demandantes;Hombres;De 45 a 64 años;216,50000001;
Olivares;2011;Demandantes;Hombres;TOTAL;641,25000004;
Olivares;2011;Demandantes;Mujeres;De 16 a 29 años;130,41666666;
Olivares;2011;Demandantes;Mujeres;De 30 a 44 años;257,08333336;
Olivares;2011;Demandantes;Mujeres;De 45 a 64 años;225,25000001;
Olivares;2011;Demandantes;Mujeres;TOTAL;612,75000003;
Olivares;2011;Demandantes;Ambos sexos;De 16 a 29 años;299,08333333;
Olivares;2011;Demandantes;Ambos sexos;De 30 a 44 años;513,16666672;
Olivares;2011;Demandantes;Ambos sexos;De 45 a 64 años;441,75000002;
Olivares;2011;Demandantes;Ambos sexos;TOTAL;1254,00000007;
Olivares;2012;Demandantes;Hombres;De 16 a 29 años;187,91666667;
Olivares;2012;Demandantes;Hombres;De 30 a 44 años;286,49999998;
Olivares;2012;Demandantes;Hombres;De 45 a 64 años;250,16666667;
Olivares;2012;Demandantes;Hombres;TOTAL;724,58333332;
Olivares;2012;Demandantes;Mujeres;De 16 a 29 años;157,5;
Olivares;2012;Demandantes;Mujeres;De 30 a 44 años;283,75000002;
Olivares;2012;Demandantes;Mujeres;De 45 a 64 años;243,00000002;
Olivares;2012;Demandantes;Mujeres;TOTAL;684,25000004;
Olivares;2012;Demandantes;Ambos sexos;De 16 a 29 años;345,41666667;
Olivares;2012;Demandantes;Ambos sexos;De 30 a 44 años;570,25;
Olivares;2012;Demandantes;Ambos sexos;De 45 a 64 años;493,16666669;
Olivares;2012;Demandantes;Ambos sexos;TOTAL;1408,83333336;
Osuna;2010;Demandantes;Hombres;De 16 a 29 años;209,24999999;
Osuna;2010;Demandantes;Hombres;De 30 a 44 años;278,66666665;
Osuna;2010;Demandantes;Hombres;De 45 a 64 años;192,41666665;
Osuna;2010;Demandantes;Hombres;TOTAL;680,33333329;
Osuna;2010;Demandantes;Mujeres;De 16 a 29 años;226,75000001;
Osuna;2010;Demandantes;Mujeres;De 30 a 44 años;282,91666666;
Osuna;2010;Demandantes;Mujeres;De 45 a 64 años;160,41666666;
Osuna;2010;Demandantes;Mujeres;TOTAL;670,08333333;
Osuna;2010;Demandantes;Ambos sexos;De 16 a 29 años;436;
Osuna;2010;Demandantes;Ambos sexos;De 30 a 44 años;561,58333331;
Osuna;2010;Demandantes;Ambos sexos;De 45 a 64 años;352,83333331;
Osuna;2010;Demandantes;Ambos sexos;TOTAL;1350,41666662;
Osuna;2011;Demandantes;Hombres;De 16 a 29 años;261,41666667;
Osuna;2011;Demandantes;Hombres;De 30 a 44 años;310,41666667;
Osuna;2011;Demandantes;Hombres;De 45 a 64 años;210,25000001;
Osuna;2011;Demandantes;Hombres;TOTAL;782,08333335;
Osuna;2011;Demandantes;Mujeres;De 16 a 29 años;280,99999998;
Osuna;2011;Demandantes;Mujeres;De 30 a 44 años;306,25;
Osuna;2011;Demandantes;Mujeres;De 45 a 64 años;185,58333335;
Osuna;2011;Demandantes;Mujeres;TOTAL;772,83333333;
Osuna;2011;Demandantes;Ambos sexos;De 16 a 29 años;542,41666665;
Osuna;2011;Demandantes;Ambos sexos;De 30 a 44 años;616,66666667;
Osuna;2011;Demandantes;Ambos sexos;De 45 a 64 años;395,83333336;
Osuna;2011;Demandantes;Ambos sexos;TOTAL;1554,91666668;
Osuna;2012;Demandantes;Hombres;De 16 a 29 años;295,91666666;
Osuna;2012;Demandantes;Hombres;De 30 a 44 años;358,50000001;
Osuna;2012;Demandantes;Hombres;De 45 a 64 años;273,24999998;
Osuna;2012;Demandantes;Hombres;TOTAL;927,66666665;
Osuna;2012;Demandantes;Mujeres;De 16 a 29 años;341,16666665;
Osuna;2012;Demandantes;Mujeres;De 30 a 44 años;377,74999998;
Osuna;2012;Demandantes;Mujeres;De 45 a 64 años;218,74999998;
Osuna;2012;Demandantes;Mujeres;TOTAL;937,66666661;
Osuna;2012;Demandantes;Ambos sexos;De 16 a 29 años;637,08333331;
Osuna;2012;Demandantes;Ambos sexos;De 30 a 44 años;736,24999999;
Osuna;2012;Demandantes;Ambos sexos;De 45 a 64 años;491,99999996;
Osuna;2012;Demandantes;Ambos sexos;TOTAL;1865,33333326;
Palomares del Río;2010;Demandantes;Hombres;De 16 a 29 años;71,33333333;
Palomares del Río;2010;Demandantes;Hombres;De 30 a 44 años;123,50000001;
Palomares del Río;2010;Demandantes;Hombres;De 45 a 64 años;78,58333335;
Palomares del Río;2010;Demandantes;Hombres;TOTAL;273,41666669;
Palomares del Río;2010;Demandantes;Mujeres;De 16 a 29 años;59,16666667;
Palomares del Río;2010;Demandantes;Mujeres;De 30 a 44 años;171,5;
Palomares del Río;2010;Demandantes;Mujeres;De 45 a 64 años;91,66666665;
Palomares del Río;2010;Demandantes;Mujeres;TOTAL;322,33333332;
Palomares del Río;2010;Demandantes;Ambos sexos;De 16 a 29 años;130,5;
Palomares del Río;2010;Demandantes;Ambos sexos;De 30 a 44 años;295,00000001;
Palomares del Río;2010;Demandantes;Ambos sexos;De 45 a 64 años;170,25;
Palomares del Río;2010;Demandantes;Ambos sexos;TOTAL;595,75000001;
Palomares del Río;2011;Demandantes;Hombres;De 16 a 29 años;80,41666665;
Palomares del Río;2011;Demandantes;Hombres;De 30 a 44 años;143,33333334;
Palomares del Río;2011;Demandantes;Hombres;De 45 a 64 años;95;
Palomares del Río;2011;Demandantes;Hombres;TOTAL;318,74999999;
Palomares del Río;2011;Demandantes;Mujeres;De 16 a 29 años;59,33333334;
Palomares del Río;2011;Demandantes;Mujeres;De 30 a 44 años;187,08333334;
Palomares del Río;2011;Demandantes;Mujeres;De 45 a 64 años;104,41666666;
Palomares del Río;2011;Demandantes;Mujeres;TOTAL;350,83333334;
Palomares del Río;2011;Demandantes;Ambos sexos;De 16 a 29 años;139,74999999;
Palomares del Río;2011;Demandantes;Ambos sexos;De 30 a 44 años;330,41666668;
Palomares del Río;2011;Demandantes;Ambos sexos;De 45 a 64 años;199,41666666;
Palomares del Río;2011;Demandantes;Ambos sexos;TOTAL;669,58333333;
Palomares del Río;2012;Demandantes;Hombres;De 16 a 29 años;83,58333331;
Palomares del Río;2012;Demandantes;Hombres;De 30 a 44 años;158;
Palomares del Río;2012;Demandantes;Hombres;De 45 a 64 años;124,25000001;
Palomares del Río;2012;Demandantes;Hombres;TOTAL;365,83333332;
Palomares del Río;2012;Demandantes;Mujeres;De 16 a 29 años;66,58333331;
Palomares del Río;2012;Demandantes;Mujeres;De 30 a 44 años;213;
Palomares del Río;2012;Demandantes;Mujeres;De 45 a 64 años;129,49999999;
Palomares del Río;2012;Demandantes;Mujeres;TOTAL;409,0833333;
Palomares del Río;2012;Demandantes;Ambos sexos;De 16 a 29 años;150,16666662;
Palomares del Río;2012;Demandantes;Ambos sexos;De 30 a 44 años;371;
Palomares del Río;2012;Demandantes;Ambos sexos;De 45 a 64 años;253,75;
Palomares del Río;2012;Demandantes;Ambos sexos;TOTAL;774,91666662;
Paradas;2010;Demandantes;Hombres;De 16 a 29 años;79,33333333;
Paradas;2010;Demandantes;Hombres;De 30 a 44 años;115,25;
Paradas;2010;Demandantes;Hombres;De 45 a 64 años;110,83333333;
Paradas;2010;Demandantes;Hombres;TOTAL;305,41666666;
Paradas;2010;Demandantes;Mujeres;De 16 a 29 años;54,16666667;
Paradas;2010;Demandantes;Mujeres;De 30 a 44 años;77,58333335;
Paradas;2010;Demandantes;Mujeres;De 45 a 64 años;35,66666667;
Paradas;2010;Demandantes;Mujeres;TOTAL;167,41666669;
Paradas;2010;Demandantes;Ambos sexos;De 16 a 29 años;133,5;
Paradas;2010;Demandantes;Ambos sexos;De 30 a 44 años;192,83333335;
Paradas;2010;Demandantes;Ambos sexos;De 45 a 64 años;146,5;
Paradas;2010;Demandantes;Ambos sexos;TOTAL;472,83333335;
Paradas;2011;Demandantes;Hombres;De 16 a 29 años;83,33333332;
Paradas;2011;Demandantes;Hombres;De 30 a 44 años;118,83333333;
Paradas;2011;Demandantes;Hombres;De 45 a 64 años;118,33333332;
Paradas;2011;Demandantes;Hombres;TOTAL;320,49999997;
Paradas;2011;Demandantes;Mujeres;De 16 a 29 años;76,25;
Paradas;2011;Demandantes;Mujeres;De 30 a 44 años;82,25;
Paradas;2011;Demandantes;Mujeres;De 45 a 64 años;44,91666666;
Paradas;2011;Demandantes;Mujeres;TOTAL;203,41666666;
Paradas;2011;Demandantes;Ambos sexos;De 16 a 29 años;159,58333332;
Paradas;2011;Demandantes;Ambos sexos;De 30 a 44 años;201,08333333;
Paradas;2011;Demandantes;Ambos sexos;De 45 a 64 años;163,24999998;
Paradas;2011;Demandantes;Ambos sexos;TOTAL;523,91666663;
Paradas;2012;Demandantes;Hombres;De 16 a 29 años;96,00000002;
Paradas;2012;Demandantes;Hombres;De 30 a 44 años;132,16666666;
Paradas;2012;Demandantes;Hombres;De 45 a 64 años;133,74999999;
Paradas;2012;Demandantes;Hombres;TOTAL;361,91666667;
Paradas;2012;Demandantes;Mujeres;De 16 a 29 años;104,08333333;
Paradas;2012;Demandantes;Mujeres;De 30 a 44 años;101,41666667;
Paradas;2012;Demandantes;Mujeres;De 45 a 64 años;55,83333335;
Paradas;2012;Demandantes;Mujeres;TOTAL;261,33333335;
Paradas;2012;Demandantes;Ambos sexos;De 16 a 29 años;200,08333335;
Paradas;2012;Demandantes;Ambos sexos;De 30 a 44 años;233,58333333;
Paradas;2012;Demandantes;Ambos sexos;De 45 a 64 años;189,58333334;
Paradas;2012;Demandantes;Ambos sexos;TOTAL;623,25000002;
Pedrera;2010;Demandantes;Hombres;De 16 a 29 años;70,66666666;
Pedrera;2010;Demandantes;Hombres;De 30 a 44 años;75,16666666;
Pedrera;2010;Demandantes;Hombres;De 45 a 64 años;72,16666667;
Pedrera;2010;Demandantes;Hombres;TOTAL;217,99999999;
Pedrera;2010;Demandantes;Mujeres;De 16 a 29 años;44,58333332;
Pedrera;2010;Demandantes;Mujeres;De 30 a 44 años;66,74999999;
Pedrera;2010;Demandantes;Mujeres;De 45 a 64 años;24,33333333;
Pedrera;2010;Demandantes;Mujeres;TOTAL;135,66666664;
Pedrera;2010;Demandantes;Ambos sexos;De 16 a 29 años;115,24999998;
Pedrera;2010;Demandantes;Ambos sexos;De 30 a 44 años;141,91666665;
Pedrera;2010;Demandantes;Ambos sexos;De 45 a 64 años;96,5;
Pedrera;2010;Demandantes;Ambos sexos;TOTAL;353,66666663;
Pedrera;2011;Demandantes;Hombres;De 16 a 29 años;67,83333333;
Pedrera;2011;Demandantes;Hombres;De 30 a 44 años;77,66666666;
Pedrera;2011;Demandantes;Hombres;De 45 a 64 años;76,58333334;
Pedrera;2011;Demandantes;Hombres;TOTAL;222,08333333;
Pedrera;2011;Demandantes;Mujeres;De 16 a 29 años;62,49999999;
Pedrera;2011;Demandantes;Mujeres;De 30 a 44 años;69,41666665;
Pedrera;2011;Demandantes;Mujeres;De 45 a 64 años;27,41666668;
Pedrera;2011;Demandantes;Mujeres;TOTAL;159,33333332;
Pedrera;2011;Demandantes;Ambos sexos;De 16 a 29 años;130,33333332;
Pedrera;2011;Demandantes;Ambos sexos;De 30 a 44 años;147,08333331;
Pedrera;2011;Demandantes;Ambos sexos;De 45 a 64 años;104,00000002;
Pedrera;2011;Demandantes;Ambos sexos;TOTAL;381,41666665;
Pedrera;2012;Demandantes;Hombres;De 16 a 29 años;71;
Pedrera;2012;Demandantes;Hombres;De 30 a 44 años;82,25;
Pedrera;2012;Demandantes;Hombres;De 45 a 64 años;97,24999998;
Pedrera;2012;Demandantes;Hombres;TOTAL;250,49999998;
Pedrera;2012;Demandantes;Mujeres;De 16 a 29 años;77,41666667;
Pedrera;2012;Demandantes;Mujeres;De 30 a 44 años;83,08333337;
Pedrera;2012;Demandantes;Mujeres;De 45 a 64 años;27;
Pedrera;2012;Demandantes;Mujeres;TOTAL;187,50000004;
Pedrera;2012;Demandantes;Ambos sexos;De 16 a 29 años;148,41666667;
Pedrera;2012;Demandantes;Ambos sexos;De 30 a 44 años;165,33333337;
Pedrera;2012;Demandantes;Ambos sexos;De 45 a 64 años;124,24999998;
Pedrera;2012;Demandantes;Ambos sexos;TOTAL;438,00000002;
Peñaflor;2010;Demandantes;Hombres;De 16 a 29 años;25,83333333;
Peñaflor;2010;Demandantes;Hombres;De 30 a 44 años;48,33333335;
Peñaflor;2010;Demandantes;Hombres;De 45 a 64 años;53,33333333;
Peñaflor;2010;Demandantes;Hombres;TOTAL;127,50000001;
Peñaflor;2010;Demandantes;Mujeres;De 16 a 29 años;19,58333334;
Peñaflor;2010;Demandantes;Mujeres;De 30 a 44 años;28,25000001;
Peñaflor;2010;Demandantes;Mujeres;De 45 a 64 años;11,58333334;
Peñaflor;2010;Demandantes;Mujeres;TOTAL;59,41666669;
Peñaflor;2010;Demandantes;Ambos sexos;De 16 a 29 años;45,41666667;
Peñaflor;2010;Demandantes;Ambos sexos;De 30 a 44 años;76,58333336;
Peñaflor;2010;Demandantes;Ambos sexos;De 45 a 64 años;64,91666667;
Peñaflor;2010;Demandantes;Ambos sexos;TOTAL;186,9166667;
Peñaflor;2011;Demandantes;Hombres;De 16 a 29 años;21,58333334;
Peñaflor;2011;Demandantes;Hombres;De 30 a 44 años;50,24999999;
Peñaflor;2011;Demandantes;Hombres;De 45 a 64 años;49,08333333;
Peñaflor;2011;Demandantes;Hombres;TOTAL;120,91666666;
Peñaflor;2011;Demandantes;Mujeres;De 16 a 29 años;23,83333332;
Peñaflor;2011;Demandantes;Mujeres;De 30 a 44 años;26,58333334;
Peñaflor;2011;Demandantes;Mujeres;De 45 a 64 años;13,08333332;
Peñaflor;2011;Demandantes;Mujeres;TOTAL;63,49999998;
Peñaflor;2011;Demandantes;Ambos sexos;De 16 a 29 años;45,41666666;
Peñaflor;2011;Demandantes;Ambos sexos;De 30 a 44 años;76,83333333;
Peñaflor;2011;Demandantes;Ambos sexos;De 45 a 64 años;62,16666665;
Peñaflor;2011;Demandantes;Ambos sexos;TOTAL;184,41666664;
Peñaflor;2012;Demandantes;Hombres;De 16 a 29 años;28,41666667;
Peñaflor;2012;Demandantes;Hombres;De 30 a 44 años;42,66666668;
Peñaflor;2012;Demandantes;Hombres;De 45 a 64 años;55,74999999;
Peñaflor;2012;Demandantes;Hombres;TOTAL;126,83333334;
Peñaflor;2012;Demandantes;Mujeres;De 16 a 29 años;34,66666668;
Peñaflor;2012;Demandantes;Mujeres;De 30 a 44 años;35,24999999;
Peñaflor;2012;Demandantes;Mujeres;De 45 a 64 años;16,25000001;
Peñaflor;2012;Demandantes;Mujeres;TOTAL;86,16666668;
Peñaflor;2012;Demandantes;Ambos sexos;De 16 a 29 años;63,08333335;
Peñaflor;2012;Demandantes;Ambos sexos;De 30 a 44 años;77,91666667;
Peñaflor;2012;Demandantes;Ambos sexos;De 45 a 64 años;72;
Peñaflor;2012;Demandantes;Ambos sexos;TOTAL;213,00000002;
Pilas;2010;Demandantes;Hombres;De 16 a 29 años;189,16666666;
Pilas;2010;Demandantes;Hombres;De 30 a 44 años;290,41666667;
Pilas;2010;Demandantes;Hombres;De 45 a 64 años;129,58333334;
Pilas;2010;Demandantes;Hombres;TOTAL;609,16666667;
Pilas;2010;Demandantes;Mujeres;De 16 a 29 años;133,74999998;
Pilas;2010;Demandantes;Mujeres;De 30 a 44 años;222,75000001;
Pilas;2010;Demandantes;Mujeres;De 45 a 64 años;78,58333333;
Pilas;2010;Demandantes;Mujeres;TOTAL;435,08333332;
Pilas;2010;Demandantes;Ambos sexos;De 16 a 29 años;322,91666664;
Pilas;2010;Demandantes;Ambos sexos;De 30 a 44 años;513,16666668;
Pilas;2010;Demandantes;Ambos sexos;De 45 a 64 años;208,16666667;
Pilas;2010;Demandantes;Ambos sexos;TOTAL;1044,24999999;
Pilas;2011;Demandantes;Hombres;De 16 a 29 años;196,83333333;
Pilas;2011;Demandantes;Hombres;De 30 a 44 años;302,91666669;
Pilas;2011;Demandantes;Hombres;De 45 a 64 años;153,33333333;
Pilas;2011;Demandantes;Hombres;TOTAL;653,08333335;
Pilas;2011;Demandantes;Mujeres;De 16 a 29 años;164,33333333;
Pilas;2011;Demandantes;Mujeres;De 30 a 44 años;256,41666665;
Pilas;2011;Demandantes;Mujeres;De 45 a 64 años;100,24999999;
Pilas;2011;Demandantes;Mujeres;TOTAL;520,99999997;
Pilas;2011;Demandantes;Ambos sexos;De 16 a 29 años;361,16666666;
Pilas;2011;Demandantes;Ambos sexos;De 30 a 44 años;559,33333334;
Pilas;2011;Demandantes;Ambos sexos;De 45 a 64 años;253,58333332;
Pilas;2011;Demandantes;Ambos sexos;TOTAL;1174,08333332;
Pilas;2012;Demandantes;Hombres;De 16 a 29 años;228,74999999;
Pilas;2012;Demandantes;Hombres;De 30 a 44 años;332,83333332;
Pilas;2012;Demandantes;Hombres;De 45 a 64 años;199,66666666;
Pilas;2012;Demandantes;Hombres;TOTAL;761,24999997;
Pilas;2012;Demandantes;Mujeres;De 16 a 29 años;203,08333333;
Pilas;2012;Demandantes;Mujeres;De 30 a 44 años;299,33333332;
Pilas;2012;Demandantes;Mujeres;De 45 a 64 años;108,83333331;
Pilas;2012;Demandantes;Mujeres;TOTAL;611,24999996;
Pilas;2012;Demandantes;Ambos sexos;De 16 a 29 años;431,83333332;
Pilas;2012;Demandantes;Ambos sexos;De 30 a 44 años;632,16666664;
Pilas;2012;Demandantes;Ambos sexos;De 45 a 64 años;308,49999997;
Pilas;2012;Demandantes;Ambos sexos;TOTAL;1372,49999993;
Pruna;2010;Demandantes;Hombres;De 16 a 29 años;27,08333334;
Pruna;2010;Demandantes;Hombres;De 30 a 44 años;40,08333333;
Pruna;2010;Demandantes;Hombres;De 45 a 64 años;27,5;
Pruna;2010;Demandantes;Hombres;TOTAL;94,66666667;
Pruna;2010;Demandantes;Mujeres;De 16 a 29 años;14,83333333;
Pruna;2010;Demandantes;Mujeres;De 30 a 44 años;16,25000001;
Pruna;2010;Demandantes;Mujeres;De 45 a 64 años;8,74999998;
Pruna;2010;Demandantes;Mujeres;TOTAL;39,83333332;
Pruna;2010;Demandantes;Ambos sexos;De 16 a 29 años;41,91666667;
Pruna;2010;Demandantes;Ambos sexos;De 30 a 44 años;56,33333334;
Pruna;2010;Demandantes;Ambos sexos;De 45 a 64 años;36,24999998;
Pruna;2010;Demandantes;Ambos sexos;TOTAL;134,49999999;
Pruna;2011;Demandantes;Hombres;De 16 a 29 años;26;
Pruna;2011;Demandantes;Hombres;De 30 a 44 años;37;
Pruna;2011;Demandantes;Hombres;De 45 a 64 años;26,16666667;
Pruna;2011;Demandantes;Hombres;TOTAL;89,16666667;
Pruna;2011;Demandantes;Mujeres;De 16 a 29 años;15,75;
Pruna;2011;Demandantes;Mujeres;De 30 a 44 años;16,16666667;
Pruna;2011;Demandantes;Mujeres;De 45 a 64 años;10,41666667;
Pruna;2011;Demandantes;Mujeres;TOTAL;42,33333334;
Pruna;2011;Demandantes;Ambos sexos;De 16 a 29 años;41,75;
Pruna;2011;Demandantes;Ambos sexos;De 30 a 44 años;53,16666667;
Pruna;2011;Demandantes;Ambos sexos;De 45 a 64 años;36,58333334;
Pruna;2011;Demandantes;Ambos sexos;TOTAL;131,50000001;
Pruna;2012;Demandantes;Hombres;De 16 a 29 años;31,41666668;
Pruna;2012;Demandantes;Hombres;De 30 a 44 años;37,74999999;
Pruna;2012;Demandantes;Hombres;De 45 a 64 años;28,91666667;
Pruna;2012;Demandantes;Hombres;TOTAL;98,08333334;
Pruna;2012;Demandantes;Mujeres;De 16 a 29 años;24,58333335;
Pruna;2012;Demandantes;Mujeres;De 30 a 44 años;18,08333333;
Pruna;2012;Demandantes;Mujeres;De 45 a 64 años;11,58333333;
Pruna;2012;Demandantes;Mujeres;TOTAL;54,25000001;
Pruna;2012;Demandantes;Ambos sexos;De 16 a 29 años;56,00000003;
Pruna;2012;Demandantes;Ambos sexos;De 30 a 44 años;55,83333332;
Pruna;2012;Demandantes;Ambos sexos;De 45 a 64 años;40,5;
Pruna;2012;Demandantes;Ambos sexos;TOTAL;152,33333335;
Salteras;2010;Demandantes;Hombres;De 16 a 29 años;52,83333332;
Salteras;2010;Demandantes;Hombres;De 30 a 44 años;91,08333335;
Salteras;2010;Demandantes;Hombres;De 45 a 64 años;86,16666667;
Salteras;2010;Demandantes;Hombres;TOTAL;230,08333334;
Salteras;2010;Demandantes;Mujeres;De 16 a 29 años;50,08333332;
Salteras;2010;Demandantes;Mujeres;De 30 a 44 años;121,83333334;
Salteras;2010;Demandantes;Mujeres;De 45 a 64 años;99,25;
Salteras;2010;Demandantes;Mujeres;TOTAL;271,16666666;
Salteras;2010;Demandantes;Ambos sexos;De 16 a 29 años;102,91666664;
Salteras;2010;Demandantes;Ambos sexos;De 30 a 44 años;212,91666669;
Salteras;2010;Demandantes;Ambos sexos;De 45 a 64 años;185,41666667;
Salteras;2010;Demandantes;Ambos sexos;TOTAL;501,25;
Salteras;2011;Demandantes;Hombres;De 16 a 29 años;48,41666668;
Salteras;2011;Demandantes;Hombres;De 30 a 44 años;95,49999999;
Salteras;2011;Demandantes;Hombres;De 45 a 64 años;84,91666668;
Salteras;2011;Demandantes;Hombres;TOTAL;228,83333335;
Salteras;2011;Demandantes;Mujeres;De 16 a 29 años;54,41666668;
Salteras;2011;Demandantes;Mujeres;De 30 a 44 años;151,25;
Salteras;2011;Demandantes;Mujeres;De 45 a 64 años;113,16666665;
Salteras;2011;Demandantes;Mujeres;TOTAL;318,83333333;
Salteras;2011;Demandantes;Ambos sexos;De 16 a 29 años;102,83333336;
Salteras;2011;Demandantes;Ambos sexos;De 30 a 44 años;246,74999999;
Salteras;2011;Demandantes;Ambos sexos;De 45 a 64 años;198,08333333;
Salteras;2011;Demandantes;Ambos sexos;TOTAL;547,66666668;
Salteras;2012;Demandantes;Hombres;De 16 a 29 años;64,58333333;
Salteras;2012;Demandantes;Hombres;De 30 a 44 años;113,08333335;
Salteras;2012;Demandantes;Hombres;De 45 a 64 años;114,16666668;
Salteras;2012;Demandantes;Hombres;TOTAL;291,83333336;
Salteras;2012;Demandantes;Mujeres;De 16 a 29 años;76,83333332;
Salteras;2012;Demandantes;Mujeres;De 30 a 44 años;163,08333331;
Salteras;2012;Demandantes;Mujeres;De 45 a 64 años;140,25000001;
Salteras;2012;Demandantes;Mujeres;TOTAL;380,16666664;
Salteras;2012;Demandantes;Ambos sexos;De 16 a 29 años;141,41666665;
Salteras;2012;Demandantes;Ambos sexos;De 30 a 44 años;276,16666666;
Salteras;2012;Demandantes;Ambos sexos;De 45 a 64 años;254,41666669;
Salteras;2012;Demandantes;Ambos sexos;TOTAL;672;
San Juan de Aznalfarache;2010;Demandantes;Hombres;De 16 a 29 años;371,83333334;
San Juan de Aznalfarache;2010;Demandantes;Hombres;De 30 a 44 años;621,24999999;
San Juan de Aznalfarache;2010;Demandantes;Hombres;De 45 a 64 años;479;
San Juan de Aznalfarache;2010;Demandantes;Hombres;TOTAL;1472,08333333;
San Juan de Aznalfarache;2010;Demandantes;Mujeres;De 16 a 29 años;320,49999998;
San Juan de Aznalfarache;2010;Demandantes;Mujeres;De 30 a 44 años;611,08333335;
San Juan de Aznalfarache;2010;Demandantes;Mujeres;De 45 a 64 años;586,24999998;
San Juan de Aznalfarache;2010;Demandantes;Mujeres;TOTAL;1517,83333331;
San Juan de Aznalfarache;2010;Demandantes;Ambos sexos;De 16 a 29 años;692,33333332;
San Juan de Aznalfarache;2010;Demandantes;Ambos sexos;De 30 a 44 años;1232,33333334;
San Juan de Aznalfarache;2010;Demandantes;Ambos sexos;De 45 a 64 años;1065,24999998;
San Juan de Aznalfarache;2010;Demandantes;Ambos sexos;TOTAL;2989,91666664;
San Juan de Aznalfarache;2011;Demandantes;Hombres;De 16 a 29 años;370,74999999;
San Juan de Aznalfarache;2011;Demandantes;Hombres;De 30 a 44 años;667,33333336;
San Juan de Aznalfarache;2011;Demandantes;Hombres;De 45 a 64 años;508,00000001;
San Juan de Aznalfarache;2011;Demandantes;Hombres;TOTAL;1546,08333336;
San Juan de Aznalfarache;2011;Demandantes;Mujeres;De 16 a 29 años;342,75;
San Juan de Aznalfarache;2011;Demandantes;Mujeres;De 30 a 44 años;667,58333332;
San Juan de Aznalfarache;2011;Demandantes;Mujeres;De 45 a 64 años;617,74999998;
San Juan de Aznalfarache;2011;Demandantes;Mujeres;TOTAL;1628,0833333;
San Juan de Aznalfarache;2011;Demandantes;Ambos sexos;De 16 a 29 años;713,49999999;
San Juan de Aznalfarache;2011;Demandantes;Ambos sexos;De 30 a 44 años;1334,91666668;
San Juan de Aznalfarache;2011;Demandantes;Ambos sexos;De 45 a 64 años;1125,74999999;
San Juan de Aznalfarache;2011;Demandantes;Ambos sexos;TOTAL;3174,16666666;
San Juan de Aznalfarache;2012;Demandantes;Hombres;De 16 a 29 años;373,00000001;
San Juan de Aznalfarache;2012;Demandantes;Hombres;De 30 a 44 años;756,8333333;
San Juan de Aznalfarache;2012;Demandantes;Hombres;De 45 a 64 años;584,16666666;
San Juan de Aznalfarache;2012;Demandantes;Hombres;TOTAL;1713,99999997;
San Juan de Aznalfarache;2012;Demandantes;Mujeres;De 16 a 29 años;362;
San Juan de Aznalfarache;2012;Demandantes;Mujeres;De 30 a 44 años;723,83333333;
San Juan de Aznalfarache;2012;Demandantes;Mujeres;De 45 a 64 años;689,24999999;
San Juan de Aznalfarache;2012;Demandantes;Mujeres;TOTAL;1775,08333332;
San Juan de Aznalfarache;2012;Demandantes;Ambos sexos;De 16 a 29 años;735,00000001;
San Juan de Aznalfarache;2012;Demandantes;Ambos sexos;De 30 a 44 años;1480,66666663;
San Juan de Aznalfarache;2012;Demandantes;Ambos sexos;De 45 a 64 años;1273,41666665;
San Juan de Aznalfarache;2012;Demandantes;Ambos sexos;TOTAL;3489,08333329;
San Nicolás del Puerto;2010;Demandantes;Hombres;De 16 a 29 años;10,33333334;
San Nicolás del Puerto;2010;Demandantes;Hombres;De 30 a 44 años;9,25;
San Nicolás del Puerto;2010;Demandantes;Hombres;De 45 a 64 años;11,66666666;
San Nicolás del Puerto;2010;Demandantes;Hombres;TOTAL;31,25;
San Nicolás del Puerto;2010;Demandantes;Mujeres;De 16 a 29 años;5,66666666;
San Nicolás del Puerto;2010;Demandantes;Mujeres;De 30 a 44 años;8,49999999;
San Nicolás del Puerto;2010;Demandantes;Mujeres;De 45 a 64 años;5,58333333;
San Nicolás del Puerto;2010;Demandantes;Mujeres;TOTAL;19,74999998;
San Nicolás del Puerto;2010;Demandantes;Ambos sexos;De 16 a 29 años;16;
San Nicolás del Puerto;2010;Demandantes;Ambos sexos;De 30 a 44 años;17,74999999;
San Nicolás del Puerto;2010;Demandantes;Ambos sexos;De 45 a 64 años;17,24999999;
San Nicolás del Puerto;2010;Demandantes;Ambos sexos;TOTAL;50,99999998;
San Nicolás del Puerto;2011;Demandantes;Hombres;De 16 a 29 años;8,41666666;
San Nicolás del Puerto;2011;Demandantes;Hombres;De 30 a 44 años;9,83333333;
San Nicolás del Puerto;2011;Demandantes;Hombres;De 45 a 64 años;14,83333333;
San Nicolás del Puerto;2011;Demandantes;Hombres;TOTAL;33,08333332;
San Nicolás del Puerto;2011;Demandantes;Mujeres;De 16 a 29 años;7,74999999;
San Nicolás del Puerto;2011;Demandantes;Mujeres;De 30 a 44 años;9,24999999;
San Nicolás del Puerto;2011;Demandantes;Mujeres;De 45 a 64 años;6,25;
San Nicolás del Puerto;2011;Demandantes;Mujeres;TOTAL;23,24999998;
San Nicolás del Puerto;2011;Demandantes;Ambos sexos;De 16 a 29 años;16,16666665;
San Nicolás del Puerto;2011;Demandantes;Ambos sexos;De 30 a 44 años;19,08333332;
San Nicolás del Puerto;2011;Demandantes;Ambos sexos;De 45 a 64 años;21,08333333;
San Nicolás del Puerto;2011;Demandantes;Ambos sexos;TOTAL;56,3333333;
San Nicolás del Puerto;2012;Demandantes;Hombres;De 16 a 29 años;10,99999999;
San Nicolás del Puerto;2012;Demandantes;Hombres;De 30 a 44 años;11,66666667;
San Nicolás del Puerto;2012;Demandantes;Hombres;De 45 a 64 años;14,25;
San Nicolás del Puerto;2012;Demandantes;Hombres;TOTAL;36,91666666;
San Nicolás del Puerto;2012;Demandantes;Mujeres;De 16 a 29 años;11,33333334;
San Nicolás del Puerto;2012;Demandantes;Mujeres;De 30 a 44 años;9,74999999;
San Nicolás del Puerto;2012;Demandantes;Mujeres;De 45 a 64 años;11,74999999;
San Nicolás del Puerto;2012;Demandantes;Mujeres;TOTAL;32,83333332;
San Nicolás del Puerto;2012;Demandantes;Ambos sexos;De 16 a 29 años;22,33333333;
San Nicolás del Puerto;2012;Demandantes;Ambos sexos;De 30 a 44 años;21,41666666;
San Nicolás del Puerto;2012;Demandantes;Ambos sexos;De 45 a 64 años;25,99999999;
San Nicolás del Puerto;2012;Demandantes;Ambos sexos;TOTAL;69,74999998;
Sanlúcar la Mayor;2010;Demandantes;Hombres;De 16 a 29 años;197,83333334;
Sanlúcar la Mayor;2010;Demandantes;Hombres;De 30 a 44 años;301,91666668;
Sanlúcar la Mayor;2010;Demandantes;Hombres;De 45 a 64 años;217,41666667;
Sanlúcar la Mayor;2010;Demandantes;Hombres;TOTAL;717,16666669;
Sanlúcar la Mayor;2010;Demandantes;Mujeres;De 16 a 29 años;190,49999999;
Sanlúcar la Mayor;2010;Demandantes;Mujeres;De 30 a 44 años;375,58333336;
Sanlúcar la Mayor;2010;Demandantes;Mujeres;De 45 a 64 años;313,75;
Sanlúcar la Mayor;2010;Demandantes;Mujeres;TOTAL;879,83333335;
Sanlúcar la Mayor;2010;Demandantes;Ambos sexos;De 16 a 29 años;388,33333333;
Sanlúcar la Mayor;2010;Demandantes;Ambos sexos;De 30 a 44 años;677,50000004;
Sanlúcar la Mayor;2010;Demandantes;Ambos sexos;De 45 a 64 años;531,16666667;
Sanlúcar la Mayor;2010;Demandantes;Ambos sexos;TOTAL;1597,00000004;
Sanlúcar la Mayor;2011;Demandantes;Hombres;De 16 a 29 años;215,16666667;
Sanlúcar la Mayor;2011;Demandantes;Hombres;De 30 a 44 años;340;
Sanlúcar la Mayor;2011;Demandantes;Hombres;De 45 a 64 años;248,41666668;
Sanlúcar la Mayor;2011;Demandantes;Hombres;TOTAL;803,58333335;
Sanlúcar la Mayor;2011;Demandantes;Mujeres;De 16 a 29 años;193,5;
Sanlúcar la Mayor;2011;Demandantes;Mujeres;De 30 a 44 años;406,41666667;
Sanlúcar la Mayor;2011;Demandantes;Mujeres;De 45 a 64 años;344,33333334;
Sanlúcar la Mayor;2011;Demandantes;Mujeres;TOTAL;944,25000001;
Sanlúcar la Mayor;2011;Demandantes;Ambos sexos;De 16 a 29 años;408,66666667;
Sanlúcar la Mayor;2011;Demandantes;Ambos sexos;De 30 a 44 años;746,41666667;
Sanlúcar la Mayor;2011;Demandantes;Ambos sexos;De 45 a 64 años;592,75000002;
Sanlúcar la Mayor;2011;Demandantes;Ambos sexos;TOTAL;1747,83333336;
Sanlúcar la Mayor;2012;Demandantes;Hombres;De 16 a 29 años;238,41666665;
Sanlúcar la Mayor;2012;Demandantes;Hombres;De 30 a 44 años;404,91666667;
Sanlúcar la Mayor;2012;Demandantes;Hombres;De 45 a 64 años;310,33333332;
Sanlúcar la Mayor;2012;Demandantes;Hombres;TOTAL;953,66666664;
Sanlúcar la Mayor;2012;Demandantes;Mujeres;De 16 a 29 años;195,74999997;
Sanlúcar la Mayor;2012;Demandantes;Mujeres;De 30 a 44 años;451,66666665;
Sanlúcar la Mayor;2012;Demandantes;Mujeres;De 45 a 64 años;385,33333335;
Sanlúcar la Mayor;2012;Demandantes;Mujeres;TOTAL;1032,74999997;
Sanlúcar la Mayor;2012;Demandantes;Ambos sexos;De 16 a 29 años;434,16666662;
Sanlúcar la Mayor;2012;Demandantes;Ambos sexos;De 30 a 44 años;856,58333332;
Sanlúcar la Mayor;2012;Demandantes;Ambos sexos;De 45 a 64 años;695,66666667;
Sanlúcar la Mayor;2012;Demandantes;Ambos sexos;TOTAL;1986,41666661;
Santiponce;2010;Demandantes;Hombres;De 16 a 29 años;144,41666665;
Santiponce;2010;Demandantes;Hombres;De 30 a 44 años;213,75;
Santiponce;2010;Demandantes;Hombres;De 45 a 64 años;149,91666666;
Santiponce;2010;Demandantes;Hombres;TOTAL;508,08333331;
Santiponce;2010;Demandantes;Mujeres;De 16 a 29 años;110,08333332;
Santiponce;2010;Demandantes;Mujeres;De 30 a 44 años;280,25000003;
Santiponce;2010;Demandantes;Mujeres;De 45 a 64 años;236,74999999;
Santiponce;2010;Demandantes;Mujeres;TOTAL;627,08333334;
Santiponce;2010;Demandantes;Ambos sexos;De 16 a 29 años;254,49999997;
Santiponce;2010;Demandantes;Ambos sexos;De 30 a 44 años;494,00000003;
Santiponce;2010;Demandantes;Ambos sexos;De 45 a 64 años;386,66666665;
Santiponce;2010;Demandantes;Ambos sexos;TOTAL;1135,16666665;
Santiponce;2011;Demandantes;Hombres;De 16 a 29 años;151,33333335;
Santiponce;2011;Demandantes;Hombres;De 30 a 44 años;220,24999999;
Santiponce;2011;Demandantes;Hombres;De 45 a 64 años;162,24999999;
Santiponce;2011;Demandantes;Hombres;TOTAL;533,83333333;
Santiponce;2011;Demandantes;Mujeres;De 16 a 29 años;126,49999997;
Santiponce;2011;Demandantes;Mujeres;De 30 a 44 años;285,33333331;
Santiponce;2011;Demandantes;Mujeres;De 45 a 64 años;266,25;
Santiponce;2011;Demandantes;Mujeres;TOTAL;678,08333328;
Santiponce;2011;Demandantes;Ambos sexos;De 16 a 29 años;277,83333332;
Santiponce;2011;Demandantes;Ambos sexos;De 30 a 44 años;505,5833333;
Santiponce;2011;Demandantes;Ambos sexos;De 45 a 64 años;428,49999999;
Santiponce;2011;Demandantes;Ambos sexos;TOTAL;1211,91666661;
Santiponce;2012;Demandantes;Hombres;De 16 a 29 años;150,66666667;
Santiponce;2012;Demandantes;Hombres;De 30 a 44 años;263,66666665;
Santiponce;2012;Demandantes;Hombres;De 45 a 64 años;219,33333331;
Santiponce;2012;Demandantes;Hombres;TOTAL;633,66666663;
Santiponce;2012;Demandantes;Mujeres;De 16 a 29 años;139,25000001;
Santiponce;2012;Demandantes;Mujeres;De 30 a 44 años;309,16666668;
Santiponce;2012;Demandantes;Mujeres;De 45 a 64 años;306,91666667;
Santiponce;2012;Demandantes;Mujeres;TOTAL;755,33333336;
Santiponce;2012;Demandantes;Ambos sexos;De 16 a 29 años;289,91666668;
Santiponce;2012;Demandantes;Ambos sexos;De 30 a 44 años;572,83333333;
Santiponce;2012;Demandantes;Ambos sexos;De 45 a 64 años;526,24999998;
Santiponce;2012;Demandantes;Ambos sexos;TOTAL;1388,99999999;
Sevilla (capital);2010;Demandantes;Hombres;De 16 a 29 años;8563,41666667;
Sevilla (capital);2010;Demandantes;Hombres;De 30 a 44 años;13506,08333328;
Sevilla (capital);2010;Demandantes;Hombres;De 45 a 64 años;11368,41666663;
Sevilla (capital);2010;Demandantes;Hombres;TOTAL;33437,91666658;
Sevilla (capital);2010;Demandantes;Mujeres;De 16 a 29 años;7942,83333329;
Sevilla (capital);2010;Demandantes;Mujeres;De 30 a 44 años;16138,16666658;
Sevilla (capital);2010;Demandantes;Mujeres;De 45 a 64 años;16278,8333333;
Sevilla (capital);2010;Demandantes;Mujeres;TOTAL;40359,83333317;
Sevilla (capital);2010;Demandantes;Ambos sexos;De 16 a 29 años;16506,24999996;
Sevilla (capital);2010;Demandantes;Ambos sexos;De 30 a 44 años;29644,24999986;
Sevilla (capital);2010;Demandantes;Ambos sexos;De 45 a 64 años;27647,24999993;
Sevilla (capital);2010;Demandantes;Ambos sexos;TOTAL;73797,74999975;
Sevilla (capital);2011;Demandantes;Hombres;De 16 a 29 años;9072,24999996;
Sevilla (capital);2011;Demandantes;Hombres;De 30 a 44 años;13946,08333329;
Sevilla (capital);2011;Demandantes;Hombres;De 45 a 64 años;12809,33333332;
Sevilla (capital);2011;Demandantes;Hombres;TOTAL;35827,66666657;
Sevilla (capital);2011;Demandantes;Mujeres;De 16 a 29 años;8818,74999998;
Sevilla (capital);2011;Demandantes;Mujeres;De 30 a 44 años;17040,91666664;
Sevilla (capital);2011;Demandantes;Mujeres;De 45 a 64 años;17504,08333331;
Sevilla (capital);2011;Demandantes;Mujeres;TOTAL;43363,74999993;
Sevilla (capital);2011;Demandantes;Ambos sexos;De 16 a 29 años;17890,99999994;
Sevilla (capital);2011;Demandantes;Ambos sexos;De 30 a 44 años;30986,99999993;
Sevilla (capital);2011;Demandantes;Ambos sexos;De 45 a 64 años;30313,41666663;
Sevilla (capital);2011;Demandantes;Ambos sexos;TOTAL;79191,4166665;
Sevilla (capital);2012;Demandantes;Hombres;De 16 a 29 años;9521,91666665;
Sevilla (capital);2012;Demandantes;Hombres;De 30 a 44 años;15753,08333329;
Sevilla (capital);2012;Demandantes;Hombres;De 45 a 64 años;14999,8333333;
Sevilla (capital);2012;Demandantes;Hombres;TOTAL;40274,83333324;
Sevilla (capital);2012;Demandantes;Mujeres;De 16 a 29 años;9428,49999997;
Sevilla (capital);2012;Demandantes;Mujeres;De 30 a 44 años;18295,83333329;
Sevilla (capital);2012;Demandantes;Mujeres;De 45 a 64 años;19209,58333324;
Sevilla (capital);2012;Demandantes;Mujeres;TOTAL;46933,9166665;
Sevilla (capital);2012;Demandantes;Ambos sexos;De 16 a 29 años;18950,41666662;
Sevilla (capital);2012;Demandantes;Ambos sexos;De 30 a 44 años;34048,91666658;
Sevilla (capital);2012;Demandantes;Ambos sexos;De 45 a 64 años;34209,41666654;
Sevilla (capital);2012;Demandantes;Ambos sexos;TOTAL;87208,74999974;
Tocina;2010;Demandantes;Hombres;De 16 a 29 años;106,75000001;
Tocina;2010;Demandantes;Hombres;De 30 a 44 años;159,41666665;
Tocina;2010;Demandantes;Hombres;De 45 a 64 años;134,25000001;
Tocina;2010;Demandantes;Hombres;TOTAL;400,41666667;
Tocina;2010;Demandantes;Mujeres;De 16 a 29 años;66,08333332;
Tocina;2010;Demandantes;Mujeres;De 30 a 44 años;96,83333333;
Tocina;2010;Demandantes;Mujeres;De 45 a 64 años;55,25;
Tocina;2010;Demandantes;Mujeres;TOTAL;218,16666665;
Tocina;2010;Demandantes;Ambos sexos;De 16 a 29 años;172,83333333;
Tocina;2010;Demandantes;Ambos sexos;De 30 a 44 años;256,24999998;
Tocina;2010;Demandantes;Ambos sexos;De 45 a 64 años;189,50000001;
Tocina;2010;Demandantes;Ambos sexos;TOTAL;618,58333332;
Tocina;2011;Demandantes;Hombres;De 16 a 29 años;105,16666667;
Tocina;2011;Demandantes;Hombres;De 30 a 44 años;164,58333332;
Tocina;2011;Demandantes;Hombres;De 45 a 64 años;137,83333333;
Tocina;2011;Demandantes;Hombres;TOTAL;407,58333332;
Tocina;2011;Demandantes;Mujeres;De 16 a 29 años;86,41666666;
Tocina;2011;Demandantes;Mujeres;De 30 a 44 años;111,25000001;
Tocina;2011;Demandantes;Mujeres;De 45 a 64 años;61,25000001;
Tocina;2011;Demandantes;Mujeres;TOTAL;258,91666668;
Tocina;2011;Demandantes;Ambos sexos;De 16 a 29 años;191,58333333;
Tocina;2011;Demandantes;Ambos sexos;De 30 a 44 años;275,83333333;
Tocina;2011;Demandantes;Ambos sexos;De 45 a 64 años;199,08333334;
Tocina;2011;Demandantes;Ambos sexos;TOTAL;666,5;
Tocina;2012;Demandantes;Hombres;De 16 a 29 años;116,41666665;
Tocina;2012;Demandantes;Hombres;De 30 a 44 años;186,25;
Tocina;2012;Demandantes;Hombres;De 45 a 64 años;166,25;
Tocina;2012;Demandantes;Hombres;TOTAL;468,91666665;
Tocina;2012;Demandantes;Mujeres;De 16 a 29 años;117,24999999;
Tocina;2012;Demandantes;Mujeres;De 30 a 44 años;133,5;
Tocina;2012;Demandantes;Mujeres;De 45 a 64 años;88,24999999;
Tocina;2012;Demandantes;Mujeres;TOTAL;338,99999998;
Tocina;2012;Demandantes;Ambos sexos;De 16 a 29 años;233,66666664;
Tocina;2012;Demandantes;Ambos sexos;De 30 a 44 años;319,75;
Tocina;2012;Demandantes;Ambos sexos;De 45 a 64 años;254,49999999;
Tocina;2012;Demandantes;Ambos sexos;TOTAL;807,91666663;
Tomares;2010;Demandantes;Hombres;De 16 a 29 años;188,41666669;
Tomares;2010;Demandantes;Hombres;De 30 a 44 años;323;
Tomares;2010;Demandantes;Hombres;De 45 a 64 años;254,75000002;
Tomares;2010;Demandantes;Hombres;TOTAL;766,16666671;
Tomares;2010;Demandantes;Mujeres;De 16 a 29 años;174,25;
Tomares;2010;Demandantes;Mujeres;De 30 a 44 años;409,91666663;
Tomares;2010;Demandantes;Mujeres;De 45 a 64 años;373,66666667;
Tomares;2010;Demandantes;Mujeres;TOTAL;957,8333333;
Tomares;2010;Demandantes;Ambos sexos;De 16 a 29 años;362,66666669;
Tomares;2010;Demandantes;Ambos sexos;De 30 a 44 años;732,91666663;
Tomares;2010;Demandantes;Ambos sexos;De 45 a 64 años;628,41666669;
Tomares;2010;Demandantes;Ambos sexos;TOTAL;1724,00000001;
Tomares;2011;Demandantes;Hombres;De 16 a 29 años;180,25;
Tomares;2011;Demandantes;Hombres;De 30 a 44 años;328,58333331;
Tomares;2011;Demandantes;Hombres;De 45 a 64 años;282,58333333;
Tomares;2011;Demandantes;Hombres;TOTAL;791,41666664;
Tomares;2011;Demandantes;Mujeres;De 16 a 29 años;188;
Tomares;2011;Demandantes;Mujeres;De 30 a 44 años;427,33333334;
Tomares;2011;Demandantes;Mujeres;De 45 a 64 años;421,00000002;
Tomares;2011;Demandantes;Mujeres;TOTAL;1036,33333336;
Tomares;2011;Demandantes;Ambos sexos;De 16 a 29 años;368,25;
Tomares;2011;Demandantes;Ambos sexos;De 30 a 44 años;755,91666665;
Tomares;2011;Demandantes;Ambos sexos;De 45 a 64 años;703,58333335;
Tomares;2011;Demandantes;Ambos sexos;TOTAL;1827,75;
Tomares;2012;Demandantes;Hombres;De 16 a 29 años;211,83333334;
Tomares;2012;Demandantes;Hombres;De 30 a 44 años;389,41666666;
Tomares;2012;Demandantes;Hombres;De 45 a 64 años;340,33333334;
Tomares;2012;Demandantes;Hombres;TOTAL;941,58333334;
Tomares;2012;Demandantes;Mujeres;De 16 a 29 años;221,41666664;
Tomares;2012;Demandantes;Mujeres;De 30 a 44 años;533,58333334;
Tomares;2012;Demandantes;Mujeres;De 45 a 64 años;500,83333335;
Tomares;2012;Demandantes;Mujeres;TOTAL;1255,83333333;
Tomares;2012;Demandantes;Ambos sexos;De 16 a 29 años;433,24999998;
Tomares;2012;Demandantes;Ambos sexos;De 30 a 44 años;923;
Tomares;2012;Demandantes;Ambos sexos;De 45 a 64 años;841,16666669;
Tomares;2012;Demandantes;Ambos sexos;TOTAL;2197,41666667;
Umbrete;2010;Demandantes;Hombres;De 16 a 29 años;102,08333335;
Umbrete;2010;Demandantes;Hombres;De 30 a 44 años;229,66666666;
Umbrete;2010;Demandantes;Hombres;De 45 a 64 años;119,83333334;
Umbrete;2010;Demandantes;Hombres;TOTAL;451,58333335;
Umbrete;2010;Demandantes;Mujeres;De 16 a 29 años;110,00000001;
Umbrete;2010;Demandantes;Mujeres;De 30 a 44 años;230,5833333;
Umbrete;2010;Demandantes;Mujeres;De 45 a 64 años;141,00000001;
Umbrete;2010;Demandantes;Mujeres;TOTAL;481,58333332;
Umbrete;2010;Demandantes;Ambos sexos;De 16 a 29 años;212,08333336;
Umbrete;2010;Demandantes;Ambos sexos;De 30 a 44 años;460,24999996;
Umbrete;2010;Demandantes;Ambos sexos;De 45 a 64 años;260,83333335;
Umbrete;2010;Demandantes;Ambos sexos;TOTAL;933,16666667;
Umbrete;2011;Demandantes;Hombres;De 16 a 29 años;101,66666665;
Umbrete;2011;Demandantes;Hombres;De 30 a 44 años;241,08333333;
Umbrete;2011;Demandantes;Hombres;De 45 a 64 años;138,74999999;
Umbrete;2011;Demandantes;Hombres;TOTAL;481,49999997;
Umbrete;2011;Demandantes;Mujeres;De 16 a 29 años;116,58333335;
Umbrete;2011;Demandantes;Mujeres;De 30 a 44 años;236,24999998;
Umbrete;2011;Demandantes;Mujeres;De 45 a 64 años;148,49999999;
Umbrete;2011;Demandantes;Mujeres;TOTAL;501,33333332;
Umbrete;2011;Demandantes;Ambos sexos;De 16 a 29 años;218,25;
Umbrete;2011;Demandantes;Ambos sexos;De 30 a 44 años;477,33333331;
Umbrete;2011;Demandantes;Ambos sexos;De 45 a 64 años;287,24999998;
Umbrete;2011;Demandantes;Ambos sexos;TOTAL;982,83333329;
Umbrete;2012;Demandantes;Hombres;De 16 a 29 años;112,08333331;
Umbrete;2012;Demandantes;Hombres;De 30 a 44 años;262,58333331;
Umbrete;2012;Demandantes;Hombres;De 45 a 64 años;165,33333331;
Umbrete;2012;Demandantes;Hombres;TOTAL;539,99999993;
Umbrete;2012;Demandantes;Mujeres;De 16 a 29 años;122,41666666;
Umbrete;2012;Demandantes;Mujeres;De 30 a 44 años;267,83333332;
Umbrete;2012;Demandantes;Mujeres;De 45 a 64 años;158,24999999;
Umbrete;2012;Demandantes;Mujeres;TOTAL;548,49999997;
Umbrete;2012;Demandantes;Ambos sexos;De 16 a 29 años;234,49999997;
Umbrete;2012;Demandantes;Ambos sexos;De 30 a 44 años;530,41666663;
Umbrete;2012;Demandantes;Ambos sexos;De 45 a 64 años;323,5833333;
Umbrete;2012;Demandantes;Ambos sexos;TOTAL;1088,4999999;
Utrera;2010;Demandantes;Hombres;De 16 a 29 años;1057,83333332;
Utrera;2010;Demandantes;Hombres;De 30 a 44 años;1353,49999997;
Utrera;2010;Demandantes;Hombres;De 45 a 64 años;1048,83333332;
Utrera;2010;Demandantes;Hombres;TOTAL;3460,16666661;
Utrera;2010;Demandantes;Mujeres;De 16 a 29 años;815,24999999;
Utrera;2010;Demandantes;Mujeres;De 30 a 44 años;1491,5;
Utrera;2010;Demandantes;Mujeres;De 45 a 64 años;1310,24999999;
Utrera;2010;Demandantes;Mujeres;TOTAL;3616,99999998;
Utrera;2010;Demandantes;Ambos sexos;De 16 a 29 años;1873,08333331;
Utrera;2010;Demandantes;Ambos sexos;De 30 a 44 años;2844,99999997;
Utrera;2010;Demandantes;Ambos sexos;De 45 a 64 años;2359,08333331;
Utrera;2010;Demandantes;Ambos sexos;TOTAL;7077,16666659;
Utrera;2011;Demandantes;Hombres;De 16 a 29 años;1010,33333333;
Utrera;2011;Demandantes;Hombres;De 30 a 44 años;1401,33333334;
Utrera;2011;Demandantes;Hombres;De 45 a 64 años;1168,33333335;
Utrera;2011;Demandantes;Hombres;TOTAL;3580,00000002;
Utrera;2011;Demandantes;Mujeres;De 16 a 29 años;875,75;
Utrera;2011;Demandantes;Mujeres;De 30 a 44 años;1519;
Utrera;2011;Demandantes;Mujeres;De 45 a 64 años;1396,8333333;
Utrera;2011;Demandantes;Mujeres;TOTAL;3791,5833333;
Utrera;2011;Demandantes;Ambos sexos;De 16 a 29 años;1886,08333333;
Utrera;2011;Demandantes;Ambos sexos;De 30 a 44 años;2920,33333334;
Utrera;2011;Demandantes;Ambos sexos;De 45 a 64 años;2565,16666665;
Utrera;2011;Demandantes;Ambos sexos;TOTAL;7371,58333332;
Utrera;2012;Demandantes;Hombres;De 16 a 29 años;1101,91666667;
Utrera;2012;Demandantes;Hombres;De 30 a 44 años;1606,08333336;
Utrera;2012;Demandantes;Hombres;De 45 a 64 años;1422,08333334;
Utrera;2012;Demandantes;Hombres;TOTAL;4130,08333337;
Utrera;2012;Demandantes;Mujeres;De 16 a 29 años;1000,8333333;
Utrera;2012;Demandantes;Mujeres;De 30 a 44 años;1678,49999999;
Utrera;2012;Demandantes;Mujeres;De 45 a 64 años;1545,74999999;
Utrera;2012;Demandantes;Mujeres;TOTAL;4225,08333328;
Utrera;2012;Demandantes;Ambos sexos;De 16 a 29 años;2102,74999997;
Utrera;2012;Demandantes;Ambos sexos;De 30 a 44 años;3284,58333335;
Utrera;2012;Demandantes;Ambos sexos;De 45 a 64 años;2967,83333333;
Utrera;2012;Demandantes;Ambos sexos;TOTAL;8355,16666665;
Valencina de la Concepción;2010;Demandantes;Hombres;De 16 a 29 años;87,24999998;
Valencina de la Concepción;2010;Demandantes;Hombres;De 30 a 44 años;133,08333333;
Valencina de la Concepción;2010;Demandantes;Hombres;De 45 a 64 años;119,91666666;
Valencina de la Concepción;2010;Demandantes;Hombres;TOTAL;340,24999997;
Valencina de la Concepción;2010;Demandantes;Mujeres;De 16 a 29 años;64,58333333;
Valencina de la Concepción;2010;Demandantes;Mujeres;De 30 a 44 años;173,50000001;
Valencina de la Concepción;2010;Demandantes;Mujeres;De 45 a 64 años;156,50000001;
Valencina de la Concepción;2010;Demandantes;Mujeres;TOTAL;394,58333335;
Valencina de la Concepción;2010;Demandantes;Ambos sexos;De 16 a 29 años;151,83333331;
Valencina de la Concepción;2010;Demandantes;Ambos sexos;De 30 a 44 años;306,58333334;
Valencina de la Concepción;2010;Demandantes;Ambos sexos;De 45 a 64 años;276,41666667;
Valencina de la Concepción;2010;Demandantes;Ambos sexos;TOTAL;734,83333332;
Valencina de la Concepción;2011;Demandantes;Hombres;De 16 a 29 años;92,50000001;
Valencina de la Concepción;2011;Demandantes;Hombres;De 30 a 44 años;140,99999998;
Valencina de la Concepción;2011;Demandantes;Hombres;De 45 a 64 años;137,58333333;
Valencina de la Concepción;2011;Demandantes;Hombres;TOTAL;371,08333332;
Valencina de la Concepción;2011;Demandantes;Mujeres;De 16 a 29 años;82,75000002;
Valencina de la Concepción;2011;Demandantes;Mujeres;De 30 a 44 años;174,16666666;
Valencina de la Concepción;2011;Demandantes;Mujeres;De 45 a 64 años;176,16666666;
Valencina de la Concepción;2011;Demandantes;Mujeres;TOTAL;433,08333334;
Valencina de la Concepción;2011;Demandantes;Ambos sexos;De 16 a 29 años;175,25000003;
Valencina de la Concepción;2011;Demandantes;Ambos sexos;De 30 a 44 años;315,16666664;
Valencina de la Concepción;2011;Demandantes;Ambos sexos;De 45 a 64 años;313,74999999;
Valencina de la Concepción;2011;Demandantes;Ambos sexos;TOTAL;804,16666666;
Valencina de la Concepción;2012;Demandantes;Hombres;De 16 a 29 años;108,41666666;
Valencina de la Concepción;2012;Demandantes;Hombres;De 30 a 44 años;148,08333336;
Valencina de la Concepción;2012;Demandantes;Hombres;De 45 a 64 años;178,66666666;
Valencina de la Concepción;2012;Demandantes;Hombres;TOTAL;435,16666668;
Valencina de la Concepción;2012;Demandantes;Mujeres;De 16 a 29 años;86,41666665;
Valencina de la Concepción;2012;Demandantes;Mujeres;De 30 a 44 años;202,08333331;
Valencina de la Concepción;2012;Demandantes;Mujeres;De 45 a 64 años;211,08333335;
Valencina de la Concepción;2012;Demandantes;Mujeres;TOTAL;499,58333331;
Valencina de la Concepción;2012;Demandantes;Ambos sexos;De 16 a 29 años;194,83333331;
Valencina de la Concepción;2012;Demandantes;Ambos sexos;De 30 a 44 años;350,16666667;
Valencina de la Concepción;2012;Demandantes;Ambos sexos;De 45 a 64 años;389,75000001;
Valencina de la Concepción;2012;Demandantes;Ambos sexos;TOTAL;934,74999999;
Villamanrique de la Condesa;2010;Demandantes;Hombres;De 16 a 29 años;43,08333334;
Villamanrique de la Condesa;2010;Demandantes;Hombres;De 30 a 44 años;73,33333333;
Villamanrique de la Condesa;2010;Demandantes;Hombres;De 45 a 64 años;37,16666667;
Villamanrique de la Condesa;2010;Demandantes;Hombres;TOTAL;153,58333334;
Villamanrique de la Condesa;2010;Demandantes;Mujeres;De 16 a 29 años;23,91666668;
Villamanrique de la Condesa;2010;Demandantes;Mujeres;De 30 a 44 años;42,25;
Villamanrique de la Condesa;2010;Demandantes;Mujeres;De 45 a 64 años;18,33333331;
Villamanrique de la Condesa;2010;Demandantes;Mujeres;TOTAL;84,49999999;
Villamanrique de la Condesa;2010;Demandantes;Ambos sexos;De 16 a 29 años;67,00000002;
Villamanrique de la Condesa;2010;Demandantes;Ambos sexos;De 30 a 44 años;115,58333333;
Villamanrique de la Condesa;2010;Demandantes;Ambos sexos;De 45 a 64 años;55,49999998;
Villamanrique de la Condesa;2010;Demandantes;Ambos sexos;TOTAL;238,08333333;
Villamanrique de la Condesa;2011;Demandantes;Hombres;De 16 a 29 años;34,16666666;
Villamanrique de la Condesa;2011;Demandantes;Hombres;De 30 a 44 años;80,16666666;
Villamanrique de la Condesa;2011;Demandantes;Hombres;De 45 a 64 años;44,25;
Villamanrique de la Condesa;2011;Demandantes;Hombres;TOTAL;158,58333332;
Villamanrique de la Condesa;2011;Demandantes;Mujeres;De 16 a 29 años;40,16666665;
Villamanrique de la Condesa;2011;Demandantes;Mujeres;De 30 a 44 años;47,99999998;
Villamanrique de la Condesa;2011;Demandantes;Mujeres;De 45 a 64 años;22,58333334;
Villamanrique de la Condesa;2011;Demandantes;Mujeres;TOTAL;110,74999997;
Villamanrique de la Condesa;2011;Demandantes;Ambos sexos;De 16 a 29 años;74,33333331;
Villamanrique de la Condesa;2011;Demandantes;Ambos sexos;De 30 a 44 años;128,16666664;
Villamanrique de la Condesa;2011;Demandantes;Ambos sexos;De 45 a 64 años;66,83333334;
Villamanrique de la Condesa;2011;Demandantes;Ambos sexos;TOTAL;269,33333329;
Villamanrique de la Condesa;2012;Demandantes;Hombres;De 16 a 29 años;38,74999998;
Villamanrique de la Condesa;2012;Demandantes;Hombres;De 30 a 44 años;74,24999999;
Villamanrique de la Condesa;2012;Demandantes;Hombres;De 45 a 64 años;51,75;
Villamanrique de la Condesa;2012;Demandantes;Hombres;TOTAL;164,74999997;
Villamanrique de la Condesa;2012;Demandantes;Mujeres;De 16 a 29 años;49,33333333;
Villamanrique de la Condesa;2012;Demandantes;Mujeres;De 30 a 44 años;61,58333336;
Villamanrique de la Condesa;2012;Demandantes;Mujeres;De 45 a 64 años;22,58333334;
Villamanrique de la Condesa;2012;Demandantes;Mujeres;TOTAL;133,50000003;
Villamanrique de la Condesa;2012;Demandantes;Ambos sexos;De 16 a 29 años;88,08333331;
Villamanrique de la Condesa;2012;Demandantes;Ambos sexos;De 30 a 44 años;135,83333335;
Villamanrique de la Condesa;2012;Demandantes;Ambos sexos;De 45 a 64 años;74,33333334;
Villamanrique de la Condesa;2012;Demandantes;Ambos sexos;TOTAL;298,25;
Villanueva de San Juan;2010;Demandantes;Hombres;De 16 a 29 años;12,75000001;
Villanueva de San Juan;2010;Demandantes;Hombres;De 30 a 44 años;21,33333332;
Villanueva de San Juan;2010;Demandantes;Hombres;De 45 a 64 años;19,75000001;
Villanueva de San Juan;2010;Demandantes;Hombres;TOTAL;53,83333334;
Villanueva de San Juan;2010;Demandantes;Mujeres;De 16 a 29 años;13,16666665;
Villanueva de San Juan;2010;Demandantes;Mujeres;De 30 a 44 años;10,08333333;
Villanueva de San Juan;2010;Demandantes;Mujeres;De 45 a 64 años;8,33333333;
Villanueva de San Juan;2010;Demandantes;Mujeres;TOTAL;31,58333331;
Villanueva de San Juan;2010;Demandantes;Ambos sexos;De 16 a 29 años;25,91666666;
Villanueva de San Juan;2010;Demandantes;Ambos sexos;De 30 a 44 años;31,41666665;
Villanueva de San Juan;2010;Demandantes;Ambos sexos;De 45 a 64 años;28,08333334;
Villanueva de San Juan;2010;Demandantes;Ambos sexos;TOTAL;85,41666665;
Villanueva de San Juan;2011;Demandantes;Hombres;De 16 a 29 años;12,5;
Villanueva de San Juan;2011;Demandantes;Hombres;De 30 a 44 años;19,16666668;
Villanueva de San Juan;2011;Demandantes;Hombres;De 45 a 64 años;24,66666667;
Villanueva de San Juan;2011;Demandantes;Hombres;TOTAL;56,33333335;
Villanueva de San Juan;2011;Demandantes;Mujeres;De 16 a 29 años;15,91666667;
Villanueva de San Juan;2011;Demandantes;Mujeres;De 30 a 44 años;8,41666667;
Villanueva de San Juan;2011;Demandantes;Mujeres;De 45 a 64 años;6,5;
Villanueva de San Juan;2011;Demandantes;Mujeres;TOTAL;30,83333334;
Villanueva de San Juan;2011;Demandantes;Ambos sexos;De 16 a 29 años;28,41666667;
Villanueva de San Juan;2011;Demandantes;Ambos sexos;De 30 a 44 años;27,58333335;
Villanueva de San Juan;2011;Demandantes;Ambos sexos;De 45 a 64 años;31,16666667;
Villanueva de San Juan;2011;Demandantes;Ambos sexos;TOTAL;87,16666669;
Villanueva de San Juan;2012;Demandantes;Hombres;De 16 a 29 años;18,99999999;
Villanueva de San Juan;2012;Demandantes;Hombres;De 30 a 44 años;19,08333335;
Villanueva de San Juan;2012;Demandantes;Hombres;De 45 a 64 años;26,5;
Villanueva de San Juan;2012;Demandantes;Hombres;TOTAL;64,58333334;
Villanueva de San Juan;2012;Demandantes;Mujeres;De 16 a 29 años;22,08333332;
Villanueva de San Juan;2012;Demandantes;Mujeres;De 30 a 44 años;10,08333332;
Villanueva de San Juan;2012;Demandantes;Mujeres;De 45 a 64 años;7,75;
Villanueva de San Juan;2012;Demandantes;Mujeres;TOTAL;39,91666664;
Villanueva de San Juan;2012;Demandantes;Ambos sexos;De 16 a 29 años;41,08333331;
Villanueva de San Juan;2012;Demandantes;Ambos sexos;De 30 a 44 años;29,16666667;
Villanueva de San Juan;2012;Demandantes;Ambos sexos;De 45 a 64 años;34,25;
Villanueva de San Juan;2012;Demandantes;Ambos sexos;TOTAL;104,49999998;
Villanueva del Ariscal;2010;Demandantes;Hombres;De 16 a 29 años;74,41666666;
Villanueva del Ariscal;2010;Demandantes;Hombres;De 30 a 44 años;149,0833333;
Villanueva del Ariscal;2010;Demandantes;Hombres;De 45 a 64 años;125,08333334;
Villanueva del Ariscal;2010;Demandantes;Hombres;TOTAL;348,5833333;
Villanueva del Ariscal;2010;Demandantes;Mujeres;De 16 a 29 años;60,33333334;
Villanueva del Ariscal;2010;Demandantes;Mujeres;De 30 a 44 años;190,08333333;
Villanueva del Ariscal;2010;Demandantes;Mujeres;De 45 a 64 años;185,66666668;
Villanueva del Ariscal;2010;Demandantes;Mujeres;TOTAL;436,08333335;
Villanueva del Ariscal;2010;Demandantes;Ambos sexos;De 16 a 29 años;134,75;
Villanueva del Ariscal;2010;Demandantes;Ambos sexos;De 30 a 44 años;339,16666663;
Villanueva del Ariscal;2010;Demandantes;Ambos sexos;De 45 a 64 años;310,75000002;
Villanueva del Ariscal;2010;Demandantes;Ambos sexos;TOTAL;784,66666665;
Villanueva del Ariscal;2011;Demandantes;Hombres;De 16 a 29 años;75,58333333;
Villanueva del Ariscal;2011;Demandantes;Hombres;De 30 a 44 años;177,83333331;
Villanueva del Ariscal;2011;Demandantes;Hombres;De 45 a 64 años;146,66666669;
Villanueva del Ariscal;2011;Demandantes;Hombres;TOTAL;400,08333333;
Villanueva del Ariscal;2011;Demandantes;Mujeres;De 16 a 29 años;66,49999999;
Villanueva del Ariscal;2011;Demandantes;Mujeres;De 30 a 44 años;194,41666667;
Villanueva del Ariscal;2011;Demandantes;Mujeres;De 45 a 64 años;201,66666666;
Villanueva del Ariscal;2011;Demandantes;Mujeres;TOTAL;462,58333332;
Villanueva del Ariscal;2011;Demandantes;Ambos sexos;De 16 a 29 años;142,08333332;
Villanueva del Ariscal;2011;Demandantes;Ambos sexos;De 30 a 44 años;372,24999998;
Villanueva del Ariscal;2011;Demandantes;Ambos sexos;De 45 a 64 años;348,33333335;
Villanueva del Ariscal;2011;Demandantes;Ambos sexos;TOTAL;862,66666665;
Villanueva del Ariscal;2012;Demandantes;Hombres;De 16 a 29 años;83,08333334;
Villanueva del Ariscal;2012;Demandantes;Hombres;De 30 a 44 años;204,58333332;
Villanueva del Ariscal;2012;Demandantes;Hombres;De 45 a 64 años;167,58333334;
Villanueva del Ariscal;2012;Demandantes;Hombres;TOTAL;455,25;
Villanueva del Ariscal;2012;Demandantes;Mujeres;De 16 a 29 años;76,66666667;
Villanueva del Ariscal;2012;Demandantes;Mujeres;De 30 a 44 años;213,74999999;
Villanueva del Ariscal;2012;Demandantes;Mujeres;De 45 a 64 años;225,99999999;
Villanueva del Ariscal;2012;Demandantes;Mujeres;TOTAL;516,41666665;
Villanueva del Ariscal;2012;Demandantes;Ambos sexos;De 16 a 29 años;159,75000001;
Villanueva del Ariscal;2012;Demandantes;Ambos sexos;De 30 a 44 años;418,33333331;
Villanueva del Ariscal;2012;Demandantes;Ambos sexos;De 45 a 64 años;393,58333333;
Villanueva del Ariscal;2012;Demandantes;Ambos sexos;TOTAL;971,66666665;
Villanueva del Río y Minas;2010;Demandantes;Hombres;De 16 a 29 años;79;
Villanueva del Río y Minas;2010;Demandantes;Hombres;De 30 a 44 años;121,58333335;
Villanueva del Río y Minas;2010;Demandantes;Hombres;De 45 a 64 años;103,08333335;
Villanueva del Río y Minas;2010;Demandantes;Hombres;TOTAL;303,6666667;
Villanueva del Río y Minas;2010;Demandantes;Mujeres;De 16 a 29 años;87,41666666;
Villanueva del Río y Minas;2010;Demandantes;Mujeres;De 30 a 44 años;84,16666668;
Villanueva del Río y Minas;2010;Demandantes;Mujeres;De 45 a 64 años;87,66666667;
Villanueva del Río y Minas;2010;Demandantes;Mujeres;TOTAL;259,25000001;
Villanueva del Río y Minas;2010;Demandantes;Ambos sexos;De 16 a 29 años;166,41666666;
Villanueva del Río y Minas;2010;Demandantes;Ambos sexos;De 30 a 44 años;205,75000003;
Villanueva del Río y Minas;2010;Demandantes;Ambos sexos;De 45 a 64 años;190,75000002;
Villanueva del Río y Minas;2010;Demandantes;Ambos sexos;TOTAL;562,91666671;
Villanueva del Río y Minas;2011;Demandantes;Hombres;De 16 a 29 años;85,75000002;
Villanueva del Río y Minas;2011;Demandantes;Hombres;De 30 a 44 años;117,33333332;
Villanueva del Río y Minas;2011;Demandantes;Hombres;De 45 a 64 años;121;
Villanueva del Río y Minas;2011;Demandantes;Hombres;TOTAL;324,08333334;
Villanueva del Río y Minas;2011;Demandantes;Mujeres;De 16 a 29 años;75,91666666;
Villanueva del Río y Minas;2011;Demandantes;Mujeres;De 30 a 44 años;83,41666667;
Villanueva del Río y Minas;2011;Demandantes;Mujeres;De 45 a 64 años;98,16666667;
Villanueva del Río y Minas;2011;Demandantes;Mujeres;TOTAL;257,5;
Villanueva del Río y Minas;2011;Demandantes;Ambos sexos;De 16 a 29 años;161,66666668;
Villanueva del Río y Minas;2011;Demandantes;Ambos sexos;De 30 a 44 años;200,74999999;
Villanueva del Río y Minas;2011;Demandantes;Ambos sexos;De 45 a 64 años;219,16666667;
Villanueva del Río y Minas;2011;Demandantes;Ambos sexos;TOTAL;581,58333334;
Villanueva del Río y Minas;2012;Demandantes;Hombres;De 16 a 29 años;94,91666666;
Villanueva del Río y Minas;2012;Demandantes;Hombres;De 30 a 44 años;125,50000001;
Villanueva del Río y Minas;2012;Demandantes;Hombres;De 45 a 64 años;145,33333334;
Villanueva del Río y Minas;2012;Demandantes;Hombres;TOTAL;365,75000001;
Villanueva del Río y Minas;2012;Demandantes;Mujeres;De 16 a 29 años;84,33333335;
Villanueva del Río y Minas;2012;Demandantes;Mujeres;De 30 a 44 años;102,66666666;
Villanueva del Río y Minas;2012;Demandantes;Mujeres;De 45 a 64 años;119,83333334;
Villanueva del Río y Minas;2012;Demandantes;Mujeres;TOTAL;306,83333335;
Villanueva del Río y Minas;2012;Demandantes;Ambos sexos;De 16 a 29 años;179,25000001;
Villanueva del Río y Minas;2012;Demandantes;Ambos sexos;De 30 a 44 años;228,16666667;
Villanueva del Río y Minas;2012;Demandantes;Ambos sexos;De 45 a 64 años;265,16666668;
Villanueva del Río y Minas;2012;Demandantes;Ambos sexos;TOTAL;672,58333336;
Villaverde del Río;2010;Demandantes;Hombres;De 16 a 29 años;120,41666667;
Villaverde del Río;2010;Demandantes;Hombres;De 30 a 44 años;195,25000001;
Villaverde del Río;2010;Demandantes;Hombres;De 45 a 64 años;110,33333334;
Villaverde del Río;2010;Demandantes;Hombres;TOTAL;426,00000002;
Villaverde del Río;2010;Demandantes;Mujeres;De 16 a 29 años;67,08333334;
Villaverde del Río;2010;Demandantes;Mujeres;De 30 a 44 años;107,83333331;
Villaverde del Río;2010;Demandantes;Mujeres;De 45 a 64 años;47,25000002;
Villaverde del Río;2010;Demandantes;Mujeres;TOTAL;222,16666667;
Villaverde del Río;2010;Demandantes;Ambos sexos;De 16 a 29 años;187,50000001;
Villaverde del Río;2010;Demandantes;Ambos sexos;De 30 a 44 años;303,08333332;
Villaverde del Río;2010;Demandantes;Ambos sexos;De 45 a 64 años;157,58333336;
Villaverde del Río;2010;Demandantes;Ambos sexos;TOTAL;648,16666669;
Villaverde del Río;2011;Demandantes;Hombres;De 16 a 29 años;114,08333334;
Villaverde del Río;2011;Demandantes;Hombres;De 30 a 44 años;205,58333331;
Villaverde del Río;2011;Demandantes;Hombres;De 45 a 64 años;123,75000001;
Villaverde del Río;2011;Demandantes;Hombres;TOTAL;443,41666666;
Villaverde del Río;2011;Demandantes;Mujeres;De 16 a 29 años;77,66666667;
Villaverde del Río;2011;Demandantes;Mujeres;De 30 a 44 años;110,75000002;
Villaverde del Río;2011;Demandantes;Mujeres;De 45 a 64 años;58,66666667;
Villaverde del Río;2011;Demandantes;Mujeres;TOTAL;247,08333336;
Villaverde del Río;2011;Demandantes;Ambos sexos;De 16 a 29 años;191,75000001;
Villaverde del Río;2011;Demandantes;Ambos sexos;De 30 a 44 años;316,33333333;
Villaverde del Río;2011;Demandantes;Ambos sexos;De 45 a 64 años;182,41666668;
Villaverde del Río;2011;Demandantes;Ambos sexos;TOTAL;690,50000002;
Villaverde del Río;2012;Demandantes;Hombres;De 16 a 29 años;127,91666665;
Villaverde del Río;2012;Demandantes;Hombres;De 30 a 44 años;220;
Villaverde del Río;2012;Demandantes;Hombres;De 45 a 64 años;137,0833333;
Villaverde del Río;2012;Demandantes;Hombres;TOTAL;484,99999995;
Villaverde del Río;2012;Demandantes;Mujeres;De 16 a 29 años;105,41666667;
Villaverde del Río;2012;Demandantes;Mujeres;De 30 a 44 años;129,41666668;
Villaverde del Río;2012;Demandantes;Mujeres;De 45 a 64 años;68,25000001;
Villaverde del Río;2012;Demandantes;Mujeres;TOTAL;303,08333336;
Villaverde del Río;2012;Demandantes;Ambos sexos;De 16 a 29 años;233,33333332;
Villaverde del Río;2012;Demandantes;Ambos sexos;De 30 a 44 años;349,41666668;
Villaverde del Río;2012;Demandantes;Ambos sexos;De 45 a 64 años;205,33333331;
Villaverde del Río;2012;Demandantes;Ambos sexos;TOTAL;788,08333331;
